99 52 -7137716
99 52 -7137716
99 52 -7137716
99 52 -7137716
99 52 -7137716
99 52 -7137716
99 52 -7137716
99 52 -7137716
99 52 -7137716
99 52 -7137716
99 52 -7137716
99 52 -7137716
99 52 -7137716
99 52 -7137716
99 52 -7137716
99 52 -7137716
99 52 -7137716
99 52 -7137716
99 52 -7137716
99 52 -7137716
99 52 -7137716
99 52 -7137716
99 52 -7137716
99 52 -7137716
99 52 -7137716
99 52 -7137716
99 52 -7137716
99 52 -7137716
99 52 -7137716
99 52 -7137716
99 52 -7137716
99 52 -7137716
99 52 -7137716
99 52 -7137716
99 52 -7137716
99 52 -7137716
99 52 -7137716
99 52 -7137716
99 52 -7137716
99 52 -7137716
99 52 -7137716
99 52 -7137716
99 52 -7137716
99 52 -7137716
99 52 -7137716
99 52 -7137716
99 52 -7137716
99 52 -7137716
99 52 -7137716
99 52 -7137716
99 52 -7137716
99 52 -7137716
99 52 -7137716
99 52 -7137716
99 52 -7137716
99 52 -7137716
99 52 -7137716
99 52 -7137716
99 52 -7137716
99 52 -7137716
99 52 -7137716
99 52 -7137716
99 52 -7137716
99 52 -7137716
99 52 -7137716
99 52 -7137716
99 52 -7137716
99 52 -7137716
99 52 -7137716
99 52 -7137716
99 52 -7137716
99 52 -7137716
99 52 -7137716
99 52 -7137716
99 52 -7137716
99 52 -7137716
99 52 -7137716
99 52 -7137716
99 52 -7137716
99 52 -7137716
99 52 -7137716
99 52 -7137716
99 52 -7137716
99 52 -7137716
99 52 -7137716
99 52 -7137716
99 52 -7137716
99 52 -7137716
99 52 -7137716
99 52 -7137716
99 52 -7137716
