99 150 -7137716
33 25
94 51
71 20
73 96
51 39
75 23
83 39
53 80
93 39
41 71
96 10
93 50
26 2
19 25
5 63
79 9
58 92
53 82
24 31
28 50
16 63
24 63
43 57
34 81
33 82
37 65
18 64
72 83
26 36
14 11
1 13
34 55
83 71
17 9
38 4
51 25
72 96
18 75
89 21
83 35
72 8
92 26
88 22
15 5
13 91
53 29
26 23
12 2
56 36
78 93
99 16
73 18
93 44
29 43
67 80
14 4
39 4
39 87
53 30
75 7
4 77
51 89
24 48
97 70
4 98
76 77
69 49
91 37
77 62
72 90
45 9
13 99
76 65
47 81
96 66
45 4
40 69
46 14
61 89
70 94
51 68
19 27
49 8
88 71
61 55
35 6
17 74
32 30
3 82
67 95
85 54
52 38
1 59
85 29
86 47
42 88
41 84
60 69
99 39
9 35
32 21
78 85
2 86
88 30
95 30
92 24
77 68
47 56
45 61
99 41
73 33
31 65
49 53
68 75
29 39
40 26
60 83
21 25
66 67
33 73
58 38
69 52
88 83
71 30
16 47
96 30
31 58
91 57
11 96
15 73
52 99
99 31
49 13
41 24
31 61
31 82
13 60
13 22
32 32
80 38
2 97
87 35
33 20
81 6
2 8
44 28
89 20
67 19
96 25
66 13
