5
1200
43 567
601 681
960 326
271 437
1034 603
440 149
852 149
743 1088
995 17
602 650
961 10
1069 1159
321 528
186 915
700 814
1083 459
814 416
388 1190
64 617
928 1134
421 83
949 940
130 955
341 607
958 581
784 290
1155 540
572 112
259 751
1056 303
833 1008
595 182
110 25
1114 442
368 201
203 232
835 476
877 473
45 719
59 623
471 108
347 435
452 335
806 89
995 890
357 999
898 885
528 1009
487 728
965 1144
550 184
612 319
586 12
764 822
647 1170
978 367
355 622
260 520
1093 498
480 764
809 1176
1019 715
962 170
792 557
1181 432
391 339
645 513
314 912
550 867
251 1164
1093 267
935 251
166 997
1174 637
725 282
901 155
1003 1085
1104 1169
701 436
753 269
894 589
349 765
191 644
197 854
486 231
432 554
1136 764
544 417
957 1105
366 331
1098 1178
190 436
263 213
714 252
310 506
650 121
563 114
693 1035
744 314
904 861
127 948
717 518
519 254
432 1063
738 1170
1065 794
970 1105
1085 1039
53 296
710 722
30 626
237 1142
459 777
855 947
409 477
552 649
447 272
56 851
448 457
254 743
150 782
1001 32
289 774
309 201
1046 592
147 361
575 1090
81 566
347 873
564 287
973 757
342 353
422 844
1076 155
1131 581
1124 948
1175 669
430 267
104 164
445 540
89 1098
526 886
927 690
1000 570
198 850
65 515
761 614
845 152
748 1006
931 906
1050 738
260 331
320 1077
57 983
133 594
313 1108
866 270
41 352
478 75
717 1077
369 956
884 1155
689 89
1014 77
1045 630
420 1066
884 597
370 921
1056 1094
580 142
615 492
928 121
988 268
558 212
1154 837
760 834
760 1002
524 486
82 1120
440 1004
362 48
504 109
279 1127
1039 318
170 930
230 736
16 842
247 337
785 334
116 1160
719 1163
416 468
631 107
766 1050
886 423
539 1015
93 671
352 228
614 149
323 482
921 118
487 267
18 608
458 485
260 654
376 481
236 200
648 211
1006 1039
1068 335
409 14
873 341
750 602
1110 355
333 508
493 74
968 918
870 392
736 1166
1128 1002
977 524
298 930
1055 324
279 955
584 771
798 953
699 597
291 804
509 1104
1121 185
494 905
1148 59
516 222
240 250
420 176
1154 594
398 834
424 31
115 454
663 1044
1013 1199
782 156
1046 449
58 196
434 677
1146 582
419 758
296 435
698 726
575 1048
616 529
535 147
737 948
742 255
1051 922
14 232
172 511
1000 540
623 1041
1109 249
841 302
637 804
890 642
910 1057
211 1032
26 354
839 744
511 965
450 894
673 875
683 914
761 810
128 309
371 865
362 478
180 791
723 592
763 997
562 633
81 992
1152 714
943 741
577 630
1106 16
74 655
1097 608
1082 1172
161 222
690 542
751 1050
125 348
846 717
957 1071
214 1064
253 254
51 172
157 670
62 238
76 39
155 766
852 119
86 305
515 772
382 1059
1131 434
951 177
96 863
390 514
306 619
612 816
1157 1039
607 646
566 809
840 340
476 752
494 27
1044 102
1190 264
865 1091
916 654
996 1103
1010 436
414 602
1054 444
280 417
981 513
225 793
908 458
1048 1069
59 30
802 476
962 1112
730 320
209 288
1117 787
320 155
613 773
77 79
779 478
121 210
997 705
579 878
952 832
971 74
811 287
940 366
329 1073
236 826
976 40
486 859
329 782
335 1193
38 504
1105 458
213 597
743 210
770 190
168 429
67 736
579 458
923 950
732 1079
389 955
95 552
222 293
448 72
399 667
670 618
182 271
1040 394
56 164
152 605
1177 481
338 1027
539 91
129 974
502 52
436 31
106 442
964 736
891 396
658 172
111 1016
617 460
409 352
189 938
226 583
30 540
449 439
603 5
839 666
430 826
814 567
1032 237
964 1098
179 1159
922 214
893 359
551 447
643 758
123 124
492 540
960 1004
657 192
568 824
904 376
222 272
889 1154
1192 100
801 167
1085 317
806 1111
242 322
748 740
468 661
293 695
624 823
736 506
1193 40
416 657
674 233
117 537
397 141
738 564
1092 1003
295 906
828 397
168 115
151 374
305 148
1022 217
142 672
454 564
1154 1073
1071 937
954 562
773 168
989 489
1052 959
682 192
149 838
1066 1154
1073 189
213 502
1178 259
259 958
221 1161
194 438
457 836
1095 764
7 591
60 582
1150 715
743 100
250 1094
742 515
1090 91
172 1177
150 989
372 816
1085 1199
460 261
701 169
1177 836
667 162
393 739
210 692
102 95
1079 722
495 795
270 820
1150 952
590 107
754 376
90 540
210 930
911 768
611 482
797 578
796 604
471 853
460 1121
597 652
130 1097
612 396
886 816
1067 958
239 377
1142 142
679 216
465 844
1139 907
832 15
797 892
910 958
496 1131
143 255
691 635
695 218
85 1045
1133 1084
74 789
525 535
544 306
200 929
241 1100
290 80
502 188
350 271
863 675
800 1186
916 98
424 955
799 893
564 274
906 38
895 602
944 352
73 615
721 1182
385 843
1102 324
318 647
41 891
15 518
752 602
1023 259
91 114
468 852
439 228
1096 1049
1125 493
1156 1009
966 637
719 1173
1140 1146
453 151
450 704
135 303
641 680
998 521
308 956
942 899
859 241
1131 1048
642 911
216 611
569 287
1052 482
218 881
1196 371
704 875
435 752
773 780
348 1191
758 14
268 756
798 314
351 696
957 1150
399 114
438 1114
635 457
950 726
321 1021
966 845
209 233
112 235
422 356
203 732
110 1001
655 897
402 1006
453 188
901 442
615 137
1190 637
303 87
986 1153
792 604
656 474
982 51
742 335
436 1192
887 1130
102 473
244 451
935 467
1185 616
1028 284
702 364
1064 1065
527 677
599 181
1086 834
615 697
362 163
466 472
738 5
990 484
1115 1041
582 1031
9 612
419 675
952 578
191 785
274 50
785 973
340 388
1045 653
1095 744
587 1190
1063 428
191 384
1021 7
694 755
973 815
491 1183
240 576
242 342
224 803
72 331
986 1107
629 1
926 1042
805 327
537 1029
69 592
855 554
152 300
369 762
418 736
814 1071
1107 381
342 847
580 417
65 917
1024 558
689 1021
889 784
89 823
898 53
209 968
463 60
956 1001
287 131
987 87
52 1037
934 232
1077 369
1106 409
555 685
331 485
352 943
957 584
948 352
210 727
997 400
267 977
910 925
740 535
437 1022
375 815
1 450
320 983
486 285
1136 674
968 425
191 47
699 920
479 409
295 765
1048 1185
26 344
279 518
629 135
587 810
812 311
880 642
737 533
482 855
408 136
729 107
93 78
1002 1149
619 28
14 121
517 247
311 1004
143 569
715 695
1139 754
669 216
142 167
977 530
791 66
912 760
585 52
997 637
26 529
982 541
661 757
62 906
1200 944
96 699
219 948
556 924
677 656
488 246
112 467
1095 49
886 875
778 262
439 136
533 897
868 981
573 1051
297 600
706 1057
611 583
394 109
641 393
262 280
574 640
184 145
811 728
151 56
84 819
729 181
140 495
918 765
915 92
360 246
864 307
258 897
1063 74
780 77
775 577
787 216
225 1145
897 1163
367 59
874 17
764 417
41 111
726 93
483 536
1152 100
828 472
834 815
471 1044
715 185
936 765
36 948
10 439
1126 92
92 844
1189 370
447 443
207 137
388 20
653 486
505 437
709 651
794 632
404 924
1033 1197
256 609
229 1098
981 1011
277 671
905 158
711 649
145 84
831 651
761 393
146 333
659 1116
485 426
19 824
389 455
609 781
1055 297
604 579
61 35
878 501
252 270
1037 382
986 41
242 956
859 1108
295 1082
393 22
655 753
550 692
1102 754
923 367
514 90
117 407
841 768
834 1089
110 268
890 484
883 437
346 755
856 947
798 1007
846 488
202 719
745 1020
1151 1003
233 174
780 391
97 899
461 1190
1062 1055
1169 1188
959 505
438 566
606 271
1088 633
739 275
938 774
1050 129
1166 92
141 451
225 72
468 843
890 482
788 521
146 571
1182 189
241 1020
1040 1104
497 1124
153 698
541 214
522 27
823 88
921 378
234 1068
821 606
1040 37
406 705
1151 808
462 488
381 854
244 489
19 12
781 311
802 888
453 195
1171 984
173 975
326 571
114 251
647 1161
281 473
1073 892
19 423
379 459
828 181
1180 341
2 504
939 375
686 338
580 392
892 1058
178 212
1145 433
6 631
688 710
9 380
560 671
874 1184
687 606
1162 600
478 653
899 604
909 132
1078 134
819 1087
811 825
481 532
433 82
574 530
458 386
539 813
972 468
165 894
357 1163
76 1132
1177 1031
228 33
1151 1119
18 224
1018 981
452 405
281 443
932 69
753 872
996 1058
793 1197
1054 151
859 622
1198 980
402 561
801 731
94 297
538 930
47 336
367 35
939 531
563 685
494 564
365 76
283 211
1094 1035
1120 1123
1044 919
412 541
423 610
939 849
142 348
164 171
398 76
326 596
100 180
548 712
746 922
545 513
1168 1175
252 1122
504 1017
798 1118
1096 595
694 510
809 634
21 831
926 918
704 377
52 139
348 709
897 178
876 116
847 712
863 1116
856 187
193 573
749 1052
183 612
676 935
868 729
431 142
85 747
994 1122
10 368
351 916
657 1005
560 44
913 1166
734 319
327 1179
500 1071
451 159
640 286
83 661
180 160
808 101
697 157
877 208
993 27
59 337
275 215
752 759
903 328
739 173
823 427
42 19
491 136
138 985
205 179
716 698
1027 238
924 359
807 593
51 556
1009 850
267 379
4 1123
489 332
117 701
387 800
720 415
1024 817
493 305
625 1073
933 761
683 1078
542 908
325 387
945 331
40 1160
470 745
503 815
969 416
639 216
282 659
1070 1008
68 1005
135 301
315 254
1061 440
234 755
776 71
110 325
883 54
767 422
99 450
893 378
71 584
196 581
896 849
471 144
138 768
995 807
1108 441
1028 321
53 24
46 640
571 588
328 619
1025 972
725 199
713 427
1090 278
1135 646
1075 451
549 241
1158 7
330 643
767 1084
475 176
806 833
11 232
841 23
848 1085
1081 635
1167 693
307 430
770 882
913 565
908 257
1027 963
668 373
377 13
1142 678
433 946
450 495
316 268
1036 883
944 512
1103 1030
730 543
827 1074
1138 130
294 150
1188 871
1069 490
395 344
860 716
468 1038
739 248
884 1147
1026 157
331 411
1034 249
752 902
1062 464
1173 363
1150 312
636 1135
1071 371
1129 438
620 373
1092 1047
245 647
991 5
1041 783
415 648
410 417
191 887
279 220
664 140
724 1148
616 401
115 122
980 463
504 177
241 469
1152 967
659 627
589 708
122 869
440 175
869 1078
358 585
273 1054
1194 270
1111 830
936 857
521 1064
1060 1020
126 155
984 95
321 446
347 413
660 707
223 912
668 710
591 456
8 247
1053 702
1171 662
235 547
40 858
181 70
805 350
1152 1080
1083 601
507 953
859 534
952 879
909 291
383 357
154 93
735 521
364 321
809 790
603 1113
1137 723
941 1140
863 665
380 124
707 764
968 55
868 684
924 1141
341 733
1012 42
1072 403
105 8
829 215
1043 140
546 393
18 206
34 118
559 946
1187 888
657 786
204 16
756 862
1100 621
571 900
178 276
266 828
753 598
1135 103
553 669
99 63
528 718
669 523
979 710
931 638
403 1177
818 40
827 277
29 832
265 964
483 344
1092 113
243 203
547 1101
304 26
1165 1180
528 703
70 499
1086 628
128 343
292 215
1073 120
769 970
299 1152
866 1195
92 345
3 587
150 227
763 1143
1131 1099
814 850
770 701
81 566
111 1016
658 51
84 819
835 519
563 114
664 1143
519 750
1154 837
792 739
700 416
810 869
154 905
575 1048
650 121
893 359
1086 398
334 973
346 694
199 627
524 368
985 565
852 149
556 359
960 149
478 1132
1025 397
222 218
1119 684
1155 540
842 464
608 386
528 175
379 1083
1151 496
253 743
114 624
861 376
629 160
641 680
1033 1197
745 1020
715 809
751 528
559 519
432 1063
236 200
347 275
1136 822
485 443
211 1032
1175 669
1138 1156
41 588
1183 365
2 728
540 632
192 983
791 593
81 88
797 532
827 1074
989 489
139 301
970 915
18 608
883 182
202 28
193 313
225 793
713 279
958 136
1052 959
658 376
864 307
578 433
1127 130
964 1178
1157 1006
776 599
742 255
941 502
483 461
575 1090
229 251
866 820
58 196
805 327
387 800
189 489
162 454
226 1080
69 758
1153 1107
1014 77
970 957
752 82
118 378
721 837
908 644
698 726
261 662
791 66
254 1088
358 189
58 498
180 791
94 296
912 49
166 541
291 804
342 26
1055 129
59 626
1055 324
789 897
352 533
515 971
1050 780
430 498
797 892
360 246
1003 1085
926 1042
492 652
953 314
1106 1046
1162 815
149 227
349 765
282 168
757 815
155 20
557 808
279 1127
497 815
135 786
487 430
905 158
247 337
315 999
419 758
59 920
988 268
1098 1111
362 48
480 822
778 648
932 672
891 813
505 182
101 411
1181 1123
965 1144
57 983
922 214
880 768
38 109
806 1098
776 71
302 642
822 339
321 1021
168 429
140 495
1045 630
1104 1169
907 637
420 150
1137 701
1157 1017
666 378
151 137
1155 681
10 895
509 1104
290 80
419 101
389 279
503 712
1144 457
558 212
1028 1006
1067 1098
972 983
660 707
65 772
291 703
749 96
81 992
491 1183
73 1000
289 774
775 653
743 692
1128 1002
668 373
292 720
760 1149
97 372
325 387
34 436
901 380
21 651
1180 1001
764 744
814 468
145 930
690 57
964 888
1083 459
722 543
362 478
198 850
209 288
406 314
641 739
1036 721
388 1190
612 741
76 39
39 1132
479 863
956 32
342 353
1085 318
760 834
1096 1049
237 1142
221 1161
1072 1166
1192 100
445 597
42 474
657 192
328 835
669 581
1121 185
494 905
580 1118
1198 632
555 685
50 377
631 107
404 446
619 28
787 499
1073 938
259 22
978 367
726 671
578 336
60 582
653 14
926 520
1146 582
19 568
585 37
232 228
774 919
160 790
990 405
884 1155
945 831
366 331
506 879
723 592
577 653
798 953
1167 321
818 891
893 963
492 1041
923 871
132 172
613 773
275 783
116 1160
643 1046
97 942
319 732
162 111
764 822
190 31
449 816
143 442
566 224
1132 345
1093 267
242 322
1066 187
867 621
1107 1141
758 675
1181 554
466 1073
30 570
812 311
640 127
440 656
1115 756
435 646
1185 529
184 145
1104 1188
603 5
629 1
817 312
1054 256
1023 164
915 1035
807 593
898 885
1102 1055
958 581
511 1144
1175 523
3 1065
410 169
110 25
213 1155
219 1108
1106 842
1010 190
56 851
766 738
961 10
999 990
828 141
729 631
408 136
839 13
191 644
602 650
209 233
452 1193
609 258
993 811
517 247
971 655
251 467
995 642
896 1130
999 1030
1151 1184
440 149
299 1071
146 571
197 854
601 681
1177 376
947 902
486 859
126 881
901 1050
1168 904
1065 632
450 589
987 1056
964 534
313 1108
702 1046
934 372
979 433
754 904
736 1166
1029 407
931 109
743 1088
597 634
229 525
995 17
740 581
589 704
715 343
64 337
960 326
998 830
1134 1197
399 1001
36 851
18 646
335 1155
663 649
11 1019
855 947
1052 679
760 1002
143 65
933 400
962 930
586 12
940 654
720 415
294 367
590 631
1054 444
528 1009
1174 845
421 83
133 594
440 1004
1196 371
330 723
382 1059
773 730
296 298
519 254
711 102
551 447
812 751
612 319
51 511
64 261
67 174
814 567
699 597
527 738
179 547
397 244
26 354
172 511
916 654
245 491
623 1041
500 574
575 114
402 1003
155 628
516 222
1001 32
712 1047
205 349
521 413
151 374
742 65
636 873
375 973
548 712
761 957
1126 356
755 510
157 618
415 975
674 233
664 267
435 139
190 169
65 515
689 1178
950 215
236 826
305 512
700 814
737 1124
189 938
434 677
699 52
41 854
85 1045
923 726
995 396
1048 1159
218 881
986 1153
1146 1031
365 1132
184 867
372 319
667 729
1040 394
1109 249
393 825
1069 1159
997 759
985 649
223 482
686 1027
68 45
619 1020
448 457
183 366
241 285
572 112
453 151
1156 528
723 439
465 422
744 912
898 298
115 454
928 363
1131 434
831 651
350 1022
166 997
891 396
599 181
303 87
1102 600
714 252
284 1113
748 740
595 182
1133 1084
655 789
1000 570
250 1056
243 578
1157 1089
611 323
710 722
1131 581
260 520
725 282
409 477
641 1109
53 296
1107 381
751 179
395 1084
166 705
29 174
51 680
1165 563
1175 855
251 1164
125 348
369 956
1150 1019
966 274
1190 966
397 141
256 781
450 673
1198 980
1179 1140
265 846
996 1103
642 768
1136 1161
648 211
280 417
570 884
394 38
903 328
106 442
957 937
981 1099
263 1037
1010 548
849 54
1003 1039
104 164
620 373
31 120
822 209
53 873
207 982
226 583
984 816
969 81
596 857
584 771
203 232
841 302
994 278
726 212
614 810
1187 172
592 449
799 359
1152 870
976 40
261 1121
240 250
314 425
732 710
748 1003
487 728
481 248
647 1170
877 473
778 262
1154 171
471 108
332 1195
487 231
143 447
507 1196
458 1146
842 44
715 15
391 339
546 550
568 12
887 1130
868 981
1083 777
370 921
738 647
787 849
431 23
194 1114
797 578
909 132
147 361
1189 370
643 758
746 508
709 651
928 87
524 530
57 777
876 116
383 823
851 104
388 264
170 1112
1107 1105
259 751
806 1172
477 946
788 998
137 159
704 35
150 1087
463 1146
943 741
259 1050
308 369
612 816
1140 60
689 506
1024 212
151 626
784 290
320 1077
152 605
682 468
769 215
1022 217
821 485
717 320
895 414
1129 526
957 1105
268 756
622 220
935 1164
629 1094
422 844
648 1008
225 1145
676 444
928 1134
1124 948
399 667
196 134
1018 981
587 1119
748 1006
9 526
908 561
1014 79
1156 771
616 529
1093 929
1174 291
959 226
1115 540
1039 317
840 340
569 434
33 173
1145 448
675 70
458 485
966 291
409 891
1023 766
493 655
918 394
93 78
1031 177
868 1011
1056 303
1152 144
724 734
219 840
1043 126
949 940
281 711
952 832
447 272
161 598
1096 1057
371 1091
520 1069
8 1047
414 332
1174 637
41 228
864 1164
626 188
772 452
654 333
840 1038
1125 971
612 596
61 35
62 238
982 51
1152 814
320 155
412 381
186 92
43 440
127 157
998 521
744 257
452 335
856 252
261 556
538 719
303 1094
327 1179
321 7
860 504
981 513
806 147
1158 990
923 950
161 222
295 931
928 602
906 765
661 131
322 847
420 176
471 853
951 177
800 1186
465 356
125 1191
927 542
787 708
845 152
256 609
385 843
384 47
679 216
1032 659
936 50
1092 1003
732 1079
894 589
952 64
848 1134
333 508
560 1110
525 361
447 695
904 861
190 436
323 638
635 754
1050 1170
882 1101
1152 714
454 442
59 623
908 458
557 427
40 917
577 630
244 302
715 952
138 985
67 115
612 1163
6 504
26 1092
303 555
1019 715
912 580
764 917
999 791
373 64
90 597
82 1120
414 750
1000 651
965 654
127 372
399 509
730 320
1103 691
355 622
886 319
1065 794
297 600
645 513
418 730
43 661
67 736
735 301
687 1124
237 142
1 704
393 739
997 455
233 918
960 925
901 155
298 930
461 1067
625 640
535 361
318 1199
1004 119
580 142
45 387
779 75
110 32
520 366
1015 91
166 1177
354 344
370 118
495 795
349 1007
544 417
316 643
1097 830
526 886
859 241
320 287
244 451
683 914
99 481
448 836
615 492
796 604
133 784
552 649
1154 594
519 727
822 124
846 1077
1013 50
816 891
462 85
802 476
977 524
173 975
661 657
824 669
272 882
572 24
258 1057
494 27
1095 822
431 612
905 932
347 341
595 271
1029 1184
271 437
956 401
1072 403
870 392
663 1044
673 875
135 576
321 528
234 846
1148 623
41 352
409 25
96 863
683 1078
667 162
204 762
572 467
981 750
376 481
574 640
600 456
1190 490
761 852
486 231
1027 397
1068 452
966 300
466 472
682 270
129 974
524 231
579 878
991 377
549 1058
318 967
840 33
368 201
942 899
424 718
283 603
105 465
108 663
367 341
157 670
944 203
522 27
239 377
1126 92
656 474
429 320
263 213
351 696
829 922
309 368
556 924
341 607
95 473
579 970
254 817
161 678
782 156
214 1064
214 1065
515 1147
1076 901
939 760
435 873
4 423
911 768
660 1153
81 809
492 697
1082 1172
394 954
573 1065
293 272
530 747
970 485
659 1116
1200 751
537 1029
606 1063
1013 1199
928 1058
539 1015
477 14
973 384
390 514
347 435
75 575
835 476
1055 89
782 289
86 305
839 744
1097 608
910 1166
322 342
423 360
64 460
572 235
304 692
977 1059
1194 195
835 752
502 52
1181 432
585 73
178 558
716 519
840 291
93 671
146 333
767 765
323 482
404 924
67 677
970 1071
910 1057
1053 702
931 906
1139 907
168 1014
679 1063
43 567
277 923
691 635
587 804
564 274
15 766
329 1073
1110 355
874 995
357 999
230 736
186 915
433 531
445 1155
166 400
194 438
470 1024
1171 984
827 1070
779 163
369 762
130 955
763 166
478 75
314 666
43 858
913 406
86 148
831 495
389 1097
46 206
321 731
137 469
46 7
273 884
352 269
822 501
801 167
216 611
128 309
806 89
648 1142
624 823
753 269
911 484
280 801
1028 284
402 286
663 185
644 785
7 591
241 1100
121 63
568 824
550 184
498 103
1163 1173
1081 1065
717 518
266 324
1093 122
493 74
397 472
947 428
448 72
968 918
706 1068
809 1176
990 484
127 948
595 872
962 170
401 113
185 665
496 766
792 217
1181 428
702 364
475 502
550 819
161 293
350 182
811 287
973 610
719 1163
1139 55
489 441
557 796
878 733
1070 1008
93 623
107 599
787 1105
310 506
886 423
16 842
296 1015
135 250
695 1084
1058 876
648 544
761 614
224 803
673 195
45 719
544 619
782 862
725 694
429 454
806 892
454 199
1098 1178
655 426
331 98
772 900
295 276
366 654
1062 385
792 557
96 675
663 102
1051 922
770 279
17 890
60 86
371 865
1117 787
562 633
64 617
785 334
504 109
480 1149
62 504
1062 1016
123 124
1026 1095
701 436
545 1011
927 690
1061 561
1135 992
1034 603
693 1035
751 616
866 270
833 1008
978 208
750 928
889 594
14 203
514 1032
721 1182
1073 156
560 440
614 838
179 1069
341 1191
1093 200
564 287
895 267
896 701
1060 324
1093 498
688 648
553 125
1071 563
117 537
1046 592
421 1087
142 672
973 757
306 619
1114 442
254 298
165 935
1004 1122
351 344
694 755
1007 1196
153 823
335 976
168 1034
483 536
837 782
639 837
734 943
1090 91
1012 606
1075 451
488 246
964 67
210 1192
420 1066
314 912
1134 210
1078 134
30 626
150 782
434 1005
994 986
338 1027
424 31
954 562
398 834
95 649
600
290 381
112 464
22 327
564 348
510 468
68 316
598 424
81 288
377 80
447 264
199 432
238 296
179 508
581 201
384 515
50 253
7 215
540 393
314 533
566 286
506 494
275 326
458 549
597 108
446 519
137 559
149 355
73 12
446 74
116 406
274 419
118 84
528 463
560 131
503 368
249 438
534 47
415 183
66 402
436 512
342 265
546 557
305 73
208 205
430 582
340 559
502 215
5 394
245 65
53 233
322 140
194 436
359 147
75 562
199 154
420 289
471 150
127 91
320 59
456 209
28 99
82 488
430 154
9 439
21 339
152 326
157 163
349 357
380 54
126 368
116 539
205 55
489 246
438 30
65 228
600 176
230 278
433 442
70 147
599 138
582 473
458 278
523 84
163 329
399 441
414 376
440 273
126 340
298 211
398 196
329 197
209 14
65 4
312 538
549 320
202 50
466 261
271 407
108 390
272 332
526 186
540 161
581 87
310 42
260 446
121 373
496 151
213 112
141 432
18 27
440 79
78 597
229 361
430 187
344 146
429 148
345 581
246 144
559 204
27 113
2 254
426 188
481 434
544 491
414 513
80 104
527 343
98 343
449 557
548 446
585 363
53 477
291 204
144 491
94 214
416 387
349 209
192 7
226 54
32 3
339 165
525 294
434 350
255 217
329 53
353 219
431 405
374 131
20 175
588 407
256 295
349 551
303 56
178 301
177 397
63 453
20 9
232 560
135 30
504 47
200 202
144 160
559 192
182 463
381 115
456 143
588 518
574 272
310 276
34 138
567 583
411 584
42 101
58 57
424 291
249 255
200 277
93 63
25 397
283 597
542 230
188 290
408 587
247 398
212 205
453 581
290 408
501 459
507 256
527 367
11 100
507 279
224 118
464 502
99 322
268 255
151 423
194 151
595 149
421 128
263 412
513 219
191 325
463 219
452 384
518 449
67 52
154 100
582 153
235 487
65 218
249 115
197 552
242 535
190 334
310 115
390 414
586 473
272 362
331 64
382 338
585 370
505 87
260 224
579 150
299 406
113 277
460 478
435 387
97 306
152 463
343 307
20 17
323 51
379 329
518 600
556 141
165 467
134 374
317 193
450 251
148 596
109 219
533 599
328 591
553 355
135 393
178 249
432 269
68 50
578 64
563 302
464 263
10 445
278 219
380 377
324 230
499 200
12 427
583 507
204 493
540 175
379 547
404 177
350 477
130 423
539 588
236 451
292 256
227 559
570 577
320 452
125 581
150 217
451 488
364 576
545 100
597 149
259 194
387 412
217 569
137 267
108 140
229 16
89 105
271 538
479 513
182 34
545 169
380 88
172 148
22 429
576 593
522 305
524 233
210 31
65 84
268 118
425 277
352 252
341 478
250 309
497 555
23 218
125 268
175 3
147 377
264 122
36 191
186 297
415 253
178 289
383 344
149 582
478 508
445 440
76 500
566 111
30 219
276 543
338 65
83 64
104 401
517 117
265 40
524 504
271 198
558 496
76 161
334 131
519 495
483 58
279 311
497 451
216 579
206 250
106 239
379 132
138 386
226 165
572 131
279 19
502 497
114 439
147 526
323 202
600 464
486 350
14 161
507 329
322 200
86 560
600 191
317 517
416 454
314 460
305 13
399 543
391 361
270 446
578 114
182 527
67 121
356 87
406 563
257 544
72 2
500 374
373 208
386 156
191 596
213 489
450 471
123 245
327 385
13 277
491 366
406 181
527 265
316 15
272 84
181 404
447 375
357 589
69 349
178 510
531 478
436 47
591 513
554 372
1 401
360 557
431 376
472 16
533 371
405 146
240 295
513 335
221 263
480 92
422 44
537 460
520 518
536 354
490 55
254 537
244 562
267 10
564 555
368 532
44 257
524 234
543 151
358 99
284 579
319 502
342 445
176 554
210 404
544 375
486 231
557 321
201 525
31 498
536 575
394 503
133 287
237 528
359 223
81 529
30 304
164 68
281 581
376 207
400 234
354 205
250 561
380 367
580 560
444 271
167 103
356 593
521 14
225 400
102 194
391 543
55 47
105 287
89 598
313 599
543 409
306 479
511 557
45 464
541 438
279 378
354 248
588 506
550 509
588 461
67 535
285 482
23 117
271 166
188 203
184 414
600 590
98 285
403 109
44 550
187 476
170 112
115 395
568 468
21 300
492 31
220 257
159 530
598 433
577 571
6 315
534 480
106 564
448 346
405 81
134 75
437 161
243 393
315 486
129 220
195 406
189 449
173 576
49 309
241 20
37 535
485 210
250 332
440 196
369 128
577 308
363 318
222 150
31 388
128 227
470 564
282 369
549 162
346 160
588 413
284 392
571 433
497 66
516 352
428 163
210 29
477 119
238 9
238 363
543 24
96 214
501 125
466 413
196 61
50 274
502 566
103 533
327 457
36 214
274 396
455 207
592 520
197 211
401 352
258 63
32 411
580 95
330 244
347 581
514 277
280 150
107 126
410 295
172 171
221 487
455 39
26 488
90 165
474 302
110 154
137 565
185 260
417 445
592 336
390 155
594 78
465 20
9 57
418 511
43 421
91 346
205 77
581 303
462 489
14 333
266 279
599 71
293 191
301 60
503 168
351 228
151 48
85 583
145 24
9 365
46 279
530 246
38 281
484 441
62 541
33 578
139 248
155 262
580 573
222 174
456 124
35 292
136 516
216 142
8 131
389 442
337 313
180 22
158 252
443 44
469 330
10 475
120 498
41 452
23 228
600 176
72 2
585 363
328 494
472 16
291 137
75 562
521 392
150 438
351 175
540 393
211 124
282 289
6 315
553 149
224 523
247 398
458 278
362 242
516 352
342 265
158 282
574 272
200 264
76 500
373 383
484 185
298 211
161 307
265 40
127 91
100 169
428 494
242 535
136 324
244 75
461 476
456 209
33 184
202 277
13 441
53 552
479 28
448 205
414 376
412 566
437 186
528 463
436 512
406 198
514 586
186 297
588 271
295 279
340 559
558 194
314 599
272 332
21 339
377 104
550 509
133 287
130 486
123 545
411 584
340 172
349 357
466 261
184 71
448 346
478 508
68 316
343 367
537 320
157 163
259 512
563 366
452 515
446 289
241 72
147 179
464 419
349 169
209 14
170 503
67 52
76 599
192 215
245 335
50 253
296 479
446 519
34 599
212 55
290 381
338 587
344 146
576 593
167 103
199 154
585 370
135 438
258 466
418 112
134 374
342 171
286 111
311 157
70 88
53 547
315 320
183 50
515 40
489 544
345 581
11 269
137 559
384 515
597 108
498 174
341 460
353 50
546 557
447 264
232 374
250 475
125 63
83 331
66 402
548 446
469 294
210 31
121 373
486 163
45 1
178 276
600 563
245 118
89 287
217 460
297 562
503 451
447 378
364 576
22 327
112 493
97 306
184 487
458 59
126 503
492 193
106 239
276 300
64 18
23 495
339 165
313 520
231 565
464 502
216 595
544 491
68 53
582 473
497 555
405 500
27 113
588 518
89 17
310 101
41 201
221 82
159 530
65 228
414 353
112 464
74 510
331 64
463 269
9 439
526 186
314 533
114 99
270 556
263 412
268 525
172 596
228 589
310 42
554 372
450 251
222 208
496 151
587 523
115 17
206 303
266 585
285 482
356 545
478 559
18 253
194 436
415 183
434 350
131 321
73 12
507 295
585 318
362 141
597 599
502 215
430 432
390 374
555 451
511 407
137 204
416 387
141 11
118 84
177 397
235 487
152 326
271 407
288 529
109 528
73 427
347 392
102 458
67 77
271 557
410 177
20 175
570 336
316 50
322 140
427 13
279 19
553 99
451 82
202 253
32 543
94 214
343 307
72 471
181 482
360 298
183 395
421 128
404 273
249 60
377 88
7 215
78 182
268 217
8 442
503 368
449 546
592 479
240 547
302 433
407 600
435 36
583 295
317 517
205 55
329 132
522 12
21 467
566 286
369 128
519 74
11 100
422 44
490 121
40 15
539 532
305 73
574 362
570 550
383 344
517 117
358 329
178 301
317 193
229 92
462 67
354 575
324 108
356 402
426 290
544 181
458 549
292 583
284 531
545 153
312 529
220 427
278 452
398 196
243 374
147 248
237 579
380 377
104 186
10 388
525 294
85 58
420 413
53 477
189 144
18 27
412 267
560 131
10 445
400 265
330 243
503 559
327 489
78 390
179 508
376 513
310 276
382 365
524 163
425 202
312 538
268 381
264 122
206 309
556 141
154 187
274 419
581 201
219 146
319 198
563 302
67 373
213 112
249 438
250 564
512 48
568 333
340 177
20 9
193 516
540 161
507 311
460 478
149 156
98 527
5 209
273 79
199 432
527 343
261 287
349 551
536 354
360 489
481 434
595 355
280 330
325 385
191 325
451 454
485 438
425 196
141 432
151 423
89 105
22 148
572 190
275 166
483 58
30 255
509 24
163 233
290 115
599 138
552 234
36 191
283 597
143 498
38 525
424 137
275 78
380 401
440 273
306 134
328 591
389 163
523 84
110 500
379 163
116 449
182 414
504 534
256 295
140 39
26 218
159 329
42 573
506 494
564 348
106 226
62 268
250 309
494 29
208 205
337 471
46 29
249 30
275 326
505 87
465 452
166 590
586 187
200 202
194 496
404 397
470 75
63 581
74 528
349 209
116 406
225 518
107 399
568 441
278 597
510 468
520 429
446 457
180 498
444 321
501 459
2 254
471 150
374 560
15 262
59 372
236 451
43 214
281 353
575 205
129 399
519 523
167 421
580 86
557 538
377 80
157 329
205 396
303 56
578 331
69 579
31 207
481 477
1 88
145 18
598 424
229 361
201 87
268 540
255 217
37 34
309 370
139 354
430 582
353 219
32 3
541 479
480 92
301 569
417 529
144 160
86 560
369 5
542 386
570 571
206 561
1 550
594 208
499 253
32 117
53 233
229 16
445 79
401 223
474 458
453 304
380 54
348 464
435 424
403 583
194 168
5 394
191 61
334 581
114 162
44 126
89 409
182 595
120 84
276 231
531 228
35 381
320 59
579 150
70 359
245 65
238 296
570 577
431 405
503 412
25 397
399 441
391 16
542 549
373 119
352 252
49 250
96 214
501 73
227 112
93 453
204 192
20 17
195 155
130 423
379 95
359 147
323 51
432 153
271 192
184 233
210 379
143 364
245 4
463 461
173 291
433 442
534 47
435 416
350 504
450 479
260 74
361 301
299 116
182 528
185 256
489 246
585 58
264 375
293 563
28 99
310 115
91 125
230 278
406 539
195 55
323 18
257 489
148 596
58 57
246 144
28 140
54 165
429 148
163 197
597 390
420 289
567 583
443 419
4 218
455 377
149 355
571 308
381 3
63 453
290 371
381 587
441 34
426 188
373 208
190 334
226 54
382 338
84 214
116 584
125 17
545 142
517 203
14 143
521 199
591 578
164 348
90 82
81 288
82 488
408 587
900
294 107
550 389
174 549
81 279
636 821
99 360
869 3
688 127
523 538
499 890
308 357
513 896
241 168
594 184
98 410
134 573
367 306
727 397
664 680
53 546
874 822
127 111
603 859
366 145
840 99
381 825
423 425
494 556
613 658
227 187
882 511
41 469
461 78
638 125
217 700
161 543
451 835
584 286
330 149
720 819
484 532
103 578
564 471
47 593
219 864
72 460
375 791
595 209
172 723
23 460
457 286
299 715
421 246
338 90
171 817
233 8
622 143
217 865
257 592
542 265
829 404
33 311
868 372
147 1
417 59
498 892
684 846
63 775
781 804
337 876
536 718
769 1
251 96
561 664
369 788
610 604
230 82
575 95
241 833
623 636
230 880
51 600
74 103
732 67
270 584
79 747
503 438
549 832
747 70
816 676
644 444
751 244
717 103
364 424
459 166
749 863
590 334
808 830
756 682
638 578
145 801
851 705
470 79
896 250
644 110
692 537
515 543
193 117
495 881
128 837
620 696
156 596
427 291
245 16
632 744
175 803
893 303
460 383
251 142
164 395
681 162
233 81
306 618
213 353
405 10
261 451
369 320
464 330
821 45
80 187
400 861
586 420
805 474
591 814
647 772
435 255
131 269
241 718
210 455
568 538
543 402
696 265
761 46
246 264
404 436
669 667
224 303
658 680
771 304
893 896
371 447
465 601
309 665
760 151
460 770
15 479
91 18
630 859
712 458
892 684
242 65
731 425
798 640
843 31
806 883
84 718
554 665
325 337
98 312
530 537
143 435
776 860
76 449
256 599
215 575
683 247
444 814
141 794
35 430
428 464
491 465
374 227
650 631
735 709
823 364
373 750
782 578
803 714
315 116
865 165
454 757
44 788
46 183
712 222
769 559
370 111
329 808
290 789
19 396
584 786
700 839
8 6
163 591
785 269
556 647
571 794
96 272
250 208
623 197
64 168
562 687
51 473
833 620
46 281
665 774
684 854
453 863
410 30
61 607
663 758
88 336
602 879
839 567
677 715
226 512
183 383
560 835
859 130
465 188
324 729
585 840
336 814
479 8
416 144
112 521
880 179
795 80
898 328
414 202
579 491
539 642
415 341
231 663
855 634
828 590
680 591
593 256
816 258
139 307
212 53
299 665
572 88
430 480
397 678
889 354
718 719
401 118
199 446
193 274
447 511
657 7
395 709
516 163
446 96
792 693
641 718
117 389
644 15
187 516
662 352
875 670
478 75
758 580
896 613
633 851
447 144
200 296
123 158
57 314
4 33
51 865
229 15
577 177
115 68
187 152
363 211
785 405
90 361
775 303
46 344
187 428
706 456
798 334
847 226
4 849
24 362
87 623
814 638
586 882
624 461
519 384
885 167
810 721
847 107
491 598
247 100
765 859
774 849
150 461
149 60
357 404
820 742
897 848
199 526
578 590
894 242
391 823
106 51
720 80
515 356
824 454
304 500
485 758
65 73
307 356
398 882
417 286
588 586
167 846
20 839
539 211
758 589
214 760
164 483
598 867
627 562
272 570
673 215
747 682
397 507
88 73
601 291
438 27
216 115
531 857
584 440
760 552
709 463
692 663
327 490
345 406
277 162
615 107
336 864
310 872
846 548
134 733
97 682
317 28
241 139
571 701
619 624
686 641
787 46
79 668
571 138
617 419
162 434
89 195
855 379
181 671
49 513
843 397
46 170
317 86
210 713
699 875
96 468
507 469
617 594
191 128
268 610
208 672
281 791
479 268
824 445
269 49
675 280
775 823
631 395
655 85
877 36
716 301
788 313
268 659
100 464
534 172
458 733
416 467
85 84
675 661
428 407
563 854
386 305
106 62
364 84
96 533
437 545
253 280
840 97
689 109
533 635
582 115
224 297
196 612
729 562
466 182
321 594
216 553
290 415
859 380
93 135
455 632
337 256
185 675
768 420
679 809
245 762
743 48
824 671
732 608
244 29
671 245
881 482
179 22
653 543
518 529
644 832
752 269
16 136
114 392
565 128
753 313
364 793
510 821
632 118
711 583
386 769
201 741
887 165
293 51
880 39
488 69
8 132
3 313
404 455
169 686
749 875
745 539
706 272
236 101
871 733
365 193
261 440
729 290
121 493
587 405
525 39
570 637
122 563
779 429
544 746
891 668
722 129
774 10
43 650
231 549
876 614
48 346
454 302
287 815
437 399
313 621
479 237
536 577
415 454
450 484
838 580
596 482
786 384
192 705
28 543
875 110
594 829
643 279
672 473
589 223
131 599
746 621
145 306
653 807
484 461
672 158
408 125
381 82
56 169
597 246
851 782
50 24
571 431
230 217
453 552
753 274
750 572
410 699
74 745
480 305
110 811
105 563
47 393
859 85
825 806
296 427
90 441
701 535
5 555
131 351
803 442
505 128
199 162
7 169
375 889
855 698
885 560
697 470
773 693
805 751
602 820
54 715
439 674
580 25
811 679
280 678
876 546
527 194
157 348
347 260
283 496
610 328
714 277
606 89
491 552
795 263
686 697
511 521
80 555
841 445
865 102
797 363
651 684
827 592
680 860
11 568
326 517
117 289
744 446
207 522
646 654
388 254
667 89
160 337
446 652
560 550
898 236
846 822
540 686
477 120
872 495
857 9
479 609
677 146
873 212
133 353
587 871
728 899
394 634
136 857
455 218
244 502
42 202
855 539
661 117
581 232
410 26
787 62
761 541
696 126
568 447
234 763
251 100
725 786
173 867
826 636
146 779
438 171
643 813
80 861
316 20
728 701
626 826
472 570
266 814
721 458
43 875
680 616
777 532
68 294
289 149
761 564
369 285
318 512
68 380
534 589
66 384
763 428
552 350
147 73
537 625
77 884
133 384
304 482
596 555
667 712
647 106
736 197
687 179
55 173
449 69
802 150
856 746
387 430
879 614
546 654
643 639
884 867
91 804
435 479
422 523
868 146
169 138
897 371
619 297
366 12
49 201
106 300
357 778
527 398
45 298
504 613
367 372
489 744
532 327
488 644
346 258
736 858
254 532
898 370
460 249
826 219
310 243
425 885
621 703
235 148
205 434
101 414
661 674
732 293
225 743
264 314
642 799
773 546
726 779
695 298
292 525
190 562
329 529
418 467
612 716
342 855
819 649
738 719
399 534
42 724
113 143
246 336
241 673
501 184
370 418
674 148
707 531
143 438
347 611
324 260
489 119
362 63
503 815
443 292
17 565
585 506
271 617
516 740
113 497
743 896
400 751
323 79
888 834
827 311
457 557
279 275
343 700
617 529
36 879
32 353
895 128
486 349
13 719
537 870
878 349
6 517
359 165
662 164
240 235
888 634
135 141
276 123
260 508
767 482
659 284
37 261
878 279
251 252
739 635
10 566
90 41
366 120
259 168
259 75
629 492
408 551
726 837
514 512
690 738
786 737
689 370
723 376
160 288
395 282
831 501
663 509
613 607
165 40
157 897
645 207
331 75
475 747
239 460
452 858
314 34
628 651
409 681
852 12
853 771
559 411
242 481
204 313
99 796
711 261
47 900
705 836
131 412
18 388
40 493
716 860
784 600
429 295
221 20
178 41
433 551
177 94
345 10
237 605
207 310
558 709
238 394
588 766
447 124
632 702
783 386
465 189
21 281
561 459
248 623
328 576
278 671
844 225
594 413
812 486
710 123
574 847
421 355
842 156
205 499
469 198
755 148
273 190
209 456
487 459
392 634
153 198
515 2
230 520
420 764
176 769
297 232
476 782
319 414
180 269
722 334
704 605
148 850
134 800
138 116
396 720
369 108
335 31
648 471
691 704
182 443
224 14
78 83
752 104
855 569
163 818
137 877
646 492
867 155
432 349
498 228
760 748
730 240
845 443
426 131
333 455
430 385
462 574
794 448
220 592
524 513
685 757
184 140
754 868
72 159
71 200
780 520
339 775
203 57
322 514
262 858
200 378
33 403
283 780
476 358
862 331
483 759
518 58
724 186
555 547
790 697
866 681
154 228
873 390
181 368
92 579
734 788
666 756
712 528
656 743
335 660
206 635
694 563
89 377
37 340
267 564
306 708
364 886
332 229
139 52
897 38
624 382
376 400
790 400
879 400
106 790
811 790
79 400
166 879
152 400
486 376
576 152
93 376
849 106
429 400
886 166
346 106
696 376
499 106
220 696
455 376
864 849
44 93
446 166
298 220
163 152
65 376
582 429
468 220
307 576
29 163
159 44
92 849
788 446
653 486
839 163
428 429
308 455
644 307
762 582
68 376
500 400
113 93
259 346
599 152
250 307
120 346
540 166
59 455
568 864
635 696
624 500
425 468
392 762
372 790
741 376
215 44
761 29
894 44
652 113
472 455
8 298
711 113
316 93
421 372
401 711
569 163
791 65
46 44
609 499
82 8
745 455
329 839
514 635
792 455
141 400
541 429
95 540
578 839
555 106
815 599
769 93
51 421
620 815
85 401
165 166
588 346
115 329
226 115
338 400
825 329
731 82
122 569
805 92
371 82
380 769
896 44
192 455
345 894
732 220
873 380
224 226
195 163
417 540
461 745
804 308
454 455
672 839
656 376
749 329
102 44
837 376
38 298
501 159
532 788
227 95
882 120
678 762
221 226
633 220
587 192
43 541
168 38
86 468
200 882
517 588
714 259
516 455
263 516
5 307
890 59
663 652
688 894
863 38
99 894
37 804
342 346
778 195
281 215
625 316
361 417
47 749
469 307
828 29
310 428
780 516
199 95
490 401
673 882
248 102
482 578
62 896
571 307
770 825
367 864
73 259
273 82
157 731
103 624
646 864
91 446
295 152
111 421
693 472
786 371
426 894
843 157
328 805
489 68
751 599
315 790
509 849
132 86
710 761
685 166
135 166
235 400
76 273
300 122
765 828
842 199
352 688
703 227
466 91
899 652
282 688
302 516
430 685
716 430
23 263
598 166
680 711
518 828
601 745
119 372
866 625
50 805
704 227
66 663
60 745
537 732
531 518
321 652
471 321
850 509
808 380
871 300
616 263
451 815
317 192
344 68
453 152
228 791
270 371
618 263
189 601
520 224
262 811
348 635
797 890
303 400
370 601
323 227
528 537
209 367
777 791
869 882
534 111
125 342
396 646
351 751
173 259
13 842
728 769
422 601
238 86
236 896
481 199
614 430
207 165
31 466
301 119
4 281
874 173
550 195
538 396
373 624
179 259
660 380
223 82
350 571
643 281
139 578
596 400
775 430
900 426
830 517
395 91
835 300
293 780
39 866
84 235
840 73
304 400
878 815
457 625
413 51
9 660
695 31
71 882
233 550
83 531
234 68
744 189
70 644
636 896
356 102
190 345
154 811
406 660
271 598
253 751
239 672
411 421
831 295
737 62
230 588
390 400
288 696
137 293
459 376
394 141
742 195
820 165
575 317
108 154
827 159
213 84
17 490
488 262
423 85
545 454
283 215
701 762
548 209
153 453
626 321
740 737
208 451
121 900
522 499
266 215
898 317
180 582
185 457
101 804
146 624
648 894
647 283
747 587
231 17
785 316
279 614
155 342
362 780
841 207
379 900
494 614
343 489
846 481
14 209
448 271
445 751
722 714
845 620
242 455
327 555
443 490
177 455
603 60
666 835
360 680
109 745
487 37
320 371
861 345
748 239
88 428
734 230
818 459
353 271
565 886
398 236
570 472
806 168
669 614
256 565
216 9
61 233
615 716
533 259
78 532
526 390
15 693
145 86
435 740
670 827
735 879
502 86
33 283
407 569
823 501
519 132
816 693
412 788
217 356
34 315
449 145
45 109
335 113
512 250
753 448
505 413
543 827
572 154
799 791
57 76
592 894
812 367
249 76
123 728
90 282
167 342
756 216
458 894
836 421
27 742
779 242
403 688
56 400
276 615
387 775
384 61
58 226
726 890
64 756
549 111
684 9
418 614
138 120
127 249
567 108
510 384
610 13
318 328
255 457
810 367
865 398
730 849
16 320
530 843
246 625
608 469
35 66
277 869
821 301
169 379
381 266
80 400
853 33
462 239
237 569
630 45
760 177
21 644
244 166
607 486
397 122
183 392
124 469
211 469
333 864
632 810
251 333
144 216
241 403
759 244
838 380
465 246
553 223
813 155
591 307
196 532
126 838
184 769
580 282
698 412
629 352
887 603
19 647
129 127
2 234
359 799
81 35
130 775
420 838
358 392
337 301
232 82
814 253
284 673
261 842
476 130
665 842
191 550
402 646
506 646
410 572
334 157
651 406
888 462
186 90
834 780
170 519
264 603
796 46
214 701
456 569
206 648
349 381
331 517
114 303
444 223
294 295
521 213
142 722
682 426
713 238
586 531
172 186
268 283
388 209
881 481
657 153
133 56
604 37
854 211
858 17
857 418
63 244
491 669
851 457
721 532
386 899
11 88
529 350
182 488
581 430
686 321
671 342
3 804
424 76
719 379
24 282
312 85
561 775
883 401
175 317
87 2
280 653
452 553
174 845
297 587
116 665
436 811
67 68
752 490
110 582
314 395
55 397
460 737
72 56
557 163
622 854
474 349
442 716
844 135
385 580
389 13
258 114
697 300
723 786
826 273
504 108
536 857
707 421
439 879
212 810
160 361
203 838
210 703
511 329
252 213
285 190
627 713
872 60
332 786
768 9
6 73
772 814
559 115
729 518
272 707
366 99
860 452
434 426
855 520
53 125
798 882
319 256
467 271
655 429
690 259
94 878
438 109
573 778
10 401
611 499
368 73
705 851
254 511
766 121
667 693
275 295
495 160
399 88
131 200
194 490
889 690
484 615
415 319
738 569
617 9
158 762
463 603
416 50
801 529
151 841
330 486
171 759
74 858
764 841
892 849
637 206
862 869
322 550
583 887
829 625
675 648
391 130
118 457
758 426
683 184
875 360
767 635
503 57
897 460
98 186
563 338
369 458
440 646
782 882
535 346
143 413
589 723
408 125
515 200
691 502
612 747
265 672
787 578
634 132
375 395
187 647
222 514
161 139
419 342
676 742
218 275
341 366
895 596
405 10
859 808
414 125
100 55
661 627
290 212
712 573
340 647
18 495
162 586
26 276
547 370
204 862
523 612
794 820
868 297
305 312
757 881
54 735
450 788
202 314
393 300
1 132
147 111
480 11
546 373
606 565
377 171
140 534
876 900
441 202
717 548
274 14
562 152
69 732
674 480
554 419
694 826
48 859
619 271
584 857
784 154
595 438
564 361
544 889
432 772
260 81
181 24
107 163
12 21
755 786
363 471
365 177
773 249
891 636
706 892
817 604
658 458
687 367
715 620
631 626
105 582
478 312
885 14
357 635
404 34
700 131
689 226
720 860
750 514
269 151
219 375
709 707
681 207
870 488
89 224
613 465
197 765
156 208
852 858
664 199
525 280
602 190
492 557
477 534
551 788
306 567
339 194
638 784
324 432
243 413
496 147
585 538
736 61
793 742
539 312
289 680
702 714
507 820
621 438
30 453
848 101
577 551
229 143
668 34
292 494
746 416
382 717
877 804
149 361
41 324
198 657
833 84
774 604
802 774
524 266
347 872
245 318
291 857
566 698
278 732
150 737
498 468
483 456
558 352
867 831
148 183
32 498
96 622
433 858
781 123
325 19
52 133
727 203
299 443
513 2
136 802
378 486
679 873
579 511
313 393
605 76
771 62
354 307
257 298
49 749
819 585
542 197
662 404
112 143
7 37
286 426
374 544
193 387
36 869
600 793
336 243
832 337
556 161
22 728
485 95
800 613
783 775
77 774
641 626
733 819
677 823
20 486
893 276
884 374
479 365
117 610
364 260
724 254
164 702
25 190
795 318
593 722
560 877
311 598
708 385
856 192
431 525
692 48
649 156
508 872
447 50
650 851
574 582
590 635
639 38
437 19
201 825
104 838
247 730
225 11
240 509
178 226
803 11
776 22
699 670
654 406
552 815
355 883
497 692
642 7
28 620
645 702
640 602
847 636
659 74
427 472
326 272
628 39
789 600
475 216
97 368
739 670
473 120
822 600
309 78
205 117
594 332
287 559
809 60
176 760
383 625
493 820
527 386
134 504
824 793
267 588
296 77
464 98
42 48
725 601
188 638
128 213
743 195
754 432
597 680
40 100
807 563
623 106
75 51
409 480
763 553
718 129
880 167
470 195
300
183 9
20 224
284 264
257 34
203 185
202 240
264 117
179 278
138 3
15 216
123 25
169 166
208 108
153 190
150 68
167 146
176 83
158 216
269 256
226 147
15 204
131 159
26 238
160 137
96 104
143 52
7 105
12 142
203 234
126 199
154 78
77 21
296 147
31 15
82 280
263 238
179 127
159 36
93 231
283 292
103 173
87 186
145 289
109 188
269 64
20 91
46 113
156 127
266 19
64 193
29 68
249 67
103 127
63 205
6 199
289 200
23 32
176 178
170 261
167 273
206 63
295 297
97 82
247 223
145 95
207 17
223 2
212 88
117 53
125 47
103 31
77 145
199 69
212 122
68 66
175 105
291 6
48 29
171 24
205 277
196 211
143 154
298 242
155 70
204 294
277 146
262 113
137 76
275 226
4 45
43 150
89 164
213 81
216 88
36 271
113 159
261 136
31 61
25 97
136 85
33 1
63 33
129 256
194 191
91 98
129 166
182 12
54 183
15 43
174 136
214 49
154 82
209 286
248 239
1 96
139 87
116 239
271 292
40 41
232 300
12 42
210 3
116 232
16 55
227 52
134 255
261 89
148 293
229 282
202 182
280 203
74 102
265 285
112 178
164 103
97 253
236 132
28 183
179 131
216 249
35 207
117 130
208 95
97 153
85 57
200 166
186 191
233 103
170 51
296 25
238 50
295 294
81 278
49 238
66 252
133 200
269 48
25 93
216 151
219 221
78 107
91 2
53 205
52 141
246 97
95 35
299 93
42 180
190 95
252 243
71 29
271 152
168 232
116 187
284 234
54 101
278 125
219 75
263 219
175 197
178 19
82 114
172 278
37 1
263 109
171 239
139 211
149 9
267 69
11 98
146 38
47 223
232 112
133 236
300 101
159 121
199 193
94 271
169 181
101 56
50 144
212 86
30 274
22 143
286 89
122 3
277 144
197 57
254 157
38 270
202 62
183 165
12 17
292 83
231 245
3 118
113 92
222 25
38 260
196 203
29 255
84 236
107 100
106 165
297 198
27 30
10 124
2 192
26 265
261 27
169 225
10 278
272 102
88 276
48 235
119 286
163 136
108 5
240 195
251 173
211 4
16 223
104 74
140 41
268 35
130 242
119 155
79 125
229 109
83 58
283 288
227 41
172 34
265 162
226 254
189 28
215 7
115 73
217 44
159 137
135 46
59 162
114 218
44 71
18 123
132 228
80 60
216 65
280 279
37 99
115 294
184 67
99 8
171 177
147 220
287 153
66 13
170 60
128 183
24 161
23 179
283 120
72 113
259 244
111 125
110 280
14 45
241 272
14 250
258 256
97 244
244 290
201 139
293 38
237 12
44 281
39 12
230 64
90 255
290 68
123 68
298 123
115 298
269 123
55 115
167 55
95 290
106 115
151 55
82 290
213 167
228 68
124 290
185 95
27 213
260 167
210 213
231 115
168 55
193 27
61 106
49 124
88 168
128 123
188 260
108 168
116 124
247 108
4 210
266 185
240 27
194 88
204 108
32 194
14 128
97 168
67 68
91 128
47 213
51 123
272 151
126 47
244 47
300 115
22 128
182 14
218 68
146 228
63 218
114 68
52 228
196 193
198 68
40 108
219 108
118 114
159 168
264 47
294 106
139 260
166 47
37 97
222 210
217 213
104 97
12 264
132 266
158 63
2 166
145 167
164 260
297 159
184 146
259 22
181 182
257 139
229 260
136 290
162 300
85 106
288 63
9 231
10 40
232 188
130 52
92 182
286 166
110 198
277 294
165 162
268 104
87 277
101 247
6 196
208 97
18 55
100 182
230 240
149 40
105 264
117 268
135 294
201 108
191 52
70 88
275 217
103 218
280 232
173 51
214 116
74 167
75 228
21 9
119 55
69 158
28 280
285 69
225 188
109 116
190 257
66 275
155 97
15 66
296 190
53 230
195 104
64 55
255 260
256 40
71 285
189 106
211 146
258 294
72 40
94 168
42 168
43 136
20 66
86 94
238 82
140 136
227 286
19 211
279 4
11 75
83 68
107 266
223 82
79 40
35 32
281 42
157 88
171 83
187 67
39 82
102 126
154 124
289 297
76 151
186 18
134 238
1 290
38 139
73 149
93 68
250 188
263 35
90 190
180 158
239 272
234 225
148 189
262 279
212 79
249 151
265 49
253 68
183 214
179 166
248 115
150 86
200 15
111 20
125 11
284 85
292 218
5 18
147 167
203 204
172 210
78 286
177 200
235 76
206 296
205 166
58 86
251 250
48 83
197 135
174 187
245 140
59 171
3 71
24 69
283 71
99 74
45 191
122 37
46 149
161 27
60 136
62 187
141 122
80 95
160 166
17 69
270 277
271 6
144 277
216 257
261 136
57 88
153 255
276 111
291 151
129 186
152 100
170 109
226 148
89 48
96 168
31 126
142 206
121 80
178 5
267 235
56 185
120 217
278 125
30 190
233 111
299 171
236 194
246 230
98 173
138 76
241 259
13 40
41 294
215 66
26 194
169 198
113 42
252 285
131 111
175 225
199 15
25 83
34 185
143 95
295 48
133 45
293 251
237 204
192 73
220 24
65 186
112 88
84 197
36 286
81 297
54 143
202 26
156 100
274 30
287 289
33 181
127 235
137 32
254 294
176 259
8 175
23 252
163 11
207 57
50 230
282 262
242 286
209 278
273 28
16 229
29 147
44 188
243 250
7 127
77 63
224 181
221 59
1500
282 489
767 240
921 379
371 354
14 262
552 148
518 200
1358 1206
686 812
190 531
397 225
537 1098
367 1460
546 293
1024 1014
1237 303
980 555
945 676
501 1062
1226 848
976 511
829 594
1090 1086
127 1067
53 60
1319 5
746 718
925 120
1187 1040
528 276
710 453
1469 112
747 1389
1244 1016
645 123
37 789
1006 1489
1123 1028
30 28
1121 1354
336 231
195 212
358 765
895 1204
1326 381
1198 144
842 1355
943 451
1173 1181
211 178
1117 30
342 1489
1061 1147
495 974
157 204
287 1235
1330 339
1384 1218
1212 1423
237 673
409 226
1468 346
1107 326
1495 1298
617 353
823 80
413 974
5 259
1257 146
443 473
1242 1402
1263 1483
650 986
493 826
1379 850
1442 1080
80 940
212 516
1080 1255
446 385
1476 1454
919 963
1075 248
675 1276
825 582
866 1190
887 662
811 1468
1165 195
846 1219
1454 277
37 1176
1317 395
273 341
80 720
1381 942
496 775
119 105
1482 136
771 607
1350 1400
43 569
1312 401
880 1131
1337 661
259 934
1421 213
639 457
472 66
1104 1182
1328 736
310 735
1099 755
128 1353
702 911
604 837
415 1425
756 1384
1163 1253
1354 1190
1376 406
960 291
786 178
586 587
621 287
522 936
830 359
1257 260
36 1184
39 1367
534 1163
1227 778
580 1308
729 1294
1039 624
256 1378
984 428
269 8
915 155
841 433
957 1249
667 1460
1349 518
116 1053
1484 492
404 962
134 1253
170 1299
234 814
129 181
499 1254
1179 177
441 209
1377 903
247 194
324 175
185 514
1290 234
1393 537
643 519
789 19
65 1163
410 43
258 573
323 1266
771 386
274 899
915 121
1230 499
1284 1133
872 564
258 999
1154 390
1228 242
741 1014
976 907
244 398
95 189
889 19
215 45
516 1134
54 389
1145 1469
3 791
275 1165
343 1484
667 775
1356 467
528 315
1301 708
376 1306
1322 514
45 540
318 225
879 626
136 768
602 698
704 618
667 564
135 715
305 403
1380 58
287 1199
888 59
933 1200
232 1013
763 204
256 827
1365 745
308 124
976 196
1351 569
1406 817
146 477
288 428
867 520
1328 1103
182 1218
1003 588
1034 145
335 1318
1100 459
515 1338
484 774
1420 658
976 875
886 1044
1077 1065
939 1490
161 536
22 687
1181 1309
332 236
477 503
763 860
542 574
1131 160
1394 1292
1110 1452
278 1329
1115 106
977 1361
896 102
217 192
901 585
1142 438
1420 1409
1230 407
508 505
957 571
173 496
79 1489
1025 1280
69 1301
152 448
358 393
649 1061
641 397
1023 744
1481 384
471 1109
1113 798
8 1259
287 1009
467 81
156 228
83 89
756 923
296 262
745 1263
813 838
627 1110
723 1451
429 1362
140 912
307 583
203 962
1195 503
1328 1096
360 1317
371 1165
1110 734
1251 721
726 569
239 970
465 990
1040 503
531 1455
829 509
398 379
1268 745
1020 1138
507 228
27 258
1471 670
299 439
1042 954
1026 883
1149 1457
840 1086
391 995
768 668
204 1367
451 101
528 299
1228 821
711 882
1027 594
1110 256
638 981
984 1457
122 292
1003 725
1056 1068
577 372
1400 1041
548 1212
920 1312
929 493
584 963
198 1211
601 865
204 1226
1469 755
1078 1423
1416 695
768 1075
229 1176
70 893
625 911
277 72
310 38
741 1299
879 1360
359 265
960 515
88 738
103 289
1249 305
1450 1219
171 394
811 975
1309 1106
1280 505
1009 749
20 1184
360 419
772 585
1413 407
1455 1383
1308 829
886 1211
319 779
1199 154
1474 187
421 1100
1010 1044
9 989
322 119
1364 573
714 1336
892 1112
204 140
308 169
649 1087
1170 530
397 495
1183 1412
210 1348
382 1454
134 689
1466 557
652 507
1219 214
921 274
195 1450
567 192
969 562
1445 427
1391 1434
1307 588
329 897
974 1339
157 796
1486 347
1121 21
192 977
1202 386
983 1252
900 192
233 544
1171 465
1105 906
709 987
158 1408
603 147
378 491
1328 219
948 788
540 87
719 176
829 232
1338 526
975 46
605 1167
1286 1110
265 1110
592 574
1048 267
1048 426
522 200
85 1102
425 368
820 58
1068 2
1293 108
481 310
229 68
703 1463
363 60
484 540
608 481
1383 1429
706 452
1288 1366
963 716
648 625
893 666
62 1228
553 651
326 918
809 969
650 645
270 295
874 629
1297 239
709 642
1451 421
380 1209
555 318
1325 775
1183 58
929 988
345 1223
326 1193
240 401
695 117
784 1407
1181 1292
184 502
849 499
223 545
391 128
886 1001
886 179
599 836
1296 399
510 1011
248 115
1074 927
380 1301
774 996
1477 854
39 1403
1108 1364
1133 681
262 95
198 1448
955 845
443 718
333 432
664 628
1032 1294
1230 865
539 355
897 1345
984 754
442 1011
1454 1356
227 183
1234 345
1032 278
1058 1404
1343 1298
759 1093
740 339
66 1236
202 1499
666 25
1494 229
42 76
950 490
33 955
61 940
502 462
859 511
1344 891
822 1401
1041 795
120 1405
835 1388
1321 1179
1258 1401
316 1183
131 1402
1075 38
926 1496
576 1461
1103 1147
898 1082
1427 324
1357 1056
618 1429
1002 1068
1377 1470
289 1431
542 251
556 169
254 265
459 190
1415 1437
310 548
1354 1271
102 153
765 1152
497 521
535 11
311 149
1250 441
698 1309
1257 1012
1377 1031
1196 1370
892 1454
869 1148
1314 1310
1390 263
1381 605
776 979
498 1399
468 1418
597 178
1030 55
200 1422
1195 42
625 843
242 633
667 459
117 1168
432 1265
138 407
801 722
607 80
1406 627
860 1240
1446 611
1029 159
1273 1324
838 819
1490 938
1066 1265
687 736
583 1004
839 1420
1099 825
514 180
520 251
536 111
692 203
719 1209
1461 349
412 759
990 1004
412 813
733 1160
232 743
52 342
933 908
1393 272
1202 1025
803 600
964 975
898 1305
357 1461
1150 1389
1152 25
609 1174
1224 700
1010 250
978 230
389 1136
843 1446
138 1041
669 892
770 233
1491 116
66 1256
571 154
954 824
1273 266
1296 198
931 685
658 630
553 13
220 1437
45 1090
24 210
509 515
820 847
437 1300
764 874
737 1495
400 57
281 1219
907 528
994 858
107 1300
1000 93
642 1046
811 331
1064 876
648 749
260 1181
1309 211
510 21
1007 1457
694 1416
239 1357
1311 1032
1106 502
207 641
399 1284
1113 605
516 489
1384 1153
806 1345
843 585
855 761
1395 1432
1014 1018
715 974
1291 1223
1035 65
144 1312
1039 1479
900 617
1317 934
725 1117
211 1461
120 227
87 198
1443 482
509 1200
1120 404
605 1284
1162 1058
904 580
1270 1449
406 925
700 5
1294 192
1405 1108
943 1378
958 1030
848 1186
547 466
1226 513
212 624
1259 609
87 590
330 1482
1491 132
1437 1010
132 351
1089 852
133 205
309 1327
1214 321
242 975
631 145
951 380
982 1397
872 873
643 462
147 130
1392 813
1143 509
587 20
927 929
993 162
1151 1028
1429 1319
822 534
412 1349
1132 949
370 240
1437 1258
1402 517
648 596
1031 1458
1352 825
661 1281
1088 137
1470 716
1193 622
1054 145
445 629
1311 273
3 914
388 1237
1200 739
684 253
18 453
1349 1229
199 121
1153 313
1208 1065
45 190
97 389
810 1285
476 115
1226 772
1079 1064
942 1225
710 505
1321 57
22 182
1285 100
78 790
648 127
298 1422
1139 923
715 141
68 1244
800 1309
179 806
607 673
603 508
1156 880
1294 168
582 165
1349 889
1070 643
156 657
799 1127
802 458
276 594
1296 1134
700 1037
1144 1256
1208 437
1431 336
496 1320
1105 1434
1073 369
52 1101
1286 619
59 182
1472 904
142 1110
894 982
456 267
1348 1410
156 988
105 1456
687 1437
155 56
835 450
492 947
273 45
205 1500
627 1225
1210 766
1129 8
883 782
667 542
744 776
1487 1471
886 32
1298 191
1218 973
143 916
26 1283
81 32
998 1238
683 1092
401 1426
492 563
809 574
784 203
1418 254
1066 383
1404 1136
654 117
873 1135
1240 727
1478 1285
319 920
712 81
395 60
741 731
1111 1243
1346 1422
1403 8
874 397
862 693
892 96
491 215
413 1454
655 236
9 1142
913 432
334 1246
518 1314
538 382
128 1090
103 999
1357 726
1124 794
1137 998
24 174
895 684
321 151
1002 528
1360 1372
272 857
702 870
130 449
1424 722
1432 676
1052 67
927 647
228 702
842 1113
1191 1252
220 1303
100 1244
559 961
1394 820
25 258
384 1261
44 1344
409 1026
192 881
1185 928
1423 241
1304 1030
867 1043
859 1192
198 322
1080 307
160 86
392 473
901 872
428 302
1371 390
1254 2
1202 378
179 67
591 1398
1178 918
526 1234
813 1406
710 1210
351 603
16 525
415 1235
659 698
1340 240
758 434
743 1091
817 231
58 755
171 1168
575 677
231 1432
150 1155
699 886
332 1109
1072 929
1409 1096
478 904
43 1109
978 519
721 1452
1210 1488
55 815
810 690
169 1119
523 1053
268 122
996 64
643 1131
697 1147
333 148
74 805
437 1261
938 194
432 1272
1475 1212
196 602
21 552
661 1233
1006 1117
99 1298
624 509
784 983
442 47
407 205
795 1321
1060 1429
618 425
1184 369
8 831
649 246
1278 527
10 1484
1390 1415
718 815
1098 228
1006 662
613 183
417 460
788 821
1092 435
656 276
220 1304
870 745
846 670
108 340
512 1392
329 1331
333 411
898 1161
1387 488
706 1073
621 671
355 949
32 1474
144 659
311 660
554 541
578 37
465 975
413 972
427 850
1292 176
76 1477
843 1080
113 53
774 1417
1085 133
188 1346
26 427
1013 34
1003 748
475 672
1259 161
117 188
608 1478
1439 714
1384 1159
1048 790
97 896
1190 387
36 116
38 3
1294 747
1153 614
1261 1497
1058 1264
152 1281
285 1489
1048 710
1425 1449
1065 1108
1242 106
1462 86
54 107
48 951
10 1034
672 4
389 1119
660 276
769 349
350 1168
1122 476
687 1397
807 729
456 543
1124 1312
975 106
1053 23
858 605
446 851
1213 724
95 384
5 1267
880 688
1063 707
860 1287
984 81
601 762
1466 464
138 402
910 1437
1125 1272
468 129
814 12
1281 457
606 513
882 563
510 17
1179 9
544 875
1328 206
811 879
1163 480
1029 1309
1250 644
916 142
773 1314
1237 1366
466 156
88 71
1094 857
638 855
328 156
821 884
987 1468
780 298
1018 418
1365 1323
83 245
1079 245
151 113
1296 13
311 464
23 1095
333 371
1495 155
700 253
38 352
804 695
1293 786
1435 466
232 93
1444 242
1017 1101
1031 623
1231 482
1164 1446
1293 325
357 88
1303 935
365 1019
431 1141
106 1324
1077 1036
377 199
792 1373
199 711
1197 914
1074 145
1207 783
591 883
1493 430
334 441
861 394
1474 441
1342 84
365 759
203 879
207 1042
318 304
704 388
922 687
1445 772
429 14
35 308
616 278
558 518
1300 1275
862 335
207 783
316 1206
1198 855
622 901
1264 1051
442 457
1091 1330
433 642
1399 1132
1316 717
963 204
1172 1151
637 259
128 878
692 1391
862 250
458 1391
1140 586
1101 799
890 1158
1495 572
1325 479
853 1139
1079 281
172 805
799 919
218 423
1363 1311
1418 98
1424 80
782 372
760 308
16 757
432 1232
1245 1060
1471 814
908 869
1180 1194
1439 335
1029 1018
394 864
1374 546
491 645
119 1282
599 516
409 1469
91 839
177 924
139 71
550 402
504 1360
485 740
1096 696
899 1188
588 899
1414 1418
280 73
604 937
49 879
930 523
502 469
247 556
911 11
128 498
525 1438
295 579
182 797
890 746
286 1348
366 616
1275 1277
1049 1024
1341 826
1203 165
680 541
837 1329
90 808
396 368
1015 1426
1427 588
1433 66
700 1222
431 1252
216 583
1130 1041
20 691
1241 1408
212 701
124 1185
1039 812
1349 297
1176 1201
253 280
1499 734
447 743
82 1068
1409 31
813 1217
961 340
757 93
294 696
1279 1471
300 1293
257 387
1186 118
114 1209
279 92
586 793
1175 1366
944 523
1455 301
812 1138
1326 15
98 85
385 1323
41 1210
75 763
290 1359
1238 497
1180 1186
899 713
843 703
1128 614
246 494
243 1387
1104 966
89 777
739 374
1433 577
110 670
423 748
1353 828
355 373
402 635
632 630
1169 612
879 271
1415 125
360 1213
730 734
267 158
313 532
527 445
855 1496
1359 499
1196 93
751 333
155 549
1135 1172
326 1313
663 379
213 1242
74 916
1243 1226
1417 283
728 1244
1213 1344
541 316
1047 1134
32 109
351 1276
758 520
650 1082
551 204
524 1189
284 1362
596 966
210 8
1228 243
1347 100
444 476
1131 640
635 264
589 1297
322 450
1271 985
1262 589
15 722
593 1
1019 317
207 417
1134 1084
900 1274
785 111
500 123
104 74
1076 260
551 361
505 376
1092 197
309 1401
81 1396
1364 84
126 877
352 405
1446 77
560 448
530 211
604 1057
872 1059
38 1371
618 1447
837 570
1146 469
108 166
628 387
1429 1441
344 515
1104 917
1216 1374
671 946
249 1451
1151 1419
776 691
454 923
955 1334
238 294
435 78
6 181
620 759
930 991
991 163
1373 804
1050 442
1215 1450
279 1445
1209 1368
466 221
1063 161
261 1076
1473 1035
752 1291
1409 521
430 53
1461 932
1334 373
1459 804
1081 264
818 1462
364 1473
351 162
682 1024
565 771
1257 1021
1385 103
338 1067
66 1266
483 1325
1118 1120
1490 1239
473 420
1170 1116
1467 569
336 1443
1392 4
199 941
1302 1081
455 18
1056 293
90 599
613 1260
347 1048
186 696
1365 320
193 574
1062 420
263 1155
436 297
931 475
1218 1071
1089 277
348 95
355 566
678 460
902 1443
626 416
1247 346
446 674
1243 1069
1441 965
40 52
983 561
1096 634
653 730
909 1106
905 1277
1221 1072
356 566
856 947
1 1372
319 490
1485 1244
1380 1386
153 871
222 811
1094 1022
816 1092
420 1033
461 184
610 730
311 803
652 952
863 910
126 1270
268 580
164 427
612 1229
929 375
270 168
787 1493
872 1220
416 1005
1375 1351
1322 169
1436 1178
1227 389
1335 534
1293 1160
86 1453
1088 746
705 90
911 781
1333 949
408 1231
1311 1498
1465 44
267 1008
630 306
1439 1464
1332 39
1038 937
1454 1097
327 442
1217 677
1135 595
417 1315
1166 1379
1413 665
1126 1003
1316 1129
905 568
1036 1289
581 1194
1157 350
1324 29
959 1248
255 1211
959 1125
201 990
1219 7
1253 967
1382 336
980 51
844 1327
900 868
63 1407
941 1430
197 1269
440 193
362 960
1477 533
885 579
1161 679
834 215
935 252
349 1083
1422 956
758 486
1009 636
414 5
208 330
294 753
1295 1227
424 459
50 247
422 1255
1374 598
474 1257
1369 180
545 173
1100 224
311 1440
750 990
732 1165
423 992
1331 470
128 312
463 706
455 1411
1045 633
524 401
314 317
849 1114
1480 628
569 997
1055 1487
742 1124
548 1205
973 506
529 919
1420 1177
646 297
224 235
1035 167
57 968
1428 675
1312 971
833 1383
1497 953
380 832
1492 433
94 1371
1 337
791 615
751 487
291 526
1110 734
1466 464
3 791
775 872
421 1100
586 1177
376 1430
1025 1280
812 1022
386 940
647 901
645 123
444 1324
1032 273
432 1265
915 121
683 197
156 878
624 1479
114 1074
1209 69
1162 1058
829 933
1253 1095
355 949
515 831
345 1223
256 1378
94 31
1481 384
849 1254
296 14
52 1006
2 315
916 969
818 522
1088 137
1181 1106
499 1254
875 439
1078 1212
169 1119
493 647
409 226
660 23
382 72
1455 1429
1040 184
268 1269
257 952
1043 1154
391 1353
310 38
1242 1402
37 68
648 625
931 708
1405 227
359 1096
576 1461
1080 469
763 860
535 11
1145 112
1235 1199
343 1484
193 588
468 687
363 60
263 325
998 1238
874 629
1187 1012
1285 100
449 1446
1180 371
134 1163
763 157
146 260
841 1372
1111 1243
492 145
859 976
1319 5
1024 1018
254 124
237 673
382 1325
202 1054
880 1131
1211 1448
726 410
35 654
290 736
471 1109
298 522
1395 945
563 1021
1450 846
254 734
1341 1399
26 850
1293 19
1486 347
1439 756
760 988
1393 272
323 1266
1377 1458
528 276
181 868
442 166
553 651
410 43
1364 999
1337 661
1032 729
667 443
1226 848
288 984
182 1153
951 1301
523 974
1122 505
496 775
360 1317
1390 675
1425 264
575 677
1162 97
621 749
370 920
59 687
1002 1068
823 720
1011 383
584 919
1187 698
955 1334
1485 1310
819 1229
1393 537
36 1184
1226 912
195 212
1349 518
1442 1306
699 195
580 1109
239 970
1455 1383
537 1098
626 150
870 1097
1173 1181
1145 825
601 865
879 626
1115 935
558 557
736 568
925 1083
28 887
1319 259
522 936
782 228
587 917
580 1308
626 956
948 788
1363 734
1146 805
248 701
1131 34
305 403
318 397
605 1163
1394 1292
1354 21
1085 823
1263 1483
428 302
404 962
867 592
1035 1163
1326 320
792 1373
1105 1059
407 1041
571 403
1443 482
1406 817
955 845
103 231
1025 508
528 315
1010 1001
993 162
933 1200
1089 1361
830 359
1259 609
90 808
408 788
1210 766
542 251
308 169
354 212
1011 47
122 292
921 379
809 969
1125 405
1225 950
1311 617
359 1452
1342 84
774 87
1231 482
829 509
437 1300
472 1236
172 805
1125 1265
443 718
85 1102
119 1368
1107 326
798 177
765 1152
467 81
49 498
525 757
798 942
959 1248
1322 185
65 1330
1090 1159
1292 1487
774 996
61 940
155 635
1477 854
885 705
663 494
507 156
346 975
215 1086
1230 407
210 1348
1180 1194
537 1182
857 349
706 452
1190 1222
1293 108
1454 67
435 990
1390 263
652 487
1330 339
545 84
586 587
1421 1386
384 1261
22 649
308 124
148 17
534 1163
322 1456
1480 1454
209 1282
994 858
746 718
336 999
1178 1193
495 1339
825 582
1010 198
927 947
20 1184
357 349
1278 527
1070 146
605 31
1171 465
1133 681
185 514
1498 7
756 1218
1344 417
501 1062
667 367
1421 213
1377 1470
773 811
475 672
1466 557
678 1388
112 221
625 957
1307 674
146 349
226 1026
736 1096
835 1388
909 1356
171 1416
268 292
1484 928
681 281
892 1356
242 821
502 462
938 1294
975 46
711 1034
249 1267
520 881
141 190
161 536
377 121
712 1258
1327 1275
138 1254
1104 1182
1003 725
650 986
239 569
14 95
1290 12
1286 1452
1007 1457
116 1053
492 563
413 495
905 1405
106 163
697 1469
1312 401
1403 738
1164 451
198 681
247 194
1491 1053
1385 174
319 779
510 1190
536 111
1497 375
1121 1190
158 1408
1302 442
1237 303
1476 1454
140 1142
1295 260
547 466
1157 1166
986 123
728 95
144 767
1293 340
140 796
170 1299
1392 200
42 178
92 219
1064 876
1449 73
1169 612
1326 381
101 98
1230 865
1468 331
1355 1220
1118 200
729 1294
149 660
839 658
1317 5
139 696
212 516
215 45
1048 426
37 1176
719 352
643 582
336 231
1237 1366
90 1021
869 1148
740 339
514 180
524 1189
646 806
823 80
1064 38
280 73
969 562
1244 1016
74 805
366 639
643 519
980 225
86 595
115 481
539 355
1124 156
1145 1099
948 46
700 419
695 1440
810 1285
1258 822
860 1067
609 1174
695 1168
1304 815
1191 1252
44 891
1073 369
65 534
75 99
1487 1471
813 838
552 148
844 696
60 118
391 995
269 8
571 1483
1092 435
119 416
982 1397
1412 1380
384 927
898 1082
823 237
779 1426
930 244
290 1359
412 1093
770 544
710 246
207 1419
238 1040
378 491
711 636
1064 967
1179 177
1006 1489
1471 670
507 657
1482 136
511 1013
1099 755
1056 1068
769 225
135 413
289 1431
1094 256
746 958
900 1361
886 1044
637 329
837 1109
472 1391
1290 992
66 1256
1173 1309
16 1438
1457 781
957 1249
99 1343
831 84
485 988
399 1010
1338 165
104 756
1154 390
456 78
627 1452
40 435
1337 1233
1407 962
244 398
630 609
925 120
340 691
759 789
1031 716
1347 817
603 449
886 198
1107 585
1337 1281
199 155
398 379
422 643
1201 482
1060 1226
33 955
48 840
1234 854
1442 1080
994 889
136 768
641 974
1424 801
884 971
129 1260
1129 609
920 401
1128 1394
381 598
99 56
147 130
495 974
1113 798
863 632
1210 777
772 901
1143 526
602 1309
1133 590
642 134
747 1389
281 275
189 1358
504 107
846 489
1476 235
62 633
1238 497
771 1025
1321 177
918 622
456 426
1151 1123
710 453
1120 983
1103 972
776 979
286 1348
945 676
603 147
347 1209
1003 588
403 749
392 746
1445 1379
703 1463
1108 271
413 141
1376 227
593 1
959 156
1360 243
571 596
5 934
562 627
821 975
1156 86
448 639
69 301
1489 103
838 819
400 57
1296 399
155 56
1150 747
10 492
1433 1144
692 254
588 1396
170 946
1284 1133
1123 1028
977 1361
1208 437
171 394
402 206
1172 1028
1244 1310
227 183
702 832
749 924
1460 934
1170 530
511 907
64 1036
1304 55
1208 1497
1202 386
1402 517
1314 1025
45 540
1460 775
515 1338
36 1275
1264 1394
709 1046
41 242
9 1142
1384 1218
279 92
256 827
548 1212
463 238
894 982
519 1040
621 287
842 1355
684 253
668 1274
348 864
872 1451
1429 1313
1169 1453
620 251
1162 1264
209 644
602 698
1308 1027
24 561
577 372
1187 719
186 447
1277 600
1166 1292
129 181
1326 1190
552 387
198 1211
285 887
865 532
1375 257
537 486
1110 1452
176 1217
1420 1409
1317 395
1079 876
288 1457
981 797
581 1205
1211 250
417 460
887 662
801 789
1077 384
1384 167
845 735
737 1343
1311 729
912 513
146 477
310 735
1047 346
822 1225
789 19
1011 418
1175 1168
529 1282
922 72
680 541
556 1441
893 666
877 1346
653 523
1144 1236
1344 891
1184 480
902 895
1163 1253
1048 267
365 1019
428 754
1291 345
70 25
360 1434
1198 1148
978 230
907 875
103 289
1162 896
176 252
861 1475
1278 397
322 105
974 1201
835 450
652 507
429 1362
1039 624
540 87
729 1044
618 873
1085 572
806 897
1107 918
617 353
799 1127
829 1338
1420 658
8 1259
980 555
1068 2
371 354
1212 1069
1462 1096
759 543
1257 503
1096 219
138 515
493 826
431 547
621 1009
1328 736
139 708
1174 870
784 1407
1111 907
1080 1255
88 738
1472 1308
88 71
1054 1034
796 571
79 1006
220 590
279 306
1158 1272
1290 814
80 940
1435 1187
268 1458
1476 72
695 117
895 1204
465 1004
530 614
829 594
1351 43
1266 1289
668 115
840 1090
1382 1261
1187 477
1137 998
232 1013
1348 174
1187 1040
97 1136
27 999
820 932
1090 111
1074 1417
1374 546
897 1345
1214 321
23 1160
261 756
667 1320
1468 494
190 531
107 1300
573 999
116 1328
704 1455
1381 942
1495 1298
165 374
263 1041
1224 700
128 1353
164 143
270 295
1227 778
456 451
273 168
1100 459
1214 1233
1089 852
1058 1404
837 937
1211 179
1410 1301
425 368
388 1237
140 912
1197 1431
649 1087
732 465
584 304
632 1020
39 848
79 748
511 953
204 1403
1478 533
474 960
1250 209
605 672
919 963
314 450
505 824
1473 1176
142 359
770 251
472 66
1322 615
836 794
876 245
826 988
569 1291
1115 106
1335 1470
910 1491
1105 1391
1380 58
675 1276
152 448
508 505
931 685
415 1425
801 722
758 432
1307 1117
1241 1005
682 919
1361 129
1321 400
977 85
1308 77
1045 1058
743 739
1185 928
69 1301
485 51
1226 1240
1221 1110
230 260
616 125
1409 1323
332 236
1465 1146
1200 991
1358 1206
1015 1229
820 1380
255 1360
1209 1051
496 119
1023 776
284 1413
152 1337
1343 1298
862 693
1186 269
785 262
858 1277
350 1395
630 1267
277 467
465 990
394 629
220 1415
445 225
542 574
1454 277
188 1309
1215 204
919 716
1195 1257
1196 1370
754 1065
531 638
936 200
54 389
589 551
799 283
510 1011
1026 883
247 109
240 920
1373 694
1421 795
834 589
258 644
1400 795
205 1500
638 1008
789 1244
333 432
1108 999
733 1160
1493 643
1316 1299
455 679
217 1361
579 470
1198 619
820 1028
901 585
1297 970
500 963
639 457
1414 1392
83 89
233 544
429 402
26 1283
223 545
484 774
892 1112
239 2
203 962
601 1091
452 516
1395 1432
857 244
455 1441
546 293
1198 144
791 914
1279 1426
423 466
599 836
1445 427
1026 782
376 1306
771 386
1246 441
1255 1004
1072 1401
1471 1237
1355 359
957 571
131 1115
379 1188
1294 520
780 42
866 1190
1257 146
385 851
501 1100
371 1395
1139 1153
820 847
1299 731
233 337
758 434
1298 343
443 473
1472 425
270 1143
362 987
625 702
923 313
1470 1031
396 1432
315 1402
1049 829
22 762
212 1219
1377 903
1218 32
709 566
1444 763
1308 1192
648 1446
926 1496
1494 64
1195 1241
1288 1366
367 1460
787 1043
137 299
872 564
1030 55
1000 93
1328 1384
800 178
811 1468
771 607
356 1065
173 564
537 857
853 1317
757 224
664 628
287 884
1039 1084
282 973
1006 312
778 1139
1383 1270
1152 70
776 147
1347 323
466 1361
964 46
624 633
890 1158
944 1150
110 1109
526 402
1446 611
1034 145
1341 549
1038 1184
119 105
915 155
254 619
1165 516
1361 1389
1468 688
889 37
1415 1437
1203 641
1066 432
578 351
1024 1299
627 256
546 997
1357 1068
660 462
53 640
183 999
1216 1374
1401 1303
730 154
1086 886
768 1446
1478 1285
258 573
649 1061
291 1338
830 265
1006 1101
925 1405
1117 30
1 665
638 981
70 893
1104 966
741 1014
943 60
919 623
1273 1324
299 439
182 1218
454 1058
412 819
273 341
296 493
1228 242
211 178
1328 1103
300 1007
550 225
1023 744
1001 1114
807 537
1379 1475
817 627
287 727
1475 548
131 1402
527 968
1105 906
736 1061
338 822
1312 1426
518 200
1230 499
755 1388
65 671
414 1350
929 864
1149 1457
468 1418
1350 1400
204 1367
1387 488
218 423
243 1387
855 761
1413 1230
22 687
893 27
1317 1037
573 11
729 1329
321 1150
1333 85
1131 160
466 123
216 1147
1494 1176
42 76
619 1207
1301 708
150 1155
311 570
896 102
1077 1065
804 1090
1241 1408
424 185
699 753
976 511
1219 214
655 236
1427 995
42 1412
1147 1135
483 975
1326 15
1247 75
397 225
445 874
654 694
1259 317
18 710
1019 793
1314 1310
765 393
442 510
113 697
630 187
1075 1273
1027 232
720 1447
210 1410
1200 908
927 929
1436 376
904 1464
287 1235
759 1093
879 1372
9 989
1027 509
53 60
1060 1498
984 428
683 1092
1296 1463
1165 1134
786 178
182 923
567 192
1391 1434
147 1138
719 176
1050 1151
436 1092
524 546
1019 43
208 777
63 1401
91 232
943 101
335 1318
1427 175
24 210
846 1219
849 575
360 419
1074 927
1052 67
522 1422
82 850
16 525
458 477
59 774
1346 1392
715 766
1213 724
1401 689
1381 605
983 1252
694 117
565 1409
1121 1271
613 726
50 1467
1262 117
309 1327
582 880
1056 304
528 439
560 466
742 495
1163 689
591 1398
1270 1449
1120 203
1265 849
52 588
1469 93
1490 194
1420 506
1478 1057
554 541
1208 1065
1356 467
616 236
929 493
257 552
1370 767
440 1397
950 490
478 933
1392 813
1029 159
1401 1043
491 798
704 618
723 1100
6 1495
451 734
669 81
324 175
1086 1345
907 196
1352 582
629 871
655 471
1184 1033
1169 505
37 789
606 112
447 901
553 13
1492 1015
330 1212
1439 714
659 1412
1299 418
62 242
1469 112
656 1403
1245 403
1434 985
159 1310
1352 1161
693 641
1017 30
334 1246
287 724
1234 1223
217 353
1371 1154
497 521
559 961
702 911
610 973
898 1305
626 1360
737 191
1454 1315
958 1030
1491 351
1399 713
1432 1116
608 310
867 520
538 341
705 752
888 765
723 1451
960 291
1207 783
686 812
307 583
822 1401
714 1336
83 245
278 1329
1226 715
498 1399
592 574
1 920
576 349
229 19
307 1004
719 1209
631 1034
943 451
329 897
1063 707
702 585
358 765
344 893
709 293
510 411
1305 1161
583 346
1124 794
201 384
125 1238
311 149
673 464
1491 132
226 577
18 1280
227 1239
1129 1287
95 189
939 1490
1203 965
856 1251
1251 901
1474 187
1204 253
802 458
1140 1379
1251 721
851 216
718 1232
364 488
16 574
476 248
1403 1186
833 85
709 987
126 877
981 761
921 899
1013 361
541 981
1467 360
625 843
1365 745
147 720
234 814
342 1489
291 205
117 614
816 857
446 385
498 355
1055 298
664 287
1309 1394
660 420
140 1488
274 899
1469 165
1130 617
748 993
556 308
531 1455
1273 266
1090 1086
1412 941
36 1073
604 837
103 686
1265 1272
586 20
693 1318
431 1141
143 916
805 1031
1132 949
452 586
751 1290
692 404
1012 76
961 397
608 241
591 226
1450 1039
803 600
1340 370
512 1395
839 630
749 297
461 639
709 642
316 1412
1156 160
1379 850
222 90
1273 29
1468 346
1332 87
1484 947
913 383
294 1273
1061 1147
581 178
1350 1041
841 433
641 13
180 254
711 882
1206 1344
767 240
282 489
184 502
904 373
1063 1407
1121 1354
597 178
380 1209
1345 828
102 153
1490 938
1184 1496
1493 430
672 4
30 28
1296 690
605 1167
78 790
1268 745
481 548
904 509
217 192
551 1226
321 151
173 253
1076 1204
1107 1193
14 262
880 1071
49 1096
1020 1138
181 1290
207 641
888 59
1075 248
564 96
1081 1100
697 759
764 629
1221 1411
138 634
156 228
135 715
1484 492
333 383
1487 1372
1428 1355
214 1331
136 668
1316 717
1376 406
228 826
1042 954
1183 1412
810 1392
39 1367
389 1136
1212 1423
749 154
136 248
1253 791
45 173
745 1483
128 564
641 318
275 1165
1416 695
712 479
30 799
954 824
229 982
1459 441
798 1448
133 205
295 579
43 569
327 746
1425 508
157 204
1325 496
1307 725
1142 438
752 493
441 209
481 310
1126 444
1024 1014
750 879
421 618
328 522
127 1067
1308 743
202 1499
1265 148
1369 320
