2000
-288664 157262
511213 941705
415824 404792
-168410 966544
-93177 -523137
119060 -179932
88286 -611256
-678086 -84010
881829 -844613
983984 -220989
-528260 553182
592669 -503050
772580 65226
853869 -784465
-314465 168305
378328 668461
691589 179630
636787 276717
-280189 357102
121214 -985245
-994090 920833
125948 203549
-911417 626232
106281 -927680
992142 915502
-478586 241884
-142869 720459
11475 -623527
-717522 725043
12782 -871068
-573489 -527599
-83567 -625044
-367887 41805
823954 362402
-559537 -377087
-944690 -301849
-778077 -18101
570392 932580
-277376 -297552
720296 -989273
-173479 -392394
531479 -224885
423562 -595033
-44515 945289
-586880 27666
-455201 618387
-331495 141181
916951 747046
-722053 -761948
370813 -141060
818395 620224
-65249 -104032
180994 -987735
603328 -353235
-950913 -3133
-505915 73696
-578509 -3051
-527803 290803
-920431 495956
-12954 428355
502659 537490
-770011 -738268
-72081 -9418
-701650 112051
951503 152887
97353 44472
466626 781600
-508733 -857291
267777 183018
262329 297354
-269397 31591
-656991 -607961
780466 -713611
-226217 -428268
-743773 -692001
501744 -716971
279699 -622957
751642 34115
625076 819142
-579958 -898471
-682894 -862836
374635 865752
-451313 -158128
-174373 503681
721321 232649
-249912 81301
722572 -926778
-690663 -379230
-596585 -115256
461165 -674145
-94210 -377270
738740 -845325
-59482 -374759
-109323 -938549
806446 -274265
92268 412435
725488 957952
623374 47645
641184 -569191
-214962 220520
571850 287056
736288 726916
-337024 -200448
-930139 -167595
287103 -77479
318264 976834
323355 -496437
594142 587880
-916591 -907873
-884623 107175
29647 21690
-152265 58715
883603 -495048
-599175 750346
-83294 -154065
-861343 756244
928209 459916
-153771 -649791
-759751 638979
-580997 -625022
-603013 -931096
457141 750791
311727 889797
584156 -811461
804871 -993167
217396 -756678
48939 -97505
370095 -766348
24663 -174611
506573 -851063
-378551 471714
-40167 693297
-243811 -420800
146450 536609
10072 728634
-861657 -714089
-356532 -329780
-38242 -899345
360600 884988
-564567 875074
-447463 -220525
936713 -578778
-422209 -191613
368265 -172347
924416 -997310
-246034 497936
896537 924637
-255947 -770588
-202552 -51225
54572 256619
824543 294782
-392933 524235
-827842 -47954
651271 36078
-540800 691942
176600 -390292
885798 -309142
697155 380750
953038 -86446
-288369 838271
806349 -664425
582738 530198
-547550 43859
-715341 514272
705846 479001
-488887 930618
6785 -164751
-268572 -953296
22032 424213
830620 -410050
-720055 -632472
-281564 -569010
-585781 -793803
-961821 -937247
-267585 424273
-734297 330000
-668215 963482
533396 23679
-555841 -243640
369523 453749
902465 287015
715967 856994
-945774 -270329
-156209 112271
8334 132933
-920810 -769313
295384 -818485
877962 -69538
844811 233149
600676 -237404
-244808 -285257
-410512 135582
326278 -786291
54796 298935
707062 -943834
623832 -890352
-70546 -34485
610966 -205925
-456897 -635062
516341 -222207
-293394 42673
404522 -59442
725112 114771
-847254 875576
-946273 349709
-321650 735919
38058 -511690
-586672 -222465
-59398 449432
47290 262934
-491089 -427188
860199 -450443
-69347 848933
411156 57247
-506203 55138
-463257 -324778
-990033 235705
-587494 396865
-523620 891108
-928618 176379
-274081 176001
-228141 646703
450338 -303968
-316628 -736894
-690435 786932
-346555 -459666
579034 627676
-386909 679145
267778 -454893
-783404 -822923
-203113 471424
-654012 -234343
-773900 -717881
780372 789652
-52557 755827
146647 -305806
252264 404753
815073 941513
-417122 -559007
237520 -410651
-917283 760904
178614 139852
-874664 -129909
-949284 748291
238936 352614
-752356 -590268
-882836 469979
83545 -654161
304704 -302842
-599737 -477663
-584695 -404272
-600518 505414
269937 173314
748084 321658
-376052 306782
-556717 23785
307016 394986
908841 442340
-816427 8461
604857 52898
154453 -16304
376033 -551189
30524 774894
40366 237580
-53466 -507318
827145 -452242
-585831 -77614
466350 809749
-342762 730282
-58062 -463191
34977 -284757
293882 204899
646921 710650
446559 115851
76618 836272
-714316 -58545
507316 282773
-330183 -95196
-639516 461146
-825524 -379218
90808 827360
503860 413410
-921733 811982
742779 -558970
-140895 950575
-265346 493633
-162438 -372915
511236 59501
439472 -851734
269343 442767
-506197 -782080
-376556 -478745
320874 302371
440736 704868
197212 -165458
323345 4534
-900555 -680878
307554 -508931
-364204 -262213
-69397 -503641
-740307 -321416
781515 650197
45584 -658086
712608 676354
727421 -946875
284950 -773691
-963705 -585448
883624 3957
942532 -269102
598812 860440
638198 -140479
656634 729178
-264516 51220
718031 343645
990471 6273
-265992 -162730
-126036 542789
-57979 -383656
401052 -148682
113139 323045
-471837 -770160
-551324 -846025
-972856 -946008
-576687 -163220
-888224 366533
-218441 -890799
724167 -62407
-901569 91027
785844 -558097
86526 960593
-593595 985498
298093 -640015
-362817 632821
-80588 938735
-432417 -555134
-374245 419293
-740192 -188603
90037 -866759
-846193 -396009
165452 -606021
-822387 -971239
-737632 -756448
139537 52047
926113 641901
801126 525
768665 591380
-353259 182232
-139708 491706
139747 -739403
-490748 -396655
-9604 -508095
-752595 -670342
-56849 387979
-771873 -65875
924313 628519
612889 -266869
-180021 -274191
-711249 16986
604334 -228011
907176 701789
942693 -348938
245049 -987839
960947 -57751
-327569 970485
-782157 -929096
787078 -379539
-100049 -356287
-463788 -607778
-705627 -22367
-143787 -54982
644370 -347828
-583992 418948
-208831 493524
777086 837370
458387 -814999
-558968 -255808
-354174 -975163
-179204 -464960
-75832 943034
-682998 752709
-698896 49316
-265745 -265933
89520 -475992
-543694 328016
-614135 465984
496227 439729
-121430 984793
611757 759232
916098 -408675
-48116 849573
-93640 -777643
939736 -847212
-583566 -447807
4718 351645
-929191 648629
771632 -392086
372759 -360413
-370491 126454
-619019 -988962
-420908 578230
-119307 714094
418454 724040
-654519 585871
541069 940452
489896 -623568
-344703 231540
-212344 988430
-69751 -556770
-714628 -840
45501 42438
109682 -4546
-893727 -849027
-481016 -421014
-527859 860440
-721325 316372
964335 342454
-49766 748655
-242410 768172
-999354 896531
-927393 385801
420462 574862
570311 -353529
317592 508022
560739 -545684
417085 -143813
386410 120313
308777 -814608
507186 -136111
991735 -200732
-20300 739894
-133842 185617
695679 -648773
-99837 979358
-814955 255678
-276815 80568
-719390 -762764
430931 7060
-401290 -268486
-210976 -758079
232531 701762
-307473 -212753
68525 -569646
542908 574135
41693 -972298
-171244 -401904
-628892 -742096
-73349 -72935
83248 -620505
346211 -894213
705787 -134655
-568104 620301
-135070 426493
647764 -48476
1430 -104680
811376 63161
520448 556079
-841423 -540599
-800376 453865
-720688 452005
681622 -789260
778034 -359481
-220784 -377107
-921001 -208096
-691368 -585057
784623 -301579
-356340 -925269
283448 -233488
113089 187212
687957 -122414
610265 -49618
-510734 -270498
-675788 916407
-665252 175168
-167149 249683
118244 197472
786029 -542008
851362 -871638
667345 354075
306754 -240574
-764655 197451
487140 -989634
167084 -177352
-568484 449487
136199 628251
74814 -168521
314497 -130321
584007 241938
672267 172081
-704471 -193431
-673605 314538
797577 283221
950248 -923303
274774 76870
957001 699048
961699 -50507
-645975 -352583
682820 23285
-570332 -89247
292398 702561
-901788 664703
-165368 429722
410589 -794994
548981 -811072
-350870 769605
-267523 -417673
-121105 267021
-318306 -902314
-395435 287998
604898 502660
-812726 -5674
-38562 823896
-9628 -362404
303409 -399519
-760502 633321
-444704 -310217
-619660 536807
-327042 -973213
666865 163809
579842 325213
-299230 556857
365584 -429391
-21015 666555
495122 -787915
747459 453729
-781140 -722946
666717 495711
978672 -359102
189378 448853
556128 192109
-583495 184890
275929 152261
-770653 -256753
741188 -132475
80525 -822787
837487 -954672
106940 407752
-793570 -282526
775373 -941798
886276 791170
893946 812902
203037 129441
-479755 -776821
363037 -669777
-760575 -926053
94840 404505
-678846 -381532
31136 -853375
-993318 -24292
-346884 453928
-157254 -229030
367884 813540
-303020 -774465
-878173 605195
484966 -183202
-803782 302134
-216892 -342487
-576277 525861
-103613 439128
205491 -27637
774592 -928954
603359 761109
177337 -650628
-901207 -784495
-363268 303577
467474 -703550
644213 -562802
-255959 -962280
181061 268410
-293691 -218977
-574099 -728113
681615 -498553
701876 443162
-155946 -151391
834996 901617
405932 756717
228593 -582155
651256 143914
-282618 -597296
502973 580032
687421 -354451
-761414 -714863
-483770 941070
770510 -465890
540575 832431
30778 -347950
-270823 -363019
-268505 -361690
-666253 312074
426243 -117187
634516 -597937
215927 545673
883363 646298
612647 -173701
-696967 -366359
-77900 -951588
-856276 574129
293925 -205698
17252 -307492
9564 265392
-69442 -315929
-651858 428002
-331232 -455177
341102 -694096
-724761 900631
-889201 162560
-716226 -773030
473241 -344096
-908925 -957979
632885 751269
821861 -43887
-934320 -720679
-908527 170380
-289593 632969
-867363 589851
715934 -311090
-244537 390425
413434 -349440
-553070 791562
-467272 148234
-108701 329527
192966 712826
-754880 196603
281302 581740
-958029 325246
869004 436805
268356 680320
-580240 -232290
743636 -664132
329572 -11942
738393 387099
-92547 -486461
-802911 -465547
-866239 744733
-730725 -827678
798904 -69243
-958504 250924
84447 579285
-665930 950901
-560039 521402
-955224 332454
772302 -601401
-915066 -39309
-412922 -97835
-423540 596017
53164 606692
438995 722201
126775 283047
-19756 -529597
-888432 368202
-773859 -743283
-260396 874440
722916 -438926
190618 965620
-309369 716788
679221 93945
839121 -417150
568099 622013
430421 829001
549566 -444928
-376779 446055
-951817 -296853
274220 -522381
246477 -673228
176674 -66953
578651 -624296
221187 826051
495206 -389891
-637476 710353
182464 346532
-859446 -539575
658599 635802
-32635 -897955
-850036 -94133
704454 304126
714135 -59731
747155 800391
-447578 128849
-246651 990771
-92348 591073
-456554 214508
-560095 -459693
-959481 803437
479497 -710801
-205487 328355
-285840 603217
-137927 549086
507658 388456
558947 133521
-134037 837714
-58760 457519
-458766 -871749
-804477 -413854
729731 -963523
811166 953507
-329530 974535
641870 -675146
667777 -234490
-916725 187449
-447927 775066
908832 875988
-8126 649379
-929996 -232308
-517293 841505
145223 305266
-361422 -250189
233435 301491
312058 -859566
-4354 -246669
-129585 815279
-622500 -91003
-377793 318159
913328 263420
705118 258131
701804 -172550
153049 -725260
-848137 526371
-261651 -41886
-12456 -122712
-551904 598705
497941 754052
770932 817730
-284846 752153
989050 -384310
388825 322459
-696556 80065
-308334 -713286
-78739 -84208
811901 124019
85620 38386
915266 -555911
31321 370567
741343 97775
-569686 316037
855468 134802
-782249 131149
-542386 871226
77497 866350
902257 716560
-583384 -679297
-330859 -273040
-278488 -875128
662711 -631203
606042 805743
-937847 494361
338451 848885
-846897 809248
318390 843298
-529435 284996
-249725 554100
906647 174177
469754 371820
526183 872363
-251257 -41862
-810305 325121
-362243 66051
-426951 -975974
476964 -184533
336266 -374419
919296 770382
582861 -254036
-981724 424313
687323 -167773
702695 593288
802411 241775
544076 -800341
35191 129436
-648259 -627951
771265 -974065
543693 -956937
-588135 -372805
722757 240595
-188719 957507
-541 932707
658197 705684
169797 -274993
66476 522700
-308786 -375519
-17668 -142473
746325 306741
829836 660180
169614 241516
38778 650495
-559080 917832
-629144 87512
-111709 -72956
-564809 965108
147579 -811595
-485439 383676
-425615 955397
-946305 646995
228368 293985
541105 648406
102185 -289071
-479847 -239524
186945 -576982
-86060 766375
599719 -246717
-592977 -59282
937507 340642
247808 -745176
213373 192146
547961 -922346
24380 74120
-896090 -299534
-518782 883158
5397 455082
969325 859355
-824344 383699
-600386 -58241
-202590 808665
-249675 230621
352225 -477012
20074 -161012
-312149 656171
-124263 557597
710645 -914654
-348349 511964
211715 -651327
619536 311648
842472 176416
812678 106502
67818 -711734
574596 651906
23028 -287625
977578 -89867
-168696 149177
427875 193570
596791 207299
-74652 51741
-317404 -215571
-310506 302195
242846 269990
542563 -429128
-784977 -374033
154547 758687
-366161 -60536
-721515 583236
410812 -268456
-365800 170050
-516927 934519
-372581 -815126
-639439 973976
-350999 569680
819069 -517094
-342294 -841431
382873 -288364
1632 -451803
817702 111013
-174241 -640918
508343 79846
345352 -594532
-806729 -121420
341380 304949
-624946 285403
-102238 -736243
595383 -502181
-75186 498890
528503 -943679
-775408 -519177
-949235 -120052
-505179 812918
274168 147689
873091 -385409
229137 -915750
439327 -131653
540648 -637335
-905895 725050
-497368 -596604
238884 535961
-561602 -508217
163306 -233815
-749986 985582
-125305 -490007
-615943 4522
671517 424692
-685862 -615383
250659 -765705
777202 -716173
-464948 106257
355221 731644
-755181 -225113
-844696 401888
754959 935182
892746 -275906
826491 504304
138674 202430
-303287 350308
742537 -965313
769908 35514
663964 625199
534968 986313
-710137 -351525
178716 275739
329367 -873968
-594567 -821897
-528611 353559
-542367 909855
877957 -658124
-210742 5881
-586370 146154
-827172 688102
-581875 64214
-104508 192634
-766610 -7731
842413 -792561
-275592 -337203
717230 -976114
-779779 715162
-718024 146889
-26123 735069
746750 968239
975820 588989
766010 446871
811714 -545612
-690253 -989992
344296 -111622
-783557 -868523
271487 305266
815865 -695609
836847 -912837
861959 -565540
-972365 -316369
618780 81222
-365953 340116
346648 -237000
-212608 545831
-740730 922482
-838649 -382388
274002 -939461
834673 293426
-606404 681327
991749 -165703
-647644 576825
-449914 -679166
-920035 203475
-727276 91468
-777610 -772132
668736 484959
-714704 -737620
926787 191193
760378 353954
591081 948044
-327305 454294
846101 -43940
-227978 -377042
-456165 355106
-921695 -76799
242114 -485367
146847 281585
-988252 157280
-104979 -38024
732133 -606532
500081 -621848
866935 14964
-196930 15565
58132 33439
952328 932931
-755707 -437187
490079 485144
-852846 164003
596026 317196
829890 -700194
943850 778817
-308115 -797452
81775 -117967
817778 -966723
924345 255807
739944 -807171
591569 314401
-393963 346560
489659 799887
-720519 -956917
-980699 -519628
694080 883974
40391 -719726
130375 -857137
-363220 -816907
629274 179993
615885 -785707
-655654 -883837
31688 848019
-202853 -367400
233886 -869551
-90994 776442
-11136 569824
-73011 245269
-335609 -380299
-85541 -28871
-793550 -364871
-492128 -208769
-731222 -843471
-627730 847427
-218016 -183739
386532 -907998
547172 819237
-528632 -872366
21129 964260
199228 12427
-557345 -849395
-804445 323364
-871932 -615637
-578482 561336
555173 -336352
-260908 -593980
-826345 -462893
-814746 352303
630925 22284
365757 -148705
-225297 868138
-805678 -66522
-695506 979368
-198091 839587
975019 885436
-452852 344188
-895129 161240
-729165 -851376
-927763 -583035
-512965 -465004
96607 -961788
414369 -86845
-620281 -993539
138750 765333
-267120 -18318
-679309 -963034
858571 33298
-75643 -477934
410264 896109
-767896 783114
148440 -787284
-804700 828521
59715 -442726
622869 -117155
-667362 99372
-833052 -27877
158593 -107243
-888932 -289294
-701224 -938458
153973 -616597
562226 526134
-807433 -992626
-821473 -876182
-495361 -983057
86065 -635872
349418 -272816
-541172 -601512
226919 899288
233086 64862
-770852 -964511
-909998 876631
-860018 147159
844768 -611296
-505355 135756
-501746 -945082
-896941 968075
869518 -596631
-79935 551727
290033 936151
945105 -846726
-658729 -450439
377328 -554340
855223 -258347
442479 -127811
-541390 -18562
423581 -621601
499230 923365
-714284 450796
-528966 178751
494002 731980
-885075 -911048
966225 -14844
156836 691845
879592 -619477
-109337 299777
866409 800569
1867 541038
-654457 -469702
150712 196434
-427499 -29757
809341 486396
-577097 514411
629720 91563
453904 76929
128229 -195028
-657704 806495
-915734 -42872
-607530 835540
-328456 -383342
45154 -823513
-776559 -153503
-237193 -627903
-694294 487345
515505 -650103
-916357 -118041
-631193 903531
828397 -945506
-918309 -667134
440994 12034
74248 -155041
-738092 585177
-955251 43933
-62166 491695
7862 191517
282452 -198072
217168 870140
-469008 -295099
-336746 -497948
-845115 325810
811943 -587418
772701 761128
-288690 -366292
-722222 126689
-218835 -55162
355699 -636632
799280 608578
-564177 -284983
-111462 -363029
56262 -428369
398674 -164157
726213 -141340
-274456 -190795
593640 759149
915603 -679
-427164 287918
845645 -831813
253256 -681951
-142493 -132715
406612 -64530
349480 801026
629839 640264
858797 -314747
-472601 -949151
483954 648195
706585 442841
-918377 744348
936385 157703
572190 -389189
-588903 760887
-620182 539261
654625 925177
666279 -33952
449383 18173
-685126 124399
-692554 924893
-687942 766997
-268971 248502
431151 -456822
-923980 349478
328715 -534149
1754 -375142
-66849 512029
-783420 -210913
-133284 550059
-490878 -50833
-770615 -555505
-130916 -394692
-329048 -758992
627901 848801
-231432 94597
848755 -311005
617659 386421
-57715 -629513
343978 -558135
-972234 458179
174173 -138293
-569822 -439751
470464 479229
50017 728302
-449230 526778
-521631 350145
-107768 80148
257094 637963
560119 698268
126860 -760871
60647 -451748
-334271 511767
-969003 244774
987688 -617769
554876 665329
-923041 496676
944902 977203
-563842 -895224
-535959 59301
-524166 12240
-193696 -154124
-63315 734267
-496044 -126717
-435201 320556
-450691 -199329
-772460 -89428
611829 662350
-601763 -558333
-308488 -341944
-423234 966265
-180711 -370266
172226 985145
-5170 30940
-568845 193072
957149 851519
-281671 801790
452277 996419
-432220 -547972
-40100 -559537
641459 240141
-999131 -742675
-779045 -93390
-90574 -150686
-924592 -786884
-568602 944679
-714846 -89200
999532 -711479
324143 -268734
-995958 8532
-292149 -66253
745920 -344390
-211889 480398
-349137 470811
-253337 604213
362116 421477
254714 989463
974511 -316869
570674 -921075
-573010 -544933
-187916 -101207
-558605 -8696
220399 -240285
-347245 692107
-557085 -346526
-216140 2754
875312 -630560
219709 209798
-408091 877703
760920 314922
392197 416694
-172449 -601875
-675788 124211
597448 289057
-629183 874012
-912003 -961207
-259594 842763
755589 -363545
-518686 389340
-241796 -314137
943825 -275147
-455335 -382898
873701 -78663
489653 -332706
-101160 -543736
108138 107097
-749930 883872
553510 -65812
921827 855339
-111747 -105461
-58763 -779058
-282575 -486449
-790664 133147
-443947 767560
-669257 -878814
566638 69587
-326027 372066
-429281 237480
-325775 -311027
359464 -929088
-58840 -623450
-200957 271864
-108010 -679635
987917 298204
964145 -861163
-142591 393012
435054 735220
-881361 -385176
-360366 630637
410751 912983
983320 -265327
-94307 736162
600817 860430
701467 191301
-71810 -532821
68158 479444
-986779 812788
265662 747839
574924 103594
-69190 -639316
658185 325515
923176 -181399
982012 -668546
-902401 -766703
663628 -654585
-647874 -969838
-334024 472567
82438 284781
276667 -127523
-167918 -971738
607473 943831
233959 -536187
104529 658585
-885693 -515487
758122 -103112
146921 -62846
57775 137982
291462 599161
135148 390114
-247258 -275456
287534 -30245
-559189 -821075
726775 -724408
640803 972929
-153818 -502577
-367084 705828
-13621 274437
48843 497210
-404662 -849616
868569 780772
563770 612101
-49981 51767
326171 250885
348670 399095
578771 -404037
-269108 -95378
244808 -906875
112751 -964766
-197003 641546
533541 -373525
-597388 440087
141538 -24673
622250 613705
699210 -899017
125697 -87270
577788 453526
-989970 -312549
983767 144568
-929820 -729549
319862 -1310
-109281 639832
332024 -19484
77730 629587
235995 -288068
155636 112567
-961761 913308
-501602 -91645
-703445 656723
949207 -585435
-945061 928547
764197 998967
-314708 498854
529709 585354
584396 -470876
-940552 -528764
756524 506822
-679214 -745032
426071 -115410
-77837 43965
-804676 833004
288577 -503191
-427807 -799229
-199773 -40261
983737 943121
958638 -845139
-977596 3003
465759 -398527
-646473 -549673
-289739 -246080
426601 703340
-428712 938681
-791801 270984
247057 250595
341432 -861288
359421 566262
-266845 -100291
50728 -566260
-855987 722130
304007 494890
231056 -157487
210484 -35541
16387 -193045
-642169 63969
-323872 606928
-54360 -58452
-461734 -464311
500816 450771
695352 -498200
944396 -44145
-756136 439141
-717836 -990654
50660 -249479
912017 803755
796707 833888
185628 576928
407267 -140977
-296993 -950351
-203398 752678
914758 377934
-524707 534407
-777190 -217922
-443238 -721263
-646519 -685266
550846 185165
-448200 388878
-645499 364403
803781 788497
-588350 350190
-830217 431126
-169819 -408912
903406 -555450
-666127 -251505
614804 908624
19721 75051
992882 655114
-96531 960210
330393 183855
605638 810050
-874194 480496
572530 -838346
-20155 724297
903603 -284876
-286266 62718
-207711 -439277
-346135 920240
803816 -951221
702636 934746
680951 -76633
-788211 -337328
667694 -49475
-882977 -757905
226831 -58068
-502281 -32251
263364 -867883
591485 926534
-956888 971834
682523 -666901
-204637 -163091
814727 956141
-455020 651169
-967763 -252205
-12135 -897403
850531 20113
-10871 597644
-644956 -38105
-627553 -389297
123537 245931
-443241 535339
222305 -41214
792770 371987
8951 914436
801949 -114571
924498 835397
-511351 -582926
471838 9779
-815510 32655
-77132 141811
-387624 -225315
-906994 215674
639708 714999
740804 -285926
-150314 -997982
-179230 -741274
584043 153967
244979 -819763
-644559 -917124
-432238 773065
-56471 -958028
-916782 68507
-897450 454588
-467944 -842514
-822909 753498
-672513 902180
165262 620362
-337730 -605485
498492 -553814
337524 -664625
67773 -727487
464500 -693776
-548673 149833
-183974 526741
627032 199507
-656719 461202
971274 841065
-762027 -715667
-823491 -11112
992501 -385969
-254276 -580289
184121 692016
-937940 705394
-729966 -458321
626478 -177644
56373 536452
-493941 -15131
248410 748296
878659 543646
765826 832995
-898581 -553546
-24957 -345128
-625431 146485
-557750 -40489
-866923 644619
510191 -249306
-936572 -760067
577262 -848606
917151 419687
-358005 -3062
832223 -157
-99778 607017
-744644 -750497
-692220 929300
-53907 285139
-994748 48564
64770 711707
-906265 -448770
231673 -891950
301852 923765
-729713 955680
-971296 576898
186976 -851328
-539085 843519
269123 -9832
222802 -926588
693538 -931097
577640 -870602
766239 -947436
-510740 -119152
-614159 -113570
739950 989567
-361644 -465505
237882 642618
331351 -583271
386942 -100934
-237277 -432453
-807759 -195418
-299390 -197253
-614861 679640
-402769 -526766
-328162 32326
850287 774947
357732 -360457
-176270 579729
-865582 -534244
-879663 398061
-321114 124085
187519 911656
462313 22714
841658 -809879
495333 -277672
175705 -298343
925375 775817
123983 192650
559616 56386
-824908 863164
-939035 987864
447738 595772
-164549 -845554
-620101 -96915
664897 -157246
-401168 655859
166958 506820
-271579 -591528
39170 46323
986619 768380
456946 -702182
525678 -810725
414483 812314
942467 -677526
-62941 759486
351569 910805
31685 -735989
789976 801510
-823453 496713
208698 113759
-453946 748784
175360 983801
642848 684007
419567 798585
-370586 968660
638916 695807
-666772 429176
870947 -24966
589583 -706191
-463868 -551383
196753 -848118
700370 556277
-859106 -744083
-975773 581004
783298 -139458
-566214 -714001
-525683 -872071
908166 -473428
-520870 -285079
-981759 -915119
-246029 211500
13409 -737186
7663 -595720
-31840 324341
60636 -122876
-839012 994269
303363 926988
643995 421004
-861554 -278244
-933940 658301
821365 -907426
489781 107324
436633 -985971
-435142 369478
-789696 -52617
-462047 -546263
612357 674222
-118036 594378
515941 405333
-360936 255627
33129 -77574
-879816 -154751
214646 -228681
-369059 215939
809372 -702572
611776 -720587
-266316 218384
636459 540343
580171 342966
-673944 -792525
-808219 -956456
889007 -356571
727987 398598
177240 268798
279132 -918721
706451 -899592
370372 606881
-747052 675825
-584715 804901
441985 -636874
-362623 740966
301031 -578672
106193 -328858
-806321 -19357
-994769 -188227
-978473 -935005
-990569 866330
-903494 -456165
-135484 -994190
-724097 -949812
977815 -896439
-68308 371831
205061 935968
-622752 885171
67985 785776
-476396 -451395
-86699 -804469
530291 -623692
-925307 829402
-48876 -139096
-241899 -688445
569379 963525
-597280 160197
224698 144351
-510047 -306069
390801 -933567
-498021 234004
47815 -88760
261500 764484
870044 979676
-602188 971953
-640968 -184814
-768185 595170
-195637 -460868
-672345 838469
970920 -74259
-189713 299071
-965468 264511
837511 -356059
704760 791179
-503497 909513
385541 -443136
287914 528845
-67816 -746192
-47563 -169022
825314 -297222
284258 183940
-37978 642827
-154259 836816
-330151 215671
-462827 730210
232844 886986
-829808 -966366
-730758 229062
803278 -920303
229896 -263877
620325 673212
-893515 -874701
-949096 200615
-496991 -638941
558504 595808
-937972 -40277
805657 -113367
520853 -731490
-59500 996650
-887389 659923
-443211 540317
-818102 -611538
330719 -940540
807797 509786
890734 -808156
710235 71748
-730835 504512
-282505 -252607
-526315 472869
782714 535064
609962 171723
423702 852828
649327 -202181
-588688 -317077
-623507 459945
-961575 918299
-382472 -303754
492109 -182774
-955656 495565
-675806 163905
-204448 -601254
-836824 -677456
-828688 632648
237728 679141
-898317 586034
72560 -753160
519515 745616
-439971 870928
174357 -132502
442529 -191553
-176512 -843629
-388960 -183538
-126627 -883478
762233 -524846
-611997 315855
-470545 994839
406529 -946286
40885 482784
-965773 730093
-27028 639034
-396780 -298914
-824317 566031
-77532 960889
865245 -665592
799751 822271
-646249 553127
508552 151657
365368 -3841
47714 115190
-357605 -189448
-626352 217965
-802974 21532
271134 -801922
844687 807892
-69259 -385472
-552985 726102
-264592 -810057
-970471 512878
-414147 138452
854823 660715
398936 986753
-293827 -55861
-491478 361021
-246870 587735
418646 671385
465347 -692239
983968 -771249
-365836 92674
-410223 542506
-965175 52052
-961729 695353
428665 -89217
365585 -641232
715363 405368
-781913 -12830
-46005 -569133
143819 -627323
-946518 -232039
-856409 -720082
-118019 543891
83009 -830066
540033 770977
9371 -836040
-458393 365653
-33288 -457822
880252 -132099
-832982 104450
638794 -944971
450176 -150901
-607574 139070
-964275 -303897
307732 -667535
-738202 369615
-353366 384670
-813880 863924
224910 961897
-765983 247533
85524 970768
-423976 401116
-832112 -550371
-436918 -830232
270420 93527
759020 -649839
-173504 -833006
-88468 270509
-385640 913496
-426492 -401739
569706 89111
-107907 -144921
-96663 -991556
589894 553703
-408736 890699
322894 -83013
-291760 -253504
-167396 -602651
-426704 826314
-387646 901099
-257679 -534779
-834223 -27825
892008 -685665
271098 997598
228066 752397
-771343 -714620
802618 -924670
-392260 590561
-513321 -353605
502677 27479
-806968 458553
779383 447864
340783 -521602
-164830 306684
-110097 496211
-141712 440234
-633782 365370
842417 -74143
445824 -274156
235045 -765950
-12078 -546622
843126 255792
-662912 563909
-348966 495144
-847184 -128921
159453 190744
-63421 -503852
-864819 -716128
-767499 700337
-304253 247562
-576739 91262
329011 -362991
-642929 513403
468951 -72531
-629170 810450
708353 -799923
333645 -554418
405619 732280
-825408 489825
-716235 785289
-722234 -310547
-895876 557848
338851 920330
-42573 -210368
-653439 -229220
609560 -871490
-128017 18462
859039 794825
-883601 -609260
-518141 -52029
672678 151445
301455 945820
-239293 632447
-640571 -331723
-808827 715641
331499 633134
844048 -134536
-573515 711187
-920275 965877
-408123 -888384
-98963 654911
321664 -832011
-198819 732420
212291 378562
-411594 838718
-220027 619482
405142 -294946
-841437 -746441
-149597 -430770
750307 -403263
-31848 155130
-792086 57743
-57296 174420
-467251 334249
-825503 29042
-828483 123169
499384 -511146
306276 -937037
-308910 949471
687273 976141
-5517 255542
135295 -122622
736396 161831
849975 45476
261483 -986255
-226601 164302
711189 990380
-488609 27477
242493 448195
-232616 -661251
-706726 -351040
941949 307778
546311 353655
798041 -509867
-287985 380269
-788786 102915
914634 -903368
-504065 98689
194410 647599
558793 -38166
-741313 685416
722723 -399785
-60363 -166779
-612473 546367
307398 -820040
493475 749984
920768 153351
691956 -27660
394290 150243
-612895 -995363
691135 -501285
880855 356248
-688195 -382250
-396297 971794
-390791 -469373
-834193 424138
784544 457074
914504 219455
-770725 -280574
-701534 -512502
-355201 314619
430626 -510067
-5305 -607968
-570554 207204
782302 433008
592403 694580
545362 -403871
-867819 348107
-90635 -437030
124161 280175
307714 -142677
-124338 -926469
912971 -795115
-616143 -74312
-20156 864575
64334 132084
-687310 -91686
954857 389637
634578 77510
-526898 382458
-447205 658455
541657 37175
811847 924439
-186819 367653
-468635 -445352
-558322 -649937
-758239 -579306
278594 777617
244594 -288682
373000 -597568
48906 725312
961927 -587367
-517833 -655771
-788906 399495
-895023 -878681
-457904 678012
-79359 -534284
335924 -42203
-149333 -811519
-921930 302425
-160132 7427
-68941 -152647
732212 210008
943424 481915
-15826 -879080
769220 461090
578405 529062
972604 -150628
-455505 -131132
-261413 -876103
578641 856463
-71459 505074
898918 360089
690175 -581613
-984336 -812606
-881107 995661
-160627 723326
393050 -427309
-912161 -700601
-248376 644850
-792289 -402814
-339154 56239
295291 -974568
-807234 -176046
512457 -702090
-704290 604430
-786152 -307939
753383 56271
-462216 -607054
401605 -924328
-891910 -79209
