5000
-447846 180128
-137810 340216
-990833 -677903
985001 298390
-279813 536637
827203 -780047
747636 -600551
329942 -103258
-802503 -386470
812660 -269124
260269 -219082
423481 986873
75657 742954
-975240 -881987
-990972 230502
-93824 -764671
449768 531548
-817394 221031
592888 -208506
-844384 -248103
-305570 38689
-383233 12375
-473235 -745846
-896539 121039
59612 -706214
-114294 188291
-92031 -578639
609389 -603730
580757 -92084
-744715 -840675
-331001 -585997
86312 893367
-900096 -395645
-933859 -928450
169105 699459
-655896 -692119
-410185 -401949
-335675 115734
678951 -497027
251162 670558
806935 421490
-155856 -346694
571403 -804053
437199 -60702
-597231 320737
-766342 466238
-427980 178941
-4473 455470
-558950 113527
-723467 40568
458 -622167
690989 -47102
21971 -939288
81492 -757929
-475659 192961
438700 -73048
-771950 917616
-336595 158815
-501546 -856662
-348697 933951
464216 700144
388900 44012
641938 573540
-861060 -825905
417593 -148415
-858078 -905364
-588396 -7400
-476790 -923312
-696705 570461
-670364 223256
854492 -437786
349593 -834532
464270 -808092
-227142 -136514
219038 406856
180074 -656639
90116 -496196
-687858 862496
-358906 548229
692836 552537
253727 84717
375258 -993701
831783 786611
-834035 -647992
376434 -169134
-627701 -119863
-617906 689329
619185 -743922
-679434 -768027
-474438 -340598
303964 527434
-552978 -315278
-821431 -527225
613458 -447423
-778970 459430
-12447 -527006
-374498 288377
733771 -702830
14194 -960637
-139117 -871949
-497414 -932910
273446 -106694
-453898 -473587
383292 488941
-390958 -80509
765266 268014
237654 -966639
-662566 -295065
-475171 -210910
-221677 129311
-191631 961640
761266 288598
370717 747861
250494 -321377
-134196 -282012
391581 -811168
667249 -197634
585472 349167
500210 379581
294579 -347236
-624628 -843863
440363 846114
401469 830109
177886 438724
-846856 -299634
630728 -749588
-369336 -435706
-277712 363827
-821056 -694723
259836 850552
-20266 230764
642530 -963356
793167 -617676
-575919 -489512
-957551 -403029
-318527 825236
723100 73536
-561612 675364
750540 -902165
861917 177491
-215134 -30332
323407 -765216
-770058 382315
-418584 759655
-543556 -846150
212946 -154867
-56766 -21919
317760 401081
819679 -226114
514047 703008
-350949 -164569
-605012 -128680
685498 -30328
39646 24970
-605191 762512
-669399 -444759
918796 480601
-87361 833827
-798032 -382000
242826 -842631
937187 345581
-125875 888999
917999 214739
326232 -242998
855880 -750804
638306 -270162
478932 516705
166274 577258
-678865 -314736
-544266 -873223
683532 -930627
508680 -754277
-256496 416870
-481444 844502
580253 -381950
964542 665102
-539688 -258873
786134 -655501
-837331 71845
600133 -643008
260290 474665
-211656 294929
554218 357204
864404 -27557
322848 694641
-342071 94541
594494 639679
453242 198502
-372268 256529
788929 -615402
994615 -760519
966856 -371872
-345350 321009
-66481 -237032
-326429 204592
148586 -705529
97501 -463661
-499327 -196289
324368 675176
159292 -88413
-975713 -1121
604414 512355
-523216 -976940
530625 -430680
-758199 -440636
122666 580969
122212 223901
-495702 -388331
-587645 509631
380336 -559383
-16824 452376
839303 422336
-28543 -38287
-557413 -294849
127261 826366
222226 -262600
-437428 -452269
-321288 619713
199196 412223
951325 -315070
-651737 434213
51059 -683656
-797265 754689
-443577 -605004
-29941 -580511
40120 -863792
942376 -786258
347913 -4818
-684850 6516
409762 -185504
-267450 -488566
773265 882446
336629 112048
-188515 985024
223320 -657384
-99193 912748
-259967 -704905
135543 116922
-232353 -613469
-927429 -587903
-763012 -853818
-990246 855320
-25875 611284
-325441 -998581
-748101 -341118
323962 218500
561409 712240
-539368 452865
584128 -720729
-269103 870275
132366 527915
-522013 -532963
-974467 575463
-416935 -616424
-557662 -567269
-396970 796108
813994 -900484
-649164 369392
-131742 -828555
-163494 261840
-971286 963105
-945063 799502
-197680 277723
-746725 933925
681456 761512
402546 645818
319362 -502949
483955 808784
35578 983100
-895174 354101
658204 333972
-367987 377453
266280 85924
596029 -716777
-208979 836327
693896 -699846
-364671 -145913
829682 -690734
-739157 -495116
-386353 76350
991635 279326
843240 814083
-391596 981320
874829 54150
-508178 -179283
-496271 -306132
748478 -383142
462399 523770
57251 -262361
937616 -273944
41747 -101355
-932643 -740385
-243865 516941
421293 -609268
-480504 906069
-741774 502266
947204 968386
-605554 -770347
-474088 -138405
284689 506296
443680 -275806
699917 -879512
809038 121424
-144438 -84745
519885 -557015
-727386 -135769
545977 -138715
145204 -581980
-344113 916356
870395 -531393
229861 512742
-128803 588251
386269 -673450
963893 224666
-748715 -74762
-941162 -801888
-576130 -530639
210361 -938201
-874737 -282719
-549929 486553
583532 539645
-508013 430933
357774 -918218
-309739 56981
-229375 -259388
624959 15844
-848334 385051
140189 -803669
-224882 186931
318098 790359
-468474 737399
315587 774697
450225 -616802
116215 -635241
-625909 -718427
-17856 954025
-528382 -155983
-590560 694819
977201 -226541
635760 -571414
530779 -538068
-674889 862460
540319 247888
591903 -731246
-915125 768185
-211296 662194
-684366 -144594
544135 -369089
788368 -424394
217934 -188076
251291 -685189
27910 -387314
660998 -891572
-540899 -303072
320208 958767
-455060 -806599
251929 -990683
-322863 824264
-501929 388029
-678899 438042
860374 210333
-414908 -255920
140035 302851
836991 -555889
-834209 -568790
330998 -427666
984135 -334929
-498718 547361
-170848 -885885
213438 980442
-23945 -115770
275806 -950540
282210 -809880
-395418 -5761
647730 -137165
-178254 -990874
496173 -171618
-30643 -555225
385673 -968013
214181 574280
789298 -683633
-327765 -807015
-494694 -70013
223832 -464939
-251759 -947001
-868819 -142828
609870 953804
64399 -119007
627049 137655
106418 277690
847448 -409586
-146319 931806
-307254 517571
596584 -556185
-246742 340214
174742 259946
817533 -696993
400878 56264
835234 803197
-442638 -705299
-950163 -750568
-305780 -474806
-307094 330262
191962 -297018
-642980 838693
376311 282249
-273424 -372095
66087 463636
-820745 697385
-696157 -684667
-244522 -365152
454404 -716758
-90677 305738
948330 243942
-838931 -551443
599200 -699604
-261531 -430561
743261 141737
286025 792834
15241 669707
741068 623278
-713241 203028
354662 -884790
-434061 875366
583531 102421
503812 -887430
189178 144507
955209 -81506
369300 459072
-589706 805317
236283 377789
-144646 188553
-891888 -60972
857141 683755
-560170 32689
-457832 -337854
-724475 420847
154072 283482
619024 901333
670394 546857
379476 404521
-464080 361254
-493144 -174395
662353 3129
213400 105230
437517 589057
-828598 434058
-214543 -539784
-176017 -416585
744168 448657
-471380 -545193
-651765 -224510
493550 121129
465172 474803
-749375 -471982
-205022 406111
436733 -308016
35165 -161997
-850730 -806492
932884 694326
-982032 -195177
255245 -520227
483936 921540
-101087 888747
390149 876520
731658 -139080
975147 645931
830135 396001
980848 637582
-695020 297362
464781 709467
-375100 -319187
281896 469816
-131587 -79448
967489 44295
-376120 593862
-866133 -310790
-646083 -889016
-656284 -359301
-708577 341456
849353 864410
642428 -155562
-392189 281457
595600 875787
520469 -608488
192495 289496
459638 -646349
217620 -332387
896575 911402
-861920 -798918
-75152 -688581
963495 355204
866083 1990
979583 169174
-562875 861834
41120 -841341
224884 892534
703569 -317698
-744135 255193
484643 -224771
-79349 -14120
-81253 -493434
-596050 657054
-149105 151886
989819 -98985
887084 -432673
-830375 -727945
710517 -259273
-407955 595026
154912 196669
-385237 662924
-672515 199435
-374384 -762433
-40617 -236842
215476 -496231
-839581 340364
-47264 -454895
543413 -122563
-672880 170980
431697 152773
220723 -300421
-82437 734963
648386 383280
615397 -903536
-561162 248297
953710 842
-404272 888958
-913854 -375844
666089 -468407
-202445 -173348
849953 -455034
896467 871432
709843 848085
977610 554283
951174 566899
234886 -91417
50574 -130202
-806497 -822245
-379889 -443257
-857133 -499095
941392 -419922
-842132 -604783
208419 40184
331081 -984340
-905114 329375
-443140 -84333
-938811 -836373
328335 -465424
331174 992422
-759891 -891395
-281795 615527
545705 -361506
-107933 -227803
737800 230806
-674955 -204009
-767305 720763
-134728 369468
-561613 -278726
84487 168407
-708962 125390
-147438 468610
698940 432588
-576734 -874975
-696553 -730189
-32085 -784537
598777 -59013
816606 108646
986635 487705
648102 699979
589655 -36241
-67794 18721
-874561 115676
-611056 -237541
-109420 -735157
-286701 110332
115447 674292
-827817 -510321
-968741 507727
-624593 -76510
498911 742252
-859233 -500262
488323 -696467
-732306 698916
-24022 -320161
365553 599194
-655440 520904
-715871 -508392
-305577 -127131
445751 -349598
-777766 -549964
-836535 -889433
-776782 -858640
-262226 621240
93815 -615036
-50932 979302
-7993 656388
-941274 749457
-696713 145384
950486 295965
605453 -487897
390133 -875018
601118 -585073
-593858 850416
-60232 -770453
844816 -508415
-629402 675194
15683 877182
372229 -336285
401364 272497
-365451 756034
538051 -515279
482486 20168
789404 210905
-920674 -658954
2420 430618
-539836 452705
860671 957427
76900 290096
226997 185196
775683 -121734
243079 -917652
460144 -810229
257741 -528323
-414766 848050
945581 -279574
288874 485750
-157624 40057
420034 21555
-890205 -70126
525929 371385
-614591 -816095
-718606 511765
560366 -369717
247605 29662
153387 -116410
278099 18739
443766 -916872
153002 217423
-258663 -420852
459656 220957
922390 -421558
-259433 -184748
756786 -809985
831352 -943730
650489 432753
912008 -74120
664478 -625551
-356241 833512
244717 418356
-365440 -205776
229853 -555395
232155 764490
411768 347876
248387 -122818
-322538 719268
-137189 -265843
-647112 622826
996530 34307
670504 356271
-195469 -212345
-255726 944420
-84974 107537
-252527 -910532
690085 321689
408717 -855165
843800 876636
-327133 -614608
-929247 226193
-876446 -758626
124953 -643935
384344 -280723
-519303 328433
-270898 -315588
303361 -720644
-90947 -47043
759026 725839
-666403 -161607
-339038 -719245
-671727 776810
605745 850674
-544732 346967
505188 -748529
177917 -327686
-994436 -326805
-605631 -765473
-86359 988248
-681607 -373295
361179 717789
926876 204838
-982877 521453
-484009 95449
522806 491523
712525 -928989
-486848 -54088
-313373 -31173
-991020 218712
807572 -934900
980761 828801
811847 -947765
-467844 979998
696114 610237
561560 133507
-684461 -711777
307644 848961
-532189 264220
950915 -48895
-838900 200726
1969 431477
-686685 -889842
-509071 -571108
848274 -280010
-619696 844488
-604793 747605
-836534 -792678
-183141 -269733
-387889 986047
-412819 -191963
751006 -777730
-485089 199087
-770873 439426
107284 798801
640380 -778951
-326409 -167683
68613 -472539
-360026 -727186
-363907 -599981
338511 -958630
-591878 467929
388040 -801511
-600781 -393453
160170 -29700
439459 -870727
588398 249338
436733 -513965
127447 240719
410561 542943
-930179 -222855
800039 275923
-965173 767813
584401 -165053
441427 -880723
-485868 -973646
809755 757737
954562 -584274
-109956 411529
-468423 -365725
-356911 -826704
256194 355417
-901871 -202317
-641437 -405327
386747 861333
335845 -882323
-974529 -313642
523109 861111
417353 -737125
255415 200749
763644 -928849
-664837 -28592
678494 -699056
-820159 -542671
662690 -384001
220740 399142
861955 327074
100411 208387
-706241 -922378
-351905 23736
-192124 -257474
678263 -60580
-91795 -291579
-128880 -588027
-711957 565326
654281 -293830
367825 -70883
-657044 911954
371345 -500019
488111 435359
-351567 127350
-599591 701899
460275 632598
357394 863092
535710 403195
585581 453126
-135813 91285
163474 712806
484940 -590255
-452592 -488167
-819357 941122
452999 -745792
-871284 -842382
699179 661029
-27509 909003
427652 549704
-905090 -316819
702847 313104
-208055 407564
191884 -448822
546040 -856703
181168 122096
262215 -993768
-669259 917939
271588 166978
-243404 -311491
988412 297376
75784 951096
-160073 342706
-93987 -605225
-587167 814624
-384728 334712
-484253 655895
-355127 774101
-226047 447135
206762 -711131
173817 -651685
271652 -904583
-7914 547791
-814730 533737
-505497 -264472
387 -861914
584721 -999396
-639346 571537
867190 -168411
199200 13967
-702458 -65837
-29749 -173428
-468895 992554
-52351 -25575
-588002 -873917
-643681 -488007
718174 -23936
-577558 -764412
-279328 -278914
-713376 -392930
5453 64235
271499 367873
730213 -492776
-1619 197590
-178382 731216
786242 11616
673126 872943
186038 802143
889095 -539135
-944740 -193251
120239 67132
115497 786351
-715020 -424801
-913695 867614
410014 -968867
-729795 -124984
-783912 733024
388626 -688401
9151 -1311
-290461 -284629
646127 551173
-340660 134315
328474 -778750
282063 677950
693749 286635
-123272 823581
696260 875088
-453879 994517
-958654 799558
503657 -356712
-814860 905068
243038 754219
-911090 877648
69232 -551280
-350638 -483838
740536 233154
-484718 943384
246377 201851
-248864 -831746
400499 655232
-575623 -182280
629264 -253652
356431 244440
551732 261546
613216 604000
382298 678448
183053 544894
-518483 462409
-263323 -479620
908162 -676808
-68444 344878
-164933 413846
56473 -639375
-985896 -280920
494585 -524410
-806699 714519
-932462 -226661
219348 -610039
-906916 537158
-676058 -273826
46402 -742337
-333621 858906
796450 868048
-923753 271241
125114 532145
414141 415918
130453 229771
727027 -315027
-113245 -886193
570773 -272328
665257 203587
-223881 -681273
108874 -248167
893884 -955305
-107095 336377
416676 68988
977054 911651
414030 -341486
-824782 879557
-159019 664881
-403190 201222
852804 -716797
577388 699913
-392523 872370
514369 164453
-833807 164246
83672 941331
389126 238281
223756 208077
-293359 107970
690450 325240
-835844 -739027
-752825 -531445
-702777 282875
-486403 -588518
393453 -694515
-418224 -969270
-833201 290451
-198191 -401863
-632903 115527
985365 -327916
25162 -493287
817435 620274
564540 -392261
-517627 -681000
853449 -962840
766433 -474433
-203474 576317
-793195 463300
-109034 590225
-934718 472397
630760 -174378
719033 -113609
-726061 805678
803201 -955964
149665 -406387
-298672 558727
-58690 -50126
-917895 -417488
-492247 -205001
-195530 27023
-625461 -122658
-770228 220562
-903759 -833223
925655 644245
-228892 759938
-283450 -870194
-324796 -30712
113813 24207
661292 -762899
835105 -200658
-792256 339273
309522 903722
-646239 382988
220493 728731
365715 668074
-443504 -274503
477095 -198092
-503884 924172
401154 -607593
751023 -195618
661778 378215
418103 384445
307145 -808616
868130 366020
-113825 -633124
270928 945899
-200264 62223
-941620 881605
866900 368834
136901 604732
388380 -271628
879343 655879
-940601 -822708
992294 581089
750364 -873889
594933 379226
779541 821767
237621 -275421
-710460 429910
612271 725160
977752 -384114
20104 -187925
-849704 -764957
-696293 -591620
-562464 653027
935626 -522645
-215307 -361074
937415 -792928
-407048 68477
679791 438358
391870 935095
591680 -713565
-624557 832726
-252118 -808553
-877883 88519
-29436 -613069
-973061 -999961
875308 -107741
-991765 -572396
287493 -205130
-427268 -360968
-789378 -438076
-314572 448265
968920 -954914
-886766 261239
-744511 950735
-858798 -218401
-861197 -586352
-155852 -854042
-866140 -706025
-304815 482698
-886983 -569468
388011 -326481
-14392 962109
959398 920375
164551 854254
817511 -697767
-760661 -702986
-623462 -964319
-67832 42315
-961113 434545
403039 -844339
418003 -744667
152584 642765
751333 292723
585227 -902005
542645 -822090
239963 815110
300711 -944914
-926291 -41289
-627258 -642191
-722765 -979589
472892 -606313
383015 -580130
398450 -640606
220312 -692045
-223007 -868372
309384 -790823
998482 959935
278927 971798
490410 677321
-333013 -434788
215085 232502
-38094 520574
-995754 -968815
-272491 -942403
-286511 -937055
591976 177319
566165 563507
696041 628711
732685 149191
-498667 -53671
889204 -180419
104021 523228
64652 42226
-958773 -622709
782263 -61921
-641991 190554
751153 487002
887689 254984
-696947 638953
934017 161856
-966199 767819
807456 -483909
-483300 181167
372099 124296
217878 -632024
-16041 503387
885379 -693763
955033 260876
500157 650330
981900 341673
757314 -607438
-950278 -691490
817429 635548
176282 480135
222743 -531032
-325077 -90999
-620872 401255
-574210 764264
383588 -196662
578327 -971904
810566 -93067
-3301 -339000
21500 -224525
-946618 -844029
347065 -310875
-145540 51244
694694 -878214
640840 313758
527289 185528
-769314 -419
659054 927326
806800 390418
753611 448145
216151 -272164
-571369 -319144
541117 -273407
235176 -176542
-875058 -140765
68349 617841
-271493 -400307
905226 902882
149219 -747509
375466 -126181
-891925 70843
36281 253023
-843040 -892385
-522010 820711
-752389 -329893
-961694 -545466
-767305 417756
434701 -367056
-941050 -844262
-888007 -132956
273740 -553364
63069 981292
-111275 -498919
50159 -347264
-108287 761961
708211 -540061
828952 -783599
242815 -29606
-730319 -221678
182756 851252
216536 -101145
-439547 899568
288691 -763449
133794 -342711
494235 -405150
443924 211132
-476013 -913188
-179462 -708991
925357 -836609
-262745 -58577
-498415 -930099
961075 -237062
469972 598488
979239 620493
-674001 -721986
-622089 -482825
332525 511264
523820 -532991
-777395 719641
34620 -159410
-879023 -255028
462555 295527
6922 -269733
332695 247475
538209 663107
-628922 712115
318461 -49908
-953389 275758
-43963 487176
-309973 -599333
-298864 -359739
969522 511441
-383921 -914403
425707 488749
213403 -138875
-530100 -259122
308659 -898226
608609 -380804
-404742 232127
288165 275363
-681926 747733
-107389 367023
773517 829873
358447 -542988
699678 -441951
-981358 525689
844217 -458950
-350033 -925263
882823 -180884
724547 -988256
596050 -994195
-776290 -549271
700858 -434137
-310411 -587761
-204154 -276392
-626386 394315
-575832 -689655
383309 -539766
-795193 412377
-959019 99099
590252 428116
711158 650056
856013 352040
-989160 -641394
-726896 -275457
630856 -617186
-408414 388893
-181640 -687949
-928059 -690516
-556381 -165727
546959 -786167
-647343 -72117
-702098 70885
-987736 285806
782659 398960
-693376 239742
956737 -848163
-915491 901852
-788403 440785
524367 25390
537334 907771
-751108 82718
-438113 -117927
926189 -754384
61363 286249
-364499 -872464
-766561 -733878
976509 -470144
454362 205519
-916530 -941512
928107 147316
-57503 744617
271914 895431
-839064 -432388
849697 -726673
799952 -41689
98242 -847684
-56019 -251764
809489 -646860
148473 632806
-220676 -533190
783044 481195
769656 429470
365788 -922717
-484059 809801
-173402 -362516
-458912 -244946
-828236 -898904
688370 -312721
345765 3352
580296 -332905
-914695 754291
-774103 -289498
187517 831061
455359 -934931
676139 918726
955455 -490031
-932516 -160458
241691 -652616
984306 178562
94694 802827
794390 -114548
884151 955832
804947 -371577
-150005 599234
-898275 557835
-536537 9765
218114 941294
-884878 138244
940626 -465580
146336 -853426
937948 301512
340281 150697
959593 426948
-162316 -816191
-304147 -593241
-514068 -69530
583537 -814790
893422 -51768
-930940 -700599
157049 811488
-248368 755139
155960 -607113
614983 613773
391552 -527188
38607 -599406
-51983 26628
-622104 -756607
-458625 -941696
-869829 -30966
583166 841062
71272 -363029
790898 821196
190571 -541242
-416324 -858948
503447 626385
-31950 211723
91578 688089
615028 -683192
355514 947842
595051 -790803
-464615 -677599
330265 -317325
-805368 146544
11284 367673
-319225 -770881
-573531 816429
785851 325850
-274234 18344
343803 577667
-877209 -349315
-333465 874473
425356 -657885
-860106 -245051
-786008 -622882
475949 133979
-542647 -850580
639755 828326
-657888 -263188
409709 688206
791879 -332165
-853375 -474644
927343 811201
999625 -576459
-20072 -437105
703260 -322059
-236641 -491815
-940517 -233593
-718780 109222
728081 -952627
709453 -716182
-830432 679702
-615613 587489
467403 560249
871526 102661
-75719 -368519
-624558 -838387
-943211 486407
154463 932959
60905 -141514
570172 -588692
-952012 -226845
-915193 524279
-474397 -221725
746620 980227
402230 864430
352950 953221
978887 848132
-626476 106773
-988445 -670901
61083 313168
-811729 -313118
387670 40826
119286 -164434
-594503 -135558
962894 844220
-876857 -676955
687476 -285710
472103 -26917
-282833 740512
174237 475489
86053 -360948
81863 -934743
870420 741775
277981 -460040
830697 617946
668960 378575
-98349 747095
848061 -310688
337287 984935
208677 318886
-602794 673826
193037 -803416
716209 301885
834009 -980494
845466 515485
-238507 -235907
-556075 -913922
676010 640248
515632 806451
-187361 -519596
-322342 43721
-641900 176929
-475615 448139
-896835 -770131
-315872 -617110
-168602 187368
-49965 240959
343034 372247
-855109 137536
-191991 605687
482930 755085
-333330 89857
-86653 -561847
-696029 993571
-222234 -263460
-519390 157841
-164828 525710
31594 455058
774592 203718
-981407 413727
-240513 -149385
-791915 -850241
693277 -934753
-289720 317548
98725 187099
-399119 145246
629570 554216
664214 97993
715310 -742113
-665768 -467561
97825 -510867
-628033 181537
222740 -184086
-328989 -818298
-692599 -519518
-460355 89937
-223669 -325107
668093 -182943
104349 -581806
82054 995637
-141412 398315
703967 653695
-752466 -192423
986158 -251404
-910034 541152
911359 -9780
-948800 457963
-754002 907111
-619347 330493
982532 392769
-293474 -437977
924333 -939438
-925229 116733
-192212 -971240
283686 344078
-621288 160797
423307 -875874
439009 66696
-10782 151610
768961 769224
610872 385830
-123727 885546
-563742 432747
-129846 -475633
-132156 -977032
406099 492917
418842 -915239
-210607 817381
986059 -424838
131114 -949937
-812406 -967009
129280 538306
213371 787838
-400676 118992
-731650 -277909
47383 414751
-462275 -131908
937754 -685876
-779413 -18602
891015 484777
-909868 -85022
982306 47759
781666 766784
408304 -715130
-821016 610842
-397141 169182
870249 49393
618985 -137878
534441 -426169
750841 720521
526143 -65208
-722284 -166115
-921901 -713198
879912 818970
-415419 909540
-18285 317105
256964 -350664
-374600 -152718
-431367 -545930
953966 807903
892935 197401
838533 -989650
169073 724787
-683904 816944
751313 932584
217830 566768
534611 -398425
674031 -788006
413551 114719
9953 861299
684660 139131
-704133 -158947
-880654 64008
-117797 561686
-856360 -134612
876872 -661200
-628852 -333300
-789655 517577
675558 -545315
-980920 -896620
410120 -51938
-915865 -537556
1033 541456
-560522 -258150
-570826 860174
296928 637132
799730 65851
624049 439228
-58420 827163
-678014 30474
51997 857225
246784 -934236
464390 -367898
801566 268160
-896192 193543
-746771 -234973
-787106 -321086
956165 -353063
-818354 -287575
653385 718783
-442529 -335747
508049 -117046
551846 669307
230804 -231675
-538774 448942
-631604 -680365
-308393 -745570
523342 70861
-338466 -737169
-127697 -300229
915315 343369
-402010 -38597
-481044 -125459
-653610 837891
-962747 61053
-29357 -495183
555581 148323
-11607 647827
261685 138786
206247 168168
482501 866806
423491 -720269
-923267 441784
277365 -944795
-233746 -963764
177118 -196704
-792758 -978025
614054 -328039
494913 684010
671171 218804
258015 348402
239106 228708
435239 -432570
64543 111001
584683 -552933
-277449 -619475
401664 -815228
390394 -212168
-578994 -84080
328760 347306
-551308 -831533
-5588 -646791
123940 368850
306200 -929276
-238977 615236
-321367 271491
557594 964404
-891506 -837998
70597 116237
738990 -523853
238854 637962
242678 -796266
-435877 431478
-444 -317630
-132632 -158012
-702143 53336
674879 -750512
785063 -277872
-776621 -564758
-961336 835820
388747 94119
92861 70694
-861859 -512997
160800 185302
405086 700825
772213 605711
-844075 991451
594714 -736252
-638756 552460
392213 -108719
-215792 -506985
866407 556370
-153899 -95169
843183 -109246
-5019 -537584
-357039 -296101
-195265 -154707
-67669 678401
-755721 471697
-269129 522307
537488 532568
-98482 -71052
-770836 -130215
946146 704625
871585 -737522
-564656 -642676
-821808 228825
-599675 -960740
397404 6459
-930483 723268
-162152 -747798
-982247 -735222
-214780 -185126
-125195 -555294
207722 313788
-107252 232513
-721709 911038
621109 -942043
-101231 -313524
-99725 315870
328185 376196
-518121 -292575
859431 901690
755973 190472
-674705 772615
864511 875584
540803 -706857
730290 17852
-124721 312475
477160 289481
-965544 -526580
-128259 -495338
756299 -787941
889529 -355044
932614 -327981
189411 -532979
727506 933034
-289500 295226
-592199 558511
-414287 -97680
412770 -413399
423766 334987
-82815 512367
699313 -273633
904923 -939444
532306 -443390
130479 -781896
-821353 -71886
583173 221348
278897 -679308
427912 565569
410333 -22056
-998701 -326434
-423716 75051
39468 -250057
-406798 754719
-962920 499278
856295 70641
456000 690459
388994 639611
-965565 -865637
-952169 -625949
-984150 171204
607617 164191
-642949 212920
-238673 353641
-671480 305505
826691 91627
32739 -752137
737297 -588444
-910114 -173955
596356 602438
368588 -573643
-419367 414963
-19429 -810696
-272701 201012
240128 -947442
-468463 -355205
-67341 -913023
-467530 479539
-608759 -919513
95496 272946
-484827 365730
378218 -354511
-42843 -292657
39177 -849793
-428098 -560556
371714 604107
251022 -40560
610124 -703320
-922341 -658420
518116 -638990
-648946 -918284
-777187 327915
-701553 727427
235191 516738
664561 388877
5185 -813214
971220 -213194
969340 45477
710661 545646
371069 67917
-761468 -88651
-130654 -378112
-214770 70605
-265207 -437501
-369603 -789181
879214 872934
479405 -969467
86049 -47715
-445399 78684
217539 991586
-271320 705611
-825814 -356981
-446800 823449
-820176 30338
-392291 -577114
422058 -120470
-658730 -667899
219955 152961
-671810 20063
434982 -721705
585749 773520
-92969 723885
869371 -404047
32464 40769
-610052 828561
-861294 -780656
739155 -969039
785611 103605
601324 -512635
796292 -149622
838552 -141500
662403 -914485
-441531 -620710
192724 -117739
-800131 -40239
-537414 417974
592513 210821
-726579 863400
137462 991825
-735651 960298
941109 202604
395584 127134
445210 114906
555724 -494097
213476 -404250
-209947 376894
302845 -182812
-251137 613590
-568367 -68541
-9964 914825
-565927 709222
499028 -701367
992199 889297
946060 840469
307528 857743
972038 25600
-102331 -309510
163914 -516169
403846 -663501
-84606 -766273
-343476 17694
541729 -225600
45180 -870938
-382064 309716
594324 613378
582388 709892
942447 -644856
-195347 -732829
-597913 507405
-345398 -303294
285187 667484
732822 184430
232800 -430310
585869 280183
533927 -23576
760121 -325620
-784001 -17045
-212508 69506
414266 -333440
-243639 704521
-651521 910238
921220 111413
-221338 -925631
467939 208142
-578197 778215
209537 -713982
460002 -252351
-820881 475585
604632 694896
79768 -943651
445486 887374
292892 -607422
-43035 291231
800176 409511
968635 -929043
182344 792809
-505265 445462
-925820 -459256
-158174 570191
806068 404296
-685706 -585948
956562 104215
-438369 -742646
735133 568972
-692561 942722
-434667 559204
896685 56382
143049 -386877
907194 -142508
58468 -156619
-394363 -319288
-892810 448284
-639403 823531
-329879 -859472
-809194 95
-749974 32922
567488 -647614
338601 985009
546921 -216404
532308 427536
-107308 773042
215725 -492457
-608156 -562260
599803 601167
-357449 -940633
148165 -192446
-459996 738167
331400 254635
731725 -888794
-808049 -158475
-867374 -451418
8216 -58178
-284691 -260749
578334 -493065
-823311 404350
968956 -259213
39197 -374230
114362 -766092
374731 -946834
-895724 -568578
-471984 753717
409759 -502672
-622996 -655017
273463 394151
-593055 -140508
-764157 -792530
623437 831516
835722 -145603
-429807 384822
-739624 939196
-940090 757790
-134699 -327567
26723 160774
179183 -264461
686951 344081
498025 50911
-782445 -446531
570761 -674359
-473605 656077
944931 -625505
41010 693164
275920 -553487
736536 519620
330834 297535
596156 -393018
-996883 -194548
277673 90720
-792335 393011
-615364 -610119
449709 -215701
-984813 -987003
210460 844296
-766017 666105
132928 59944
342696 934859
80907 844461
-444836 -565029
-801564 -661446
199886 -860224
693761 775860
-973780 -735248
137477 68520
-648321 942389
531824 942245
-319103 468788
-965065 65493
-711470 31271
578350 310836
643003 -522692
-72683 535135
916023 709035
-641219 535588
64606 -514894
-346902 907361
-488506 765442
526858 -670115
-874709 -816574
-950796 -90335
825726 -456372
-119601 531926
2749 -454439
302149 -185746
-517308 823218
-476199 -627860
-196007 -637791
675096 -204768
-667083 498124
391404 -112572
-899912 -702200
-651251 -473681
958803 283504
-672989 -681961
755158 -634715
-328787 -407389
-328347 388938
735685 -78967
97050 203455
-617281 -412690
-931159 947540
560336 -398103
190292 703109
726430 335429
164452 -149069
44159 -478624
99307 -702526
60549 648358
506103 -223263
877663 565395
106611 693700
662 151691
-372437 706921
-552969 680729
-236703 -671987
569606 9461
-999839 511606
469483 475340
908017 590711
-924370 -419053
-979018 615899
755140 98755
-904477 -930173
-251115 580909
-376328 854028
577737 259955
777722 -924191
-535533 -440778
19862 -140895
339075 860910
-460765 -232473
124931 753974
-327417 -266166
-520101 -863750
382742 -893561
893590 541223
-849387 873291
707899 954671
-221657 487160
316878 -69321
-886874 410837
-492055 -610783
-297307 -520301
-980202 286043
584689 887251
965666 524113
-799821 -102884
573221 -147464
-113557 -220321
-657626 925835
-616778 -268723
-785590 128673
501397 714599
87227 -667558
-28554 -700873
621313 -520451
-214338 -260985
-632066 633957
886579 -356263
339179 339112
883843 715188
135774 -180213
-438796 679219
987464 -763058
-554821 -17759
-759404 998651
-577345 712724
-724675 -451005
-822359 4723
-162339 398955
-181937 -267678
547498 766522
-173855 391453
682417 463700
-207445 -450587
-926606 -507982
-156564 255548
-26030 921157
-598059 -439380
823008 -429570
798428 43604
675866 -415559
125972 519961
501166 -581477
-370933 14431
953822 -36202
-112084 636406
-964127 782926
32990 -340453
-52656 -910487
-876333 260845
949543 849467
-424386 -429536
388028 647380
224936 -228487
-419064 324434
797759 30078
-283857 -929771
-51268 -941974
992483 -48609
835798 937259
82115 287211
832059 270013
225695 -44444
448316 -735996
998214 259555
43569 432662
-616313 156260
456 -400328
405213 82936
-183718 120271
-577812 -22746
236223 551662
133167 -725577
-398384 700012
648303 -209056
206326 578500
116259 -141673
177464 -488062
-830372 -806812
-924767 -78683
-849543 44481
92591 -638012
107839 -285327
455020 -723162
918624 600993
237433 263433
-171445 253903
-153528 -973324
-84361 985073
946550 865636
273209 731137
478714 202071
-758444 214957
523236 602799
-182527 -651939
846453 -741420
747720 588696
690975 -82679
869797 -832947
-119870 327079
-758201 219826
-542744 -950205
248777 663181
741855 996107
637055 173005
166975 522147
921746 588453
56994 -685972
-854559 -975974
319041 168278
-539708 857802
438337 700304
841174 492266
923120 -791341
786454 769563
-216759 590680
352530 725689
267527 767674
171188 -773500
-843692 511100
239972 -521673
66528 -51446
-748415 -300786
-229295 557482
417775 445581
346136 431311
-119149 262722
538282 -437864
-799310 529444
680587 67721
323441 -631267
-301266 390889
-836531 -680752
-913179 78070
-489704 187661
-39639 -692970
-181920 -871354
-849257 297167
-494622 98900
187010 -800229
275573 989758
-311101 217697
-162774 -878830
-248201 602396
-806683 -651120
546394 14756
177212 918879
-409923 552607
-26526 -49904
-130122 759840
-358326 265899
-221974 635031
-917431 -589355
-787083 222554
-226261 216355
687289 16424
-150748 482727
985603 21696
-723617 -901406
-565715 359172
343332 -609397
-278624 -507134
605511 797546
964897 -536840
108651 -299636
21915 737447
954758 176038
-549565 -158207
930455 685080
-257804 511660
-54711 121770
533891 72001
-508295 71085
668294 641439
-54406 -836090
53423 -592654
-721178 39191
865729 -707440
834129 932512
978077 -530370
-841904 689909
781381 822804
824228 -778215
176052 -333174
-266731 574265
-560498 -359443
-810730 -150734
-721036 215852
610332 356930
684060 784240
674667 -30703
-545412 888579
780802 -497611
810221 601142
-869470 -176594
472175 149511
616644 -183268
870380 -368823
-910527 545319
133054 458664
478025 203761
194532 -405876
-41252 166276
784435 -712559
942452 887776
-579939 -363810
390204 850879
-366922 -237704
289785 105339
900893 -509770
-933449 -273263
-291078 -860012
121678 -177163
10557 -55529
-820285 -740843
947364 -961630
-292918 135582
60062 -496963
285825 -466515
186953 713279
-997542 162125
776905 351847
-506943 -930765
-318139 211746
-895324 -419163
685083 -802173
95903 503375
-163084 -967804
-624992 287503
394404 -71993
300663 543678
-730862 912321
-941251 -422252
-315191 288928
180783 -283624
-597494 92620
-876299 306276
995564 820390
525597 -150193
-201914 402878
781525 871040
564207 880258
425564 -926769
-289199 345670
845260 375304
778700 377115
386647 991463
-571837 -546184
-147661 22264
638717 165760
-59218 322640
610930 455181
-464060 109300
385492 535609
-894398 308703
-537610 217454
610566 -352038
481160 -163878
433421 853969
325519 329460
-746027 -922230
187089 384120
-528790 988972
772136 822253
-399095 -502826
-787848 -235047
149141 -355680
639084 -611943
-230238 346629
-356675 -665939
244463 -515309
548761 -719709
-465175 -924936
105133 503200
-381978 698956
932575 -765045
9082 761596
95544 -899987
-804824 -178459
-40677 462613
-408757 -469277
-627759 -502972
-456836 544574
-85490 -388235
-875461 -891547
-97639 -269386
886196 -813814
-883380 -751113
821084 -610742
524731 -464328
-382737 -523125
793246 388138
-585762 -548244
-412230 358437
-125806 -260636
917947 -156800
270343 -963605
-441438 -83116
735848 29796
970291 -401602
16791 495046
-260015 3127
839406 -267886
619510 331395
744236 879547
746669 -145338
-494681 -473357
554299 811114
-154112 364286
510885 235717
-831971 261556
794242 274231
-57095 -740838
-928298 504606
676118 37208
-968411 796132
-951597 811474
529993 -809696
881185 772190
259611 197444
-30095 -503103
-277605 73539
715752 627947
847926 704041
-889433 -819341
-302067 -827722
-177432 -847081
950336 -817363
-390705 866226
128034 474490
-519680 80178
-981331 549553
-341728 177243
-691931 -374242
-378091 617741
-680866 -458974
870906 -906711
279333 375745
911619 71066
345958 -732329
-24213 -237552
2732 82882
-612847 -763578
551202 319088
-817836 -625897
-59149 -358392
115371 -416634
616109 -164700
585537 -978464
-541594 -214566
-204454 -591393
-917158 -774310
261449 -322439
985362 598008
530801 344148
-683535 -835473
871981 958396
-603287 -317723
646177 -80256
619948 -920050
-379999 946201
-535044 716663
161454 -971695
178167 -16049
383503 -343017
-651431 379790
625898 268908
875908 174200
-417749 -22925
-214688 -330839
-478305 -662235
629534 -122436
200828 -981365
-661887 299478
-91457 451264
692576 -565447
-744582 769517
72283 29135
283094 869347
-717288 494998
-181695 -483157
-444336 548116
-512713 -434536
601719 -360030
-259052 -940973
-690227 42372
217830 478570
-210857 -282196
374333 368524
837930 -331084
268251 -212450
-437066 -652153
-235837 -116075
564494 259998
743554 -274613
221977 -718894
368 548161
-993446 999826
-211678 807241
686980 -719299
795388 -291623
-184531 74196
175039 -644537
60763 340633
409415 -200121
-970817 -426054
-925565 421062
63912 13853
587878 -442511
497675 144755
184454 -890383
-405871 -952395
124588 -913825
634871 196685
-939841 717120
-794194 -808512
429252 250608
857515 69445
733046 -69170
-935761 550335
-820295 -294586
-611802 -606188
-525950 873910
-895254 -548023
-145824 -604921
482639 238551
-553073 -281975
-552390 883532
72827 201840
327649 125687
-942806 -513505
-998450 302806
-758089 131750
672107 -391749
914674 675245
713834 170946
-98287 338415
-288431 465731
-682233 75496
-502803 69226
318247 -703198
-31544 -412493
-173851 -710664
130573 -650025
-504183 -387104
-353099 -235315
891382 -754137
746555 -987885
-699485 -655607
403855 -193903
-338709 -499826
630699 448707
227616 -472183
905551 -505589
-11121 913649
-570292 -234743
82518 -102462
674526 -924664
798719 -378644
62777 439887
130811 170397
633801 240684
-272224 939803
928829 794113
264608 634556
402561 515620
-687835 -356295
-621621 288060
-678105 -779853
-945466 861684
308143 -633350
32687 70675
-344963 141932
-677731 246899
-138608 885621
147340 268274
-560029 -455638
411120 -543481
-953212 -396713
-377365 -691834
-510331 -834336
-439598 914363
-499984 186228
-866873 -884457
-338149 226913
899299 988818
-770666 525971
-809932 389636
248361 -846027
-459164 -484133
127767 753694
445625 783107
440109 360664
84457 893054
-419942 -177022
320385 -787017
-143871 797196
892867 771764
233000 45245
532044 -181961
-147051 494791
-117718 -968853
263215 -939154
852094 290152
-440918 -334567
-493887 331834
-86392 -863192
48524 828495
742347 -799149
-484975 748025
859452 261696
-944817 586658
-284647 807718
965756 949011
-868651 276936
-502435 41082
-268514 858367
-828245 -775212
-122339 424853
505280 -518216
718202 679361
-446082 -487056
495561 -40013
101015 244295
306377 -880797
150708 -305040
-711429 -120185
-805139 -729626
288109 923263
252021 297331
127379 -331427
-630692 -757662
-707871 -764915
245520 -718994
244991 -674028
-785406 -419700
-213057 -842520
578439 5798
-553259 178006
478555 -823905
338445 128712
-289132 -365083
-158146 -116955
620787 499462
-338967 -925438
-828853 -159575
-209258 -371655
-74103 957218
904904 -308986
-102532 -190757
-536367 -696070
-706101 -852808
-678138 -331008
-325554 -884499
198916 -448393
991483 144404
-988708 -804168
-852524 -145894
-272705 -900324
701180 -602898
118702 -231134
252045 550864
577617 357570
-728956 -488340
3371 57497
-525467 -410939
-852802 -239000
895070 -175573
170162 -588853
574238 -794709
458214 -593516
216055 -420907
-529908 -70075
-648137 -831323
-834525 -925711
-179233 206062
-626353 908492
757940 -564871
-54048 571968
-734620 -70692
-675174 979178
610366 -519826
-175096 539867
-728005 836805
-664969 330569
707901 -857911
450947 -127693
374845 619085
927427 302637
-734282 -689252
704682 403594
679851 850290
-331451 -467432
-675078 768900
742238 -423427
513361 533588
-573025 -847128
-735778 -595826
181382 759107
-533367 51795
817972 298094
-712874 -590321
-134688 -643024
-609991 -412394
696176 -483907
507537 118468
411785 506079
-44911 87370
695711 680298
-129141 103737
-703519 -579855
735804 -789740
-22311 108035
-464593 866016
-484612 530214
-974291 -328479
-474823 -785719
-722566 -147994
-159317 977711
-827098 -35347
-57533 991877
-733165 -948399
-226419 189436
56788 967671
-130000 922647
-878443 678142
562928 -365513
-15542 -223389
30130 438718
-668963 -805680
-84967 -357246
-297973 -593008
-943647 -476832
-806676 -617356
407629 187257
645303 397416
412387 -794334
706688 -690845
-56502 -249742
-697740 818064
859044 751057
-72886 191482
-751952 174221
931901 896017
-596425 962551
489999 -805798
44227 954845
-880359 -56446
-250693 -338182
451817 59597
-424477 778377
165124 699253
781532 259875
-618099 -196103
-15859 843709
-815093 900705
-472952 340625
87456 -671731
386442 -557025
229091 140286
279557 86765
699463 -294183
948677 131101
144494 -524676
332426 -772258
-630446 94190
-744452 936299
487446 961393
-986705 695578
158394 -220263
772264 931306
-530817 704220
-297625 544793
-293328 132043
-800390 -999120
-975423 937082
206862 734341
-122517 751770
746789 -430330
331429 42798
920801 110682
783796 -147448
-495324 32250
74289 -794120
-911035 -387871
141072 300033
378143 609178
626375 177997
-113066 645199
-444502 -522270
-888107 745861
853256 172557
731130 -279620
-491536 982611
931998 -79253
-697110 -602162
799154 -505528
-306922 -436098
-323029 422514
-821949 -582338
573481 -556615
385050 -330879
-521137 198902
873820 792398
-583510 -595680
-103101 27602
577547 300492
-763650 -491766
-645948 21448
441905 -503207
-907828 367181
504088 934002
902696 -977707
-431918 579014
-113858 -611412
-739596 -255887
843569 395787
876332 798744
198400 905090
498632 -479678
-855690 640668
509164 813545
-485540 -639972
138311 549264
324059 482732
214170 -192920
560894 -718280
509162 84187
-35926 962037
-780712 -89320
-423256 580869
-291871 308092
-341741 202142
-989943 -841536
-454558 -891654
-154661 828640
723264 -671789
-717182 46990
-995787 -890381
-763415 135474
372778 -633732
-551488 968747
-901364 -369469
-536898 674752
180727 -155370
-822407 -228572
111391 -627117
78217 -205201
-111043 -679539
-610565 365381
301852 -735351
871481 891049
236307 512350
-937582 282427
-66668 48738
568604 -401403
-214128 870469
229076 -918473
244179 -404151
-972736 -892918
-880440 -621951
141486 -468154
-55585 -348032
867072 758331
720364 -213873
-284539 -21559
496019 591126
-824438 347392
855591 -195383
-804800 -970538
-8184 320773
-316868 -511450
198658 -965457
713272 461148
202197 -611216
-259176 340678
-11760 290687
-244856 -135726
96176 978842
-275933 -725512
-587311 327206
353089 -870633
-101643 -207702
53891 778348
-293578 529773
519350 -353434
-538576 -284021
720128 748599
-839018 784720
684284 220631
-590288 843674
179674 -330686
853646 -788513
914955 223953
-579915 -977200
55138 224355
-711894 -699381
-192052 41635
647653 -892644
-462091 102252
940262 493273
-379326 -528403
-99632 134051
109710 828921
-600955 263376
106467 -282391
-854108 -594099
450658 -771681
304532 -298135
681763 -903265
-32253 396047
259801 187495
140017 600321
-218286 -849026
-933669 338581
-465974 -955154
-690327 187103
258947 -249574
-461356 -238703
211061 398853
-143487 810703
527063 -339584
-570692 150432
-598512 55169
506994 -873326
802800 128429
525917 -912934
137155 795278
928659 98889
734917 231351
-28701 843467
-472214 -843928
-16642 -952499
-296392 720868
-998078 263938
-52657 -380960
312333 -545633
-605607 -632821
-212073 -788467
195520 -318005
74762 -823080
-668198 653370
-516387 -851485
-193467 31465
841687 -906513
356287 -870516
424175 390465
339848 -842951
663372 -927276
-398426 -705522
177914 830999
891774 -313037
197245 73748
976246 -608991
-8410 507944
-10161 354873
-161383 933144
504863 312472
884765 525685
-942019 -63768
-345099 -473156
601411 -238235
473488 78245
-563940 38097
-157826 220068
399252 -66664
-835954 275161
-755383 327182
-555364 -36038
-56198 -782673
802268 -463906
-582642 64042
122939 31657
-448898 -610056
670812 -803878
-968809 489015
800686 219834
943132 185520
-810479 -254576
201060 -408457
-565799 723755
-402547 942982
-450920 -158859
369967 726369
353085 692593
596758 -580043
619506 -429887
-75068 909799
-818916 -814843
37978 221210
707651 215738
85827 821252
737008 -992168
642607 971140
-349307 527451
293428 -697515
-860937 928399
108982 342391
-710742 48938
-662635 271708
-373917 -585709
870642 -529462
949559 568194
978097 260645
-239933 373852
-940449 812058
872507 -785697
867025 -804849
736654 315891
390628 666681
297928 733675
774311 -102062
403512 780223
-287187 604612
-475203 -373914
-642840 -817923
-877127 -851485
-297949 -953219
-417357 648576
530499 983479
539128 99285
793235 253281
758740 -96729
-148262 -677445
-753775 -249142
4872 46121
931646 -803960
207798 -559950
-859715 228503
717024 44583
-621360 -401708
157092 -757827
-946521 81586
-231970 -519284
91735 339675
-860835 -983434
-826286 633931
357360 -196076
474510 805920
-757255 -44656
-115802 590733
-960469 348510
-605572 -9449
924289 -855459
151865 351968
-585649 -825310
-271929 700457
958104 919518
795027 -556393
922272 -681733
-829490 -339134
743463 552501
-983057 -811538
63127 733874
851706 -705097
-747307 937435
-214967 407489
979216 -616109
63131 888602
791413 -29117
220626 -142394
-892091 -530219
287512 15620
-409470 177025
240199 -430138
-32671 280475
-763324 -196244
663385 -87662
-238849 -242017
112607 -218996
909450 984954
-962766 -651695
680850 265956
-517484 872067
-236742 680739
677925 887897
-303966 -288239
-41457 -139089
286311 -485746
926707 -531079
-170238 445975
-620436 786943
-638632 -899350
89589 -586832
619158 -108534
-67581 736736
712281 -199745
-986927 904203
-49184 22937
-905546 -270129
-486115 380110
777239 891919
745157 -485190
529479 -879029
135638 182557
-749309 -230303
854343 334957
-251302 396321
677860 110894
642524 800613
7861 573169
740555 174070
3004 141575
-73966 615586
-22508 460101
-731236 -711047
515288 -913294
-181738 -979428
-963582 273786
267968 -727845
-307688 100619
-724408 313257
690313 -532701
-35607 485430
-577404 273582
318180 -868589
444021 316826
-479639 918841
174029 -645689
-624040 141115
121036 689802
580433 -720816
-672532 -568898
-373028 485769
461551 -417776
101988 -509644
133253 650069
336967 -999442
348935 -610507
315941 -530672
540993 772095
-106028 -899736
-704990 -910839
905158 713251
889737 -448213
100512 -139661
152295 -984958
476935 204386
-2824 249114
-316292 302640
403036 559477
-634819 -283
-547785 245397
-497000 -497610
723069 919927
108223 329069
-999624 83362
96036 -447478
783615 -625481
-999112 414295
-700184 -517236
-990863 -927837
718230 356059
-147793 979149
-682191 -268444
-750563 818481
-407978 -190225
786949 -784889
494390 411857
-219120 902493
-246834 130134
-846592 343988
163777 -692627
-222453 178192
-119884 -927785
-291185 894964
-729915 -469037
-17812 721300
536262 888364
314025 670286
273107 -415565
843691 853995
-368732 -727671
339280 -242993
101435 -952514
-808567 72330
-471467 -914414
804815 965621
579979 220946
914595 -462067
-226455 -715268
-107336 877939
210313 -459697
-106103 59689
12965 -577737
-806744 68172
-170011 -679032
-296407 497796
148654 -257059
-602390 997056
-89232 81936
783622 -965290
357840 -893123
251527 872112
-702668 789217
-409985 984879
-969387 62109
-947500 -2250
-999994 -36732
-430208 545412
650646 -725946
-40618 -754249
-940456 -108905
-765077 569941
263246 591104
-88844 -701467
752932 805720
920316 104926
386694 -711555
217002 30939
-619340 769648
-547008 -450555
-657457 -656877
-542388 827400
-357958 -203127
-724332 -552432
188684 151598
-625599 -69138
-678569 -948569
798963 166636
-218039 -7039
-61321 -435837
-970602 886854
705688 335692
168026 184192
505429 -179458
280350 294608
525167 -980138
-983781 -410155
841275 179667
-803345 -641399
696016 -191619
913482 -75522
-551964 -640604
846603 -116244
-928350 -729452
122403 254573
-215552 785999
643025 107325
-594937 -625600
-357144 339143
116983 995485
-2066 -114992
111206 -770798
-301248 -73698
-464382 207904
386079 -480572
-874139 760542
791376 -231995
676424 -30263
-775980 -269432
-810864 -808977
368591 -748623
-507863 313224
774094 108481
-302874 -542111
515825 -830999
-266704 980529
-985639 984961
-341418 965306
936135 771731
-45464 54540
-354768 -795427
330414 2960
53989 -516625
-958053 -727783
625274 341400
477457 -308666
435658 -317170
-26060 609840
166382 51317
997719 646406
445190 -601069
-520260 -730785
-682428 620729
161475 142516
893914 -132394
-843285 -421637
-911129 495692
-423527 -803392
661894 -178465
532488 -954805
996571 12652
-142738 158146
444039 962042
-541919 35908
896071 -209001
154867 491040
392976 -508034
927422 767093
428099 634660
-67902 -363567
951247 -586192
494384 -589603
381832 -116086
-465155 -541052
218526 -427798
62203 -123064
-962132 613155
753385 186481
944190 299621
-914785 -462289
383138 360294
293206 461389
91694 72691
-372261 -262797
-305037 964591
-756709 622537
-369798 215743
-328263 497843
-100870 -225155
645854 126791
-368560 822687
943885 185625
-622959 -892984
931528 237827
821364 -23536
295664 -114502
-308044 649186
69599 -604261
380482 894112
132254 489995
-934874 -64465
-112719 -670928
206050 749604
464842 -167590
-371160 -938614
714097 293194
389052 450706
-97801 -426026
496116 34917
-240411 913591
105878 436966
12357 -43383
-497940 -845650
365122 -40622
-17067 -802356
-917025 27762
773972 -323124
631497 -47104
24102 355231
792374 702079
784960 -40361
45676 -693319
-571246 -65391
554616 -441650
220655 997228
900303 858517
-565725 42090
-221309 -51863
-679961 -75027
-322364 670943
297374 553887
267412 -10316
864071 78763
-897805 208566
-292995 407303
749924 381602
-163411 -447375
-133053 739271
-635049 -134489
-635763 -66163
-767648 -81771
-316515 -557
-430191 599631
411370 -959640
409077 -95937
209875 -275971
484747 931334
-838269 -72636
-458472 -149143
-381088 477800
-591004 928137
834784 997853
-301103 630554
170571 284445
-468745 858773
-769050 522094
329397 818573
290256 -547855
627023 86262
898498 -502731
335738 -177178
461108 -377393
-196427 968871
790079 53723
805785 -778608
-651316 -292503
-769069 -578684
-874182 914817
6881 142385
-31864 -153284
-893995 812718
664965 987121
425405 736672
671951 279946
-613665 144431
748067 480954
938644 -439842
888372 -509744
951067 -744456
-843299 618867
-38875 -931769
918485 -757821
-184506 950795
885696 -435360
290154 529631
-623431 834512
419353 632325
-340928 -594363
-261119 -156491
450093 -550490
984148 -940712
794327 -64225
-232787 687837
-13763 -840431
896774 519056
340776 -587317
-239130 -613055
981697 860967
592260 -594456
181403 -250651
119926 -590889
703576 -71712
-938835 -351414
-334896 -438413
569205 -548885
963103 -247686
-75940 -494309
-145544 -89114
831727 -543697
-923423 -538910
-366905 -518563
961335 -795871
292165 -446202
-527258 -351496
623734 -992662
-607691 708626
-456537 -927664
-699689 -924697
34175 -736032
507452 -615599
80979 -888668
16136 -238004
508812 -317110
659829 -709170
-476878 157466
531949 837445
-639985 106650
-456315 -231137
215185 326882
351910 -7583
-226817 -316488
-885003 -94589
-244667 820255
743872 629721
-7971 713852
-20310 -470231
-737125 -516777
147973 150415
-186585 -405299
363233 622526
-760520 -739545
201885 -341550
-219598 -731847
-637262 987192
542188 -530222
-765434 861713
-48303 -593727
710841 2318
-133147 -237361
696295 647060
-32639 -31891
-60572 -915764
487632 557323
889670 164927
-862218 140720
277272 -232628
678312 -108563
105467 653070
379908 -229847
795520 -440055
-789362 473054
-6471 473035
231952 208907
-405157 913557
304193 -355069
200855 239201
817680 85403
253362 128618
636684 -856667
735302 50878
667554 -949525
-649371 -735249
768369 -888198
126436 23362
-362720 -441274
-599270 334491
939912 -749625
-583488 725449
782852 -126320
277758 -726312
414511 805228
335511 387215
-22766 -667178
-782581 -714853
-592432 181956
976536 371234
-383913 981785
-673683 2045
-481459 -358250
464378 -223886
-515567 -121858
767601 327466
644965 -349032
-861740 425316
652528 567070
980082 -734893
-438570 405500
673614 -22568
294316 383674
954425 294246
564928 -659375
-711959 -81400
608787 -485928
661087 -466468
716284 -982402
-310075 283682
-388576 -42603
802965 720991
-236707 609624
-862193 -962736
-967101 437081
722991 717398
-966551 331048
-590789 -579787
225959 -400321
-179444 70989
-801368 156163
-685974 -578550
-535463 -904349
-180281 -7171
-381988 52619
-661633 -372941
-368134 707566
491054 556225
-652652 -979655
706832 -813587
768906 702877
-532871 -607605
-162767 141339
971384 -846249
-74706 248957
369598 -282627
-225374 -950320
-768552 129796
-937582 -790160
815349 288112
-316536 745853
61707 961649
-785505 -362520
-829594 -698458
-73692 791484
802960 -528106
-342809 886219
-116564 447146
273181 198686
353574 815297
-576009 361080
-700974 98711
-385545 -783664
-908103 -223055
-847859 524066
134401 211713
486546 545097
55138 364546
804101 -12512
519811 -130163
-711614 132418
-454598 844979
424022 -183337
352375 512174
-892132 896514
-740748 742735
753454 -885149
-496886 -427175
-215164 -783346
-587515 -597324
437638 100752
874165 -828174
-696309 -546813
-356783 -417624
-384864 373051
-976899 611114
-895327 -467803
164299 -497983
26628 322800
-882254 -387550
-22782 -438317
-614009 -823028
-564297 -167159
-939350 751705
314503 -651913
10364 -30651
-827573 58488
108403 466012
20691 -996879
-894945 -794381
-280459 462693
456723 -828875
-397493 -124583
371042 -993475
-911762 134734
363285 -571434
-717481 72555
-277251 2881
-827838 478195
-845293 -190441
-742300 199976
986434 269463
-15189 476613
-758160 23246
-554184 43665
-929993 15657
-757354 868466
411801 879716
-122856 370264
905289 -445692
863618 339235
19057 -322926
-891895 -694536
-801873 7790
419973 -867980
-705727 -83323
352459 -686031
91425 -630700
-64445 -418525
-435528 149175
-512972 975409
615750 208962
780585 566400
-529283 -86971
405556 140355
-829509 -380876
390317 45271
-958546 36600
-917716 -614356
-269671 888662
855807 -187143
-849894 -71863
-47933 -485865
-923403 776530
799842 323532
183066 372924
-575332 688435
-661133 464036
-30086 328077
665309 972002
-615076 663721
952471 -635990
-660179 134618
597929 291088
-13125 -427164
-871108 346752
153762 -116612
-844389 -696278
740778 91358
-752523 -315104
500822 -372736
990807 77789
164927 374928
552223 277281
539887 -771582
449999 -387996
-178792 27677
-38818 314468
-703088 545481
-522558 -646837
197594 -460583
-146988 -877563
-524182 414632
403204 -75088
978521 485369
-577394 -267252
-410686 -251292
-397904 80619
-78356 -468275
-721104 -748029
558168 735478
-433846 929592
935581 896618
-392252 -892709
-125881 595352
39683 -316400
-767089 -587260
-522456 -246739
572677 -442030
-144690 93772
158860 -932730
856389 -435420
750635 393504
-854880 -275362
-393479 -152960
515632 -583906
-998894 439426
849475 703872
-345274 -204529
-683290 740504
-889522 486236
207670 -43450
700585 580500
513358 -209034
520411 -521446
307375 -715223
-192014 -573977
482928 -998853
813056 499680
-268866 122934
-721067 61508
128143 -55651
832112 747182
-662048 372172
-190784 299935
-622865 807593
114127 -234884
660927 -368477
-829658 -535156
-95217 22086
-74064 183005
-686420 -144234
-971758 437094
267204 -576548
-938375 -880751
723281 -864077
439874 -871638
-550650 -698971
698727 -559417
349032 -436614
944998 -643731
-404231 491994
-785669 -431276
-489410 -948918
-854381 912907
-124719 -271221
-932242 647524
-259838 -288698
-721445 742289
229026 230473
-63582 -128109
121514 -787251
-798230 -750918
940683 16710
-654741 -242267
303821 787427
957353 621420
279684 -818767
27945 -74008
411322 -743391
726516 375507
-929762 680617
530791 -173794
285386 -887931
-234104 877524
-913748 873332
138385 -924636
-251387 -323219
758973 956312
928442 612864
311826 281198
622359 751982
277599 125844
285603 776463
-961496 662396
-99540 -763347
-518536 -229599
-99162 -610131
-224942 -28253
195612 315515
964106 -541940
16607 498960
69418 -857561
-409675 -140010
-323545 555215
277735 -156290
-571296 726748
308629 -472028
519119 418681
252293 -45001
-622646 596290
205511 -110042
-756013 455519
162895 -719358
239109 -578798
854313 944343
624551 -479238
448072 112918
219762 -770959
-834927 815704
263586 836653
90231 142266
349607 119401
453405 253400
573310 -830635
-337088 -691101
-739079 117134
624580 321451
-606476 79535
-402709 772619
-868442 -147157
774845 -342059
748091 -750379
-144357 798862
405630 -892149
495946 914397
-712757 711698
638676 -464326
374556 -571890
-992544 -66529
-543661 -324790
139581 -404516
583192 -741143
-30723 307846
-808222 -20641
-847272 96914
-485632 91975
960400 -103123
-433694 -437902
-472010 287814
-800779 -494250
-256247 -733416
-563894 -898700
-962018 -507340
-491628 160129
-238556 726416
-445480 991091
-908748 312137
900301 998411
-336678 518435
-399540 269491
-17515 719785
40588 625283
355431 732358
70675 -90029
-933312 -126501
-318027 207033
325570 342812
-531382 -366856
420165 -134132
412139 -339811
768449 -171596
-839292 821353
-712603 85391
-790850 392757
-507763 -843785
-919364 278795
-682863 826023
-515231 -865516
733341 506261
-232147 -705392
-892596 -866091
-251343 763912
-183625 874852
-156392 60289
493381 130565
35340 407548
170671 -389734
640323 444870
-46665 290044
368511 117019
527489 984152
410430 576880
827415 14894
287162 -82122
77866 -74658
106491 617721
901976 -617912
690492 602948
-321956 -87840
101299 813143
-666309 -675006
-703788 -735238
-709713 -318345
571822 965437
83888 341467
-914119 -214755
20735 885946
-125180 -750858
-496830 491462
-510309 -352217
-305576 929676
347142 654691
66834 818922
35635 7520
-270317 -480990
-347424 641791
-18783 973415
191320 400902
856589 -391767
393558 175102
-114124 -292987
-417770 -730896
-931318 536471
-247574 -558192
667389 903262
-125494 531721
512524 64483
366326 -744223
-420347 715503
-681317 477330
39066 -960568
-352664 -50590
243462 -345699
572763 -229550
-422330 225024
-614797 971071
399317 2705
630433 473914
-421258 -118041
-561798 -150952
-155038 175527
753672 493287
-850731 874972
983425 -705448
752892 757888
672042 -908958
839926 -984780
235753 733696
719389 718284
752371 -256690
102554 851194
-470736 901055
194665 779658
724555 403321
-70011 -723857
502243 -432916
-374155 644828
-925523 -819962
-13014 -80106
218170 855423
263026 654706
685683 -184191
-643911 906671
519329 -304044
803560 -72964
18856 -33473
745540 592243
-622177 943598
530641 289026
842490 -127052
171090 -333458
-204006 605601
-128400 -929459
-219771 -285911
-795984 -729091
-912869 158406
449976 919072
449952 428662
-835041 -217114
35362 788576
666021 -649444
-273183 166162
-300432 192245
-351908 448595
103821 -952523
566030 807060
-961111 -784998
-306043 98413
-491883 294535
-396435 -222439
714528 -41602
502875 -417939
235692 293765
153177 473249
840477 115894
-9271 -505581
98303 789253
138538 -933091
640027 -431374
-825845 -157444
480221 550178
-369534 699247
-901576 822269
-882726 834094
-833244 -773993
-259087 -718750
710977 -302882
394117 26233
898685 -211109
386241 877418
893803 -118853
415190 -698907
-753121 -594890
396313 641840
566735 -456017
623194 -699260
-616764 930530
-797294 892330
301401 -228729
482057 -909285
829607 -631576
-331282 298132
-437687 208230
-233075 68010
-508872 503055
-589947 -458264
139642 482417
279936 264981
-97844 -898833
-20525 944103
-158424 -518390
53674 958135
903715 314067
-306398 260389
483956 955477
-46846 -754185
399830 -989034
-156143 330919
759774 -601696
349265 -845430
-356843 -849447
-109143 206170
337068 907852
-951297 280514
-219681 802113
-853032 767162
481843 981059
-869896 -214996
10033 470496
-975405 83577
697490 264834
-331500 -354323
-589107 224903
-756812 -651682
331655 -16751
368120 90069
-626856 -122789
762106 -602588
283792 -353073
-568826 72987
-84710 -981861
-90348 -402007
493209 631162
998116 377850
350797 -888492
-710429 23936
67303 -699041
158644 -83040
146692 -239354
-746998 -921352
786525 870426
-956492 -517446
-739254 -421042
473052 482145
597128 528125
985248 -353427
-167096 815311
-952893 988700
-441533 -183317
406747 -731520
-839768 634414
-851845 -362211
957638 -927545
577408 383877
-75240 -253890
386046 -995013
-57860 789777
-252668 892200
900257 -963400
-685909 520358
279192 -717929
-208619 -234256
46051 222625
510841 -166942
-106300 368910
336810 -765468
224874 120876
571726 -455375
-688494 551983
-857005 602160
349701 749836
-774513 -40120
-616976 -899347
484586 -360206
-604208 -283040
-726086 952413
235985 -268251
18345 -364606
-381625 -994382
236522 -202352
905519 795408
478546 640731
-680817 -796659
-267761 958598
-410708 902990
498880 497645
-939863 937778
925688 461891
-86372 -361342
-441233 -903323
-544723 9271
-727633 -41198
-612998 -46045
-767641 -462727
-140741 -972520
-534252 363553
469058 895385
270589 -659445
664057 280810
584315 213847
460430 -967381
-98657 -3965
203986 -499274
-36871 692159
-940867 524202
283615 -398961
206128 924752
-623339 -824079
-576838 844311
-125403 -543424
-568756 703176
400666 483233
336032 893862
-925881 -840924
-808211 397179
642992 -352988
756657 -213013
296697 -734293
870327 29359
898677 876020
155725 423288
506915 -620471
-975438 -229291
-302222 220083
629546 -801190
-391269 937012
-966910 -105843
825734 683923
637295 856323
-171832 -299711
-632286 -336159
-481521 -198338
80651 97834
884676 -259100
218033 -836661
-59820 87629
921259 -82731
777314 589276
-808911 -63267
930609 151173
-287135 -411955
356700 -239170
128188 -606640
540409 -902548
-582912 395786
-66841 307078
-138450 -405256
999064 -209825
-404888 -631845
666186 -286960
-383499 289671
403397 -812814
313061 397426
661085 204043
-964610 87283
902887 -782379
847861 -501156
611265 730483
992330 -170909
342530 -69181
483402 -393276
-646882 -949451
-949575 711347
-435707 -935378
-516889 -703049
-730354 -730781
-480753 -517985
-839547 917758
-94699 53331
820774 -756680
542023 -206763
-639417 -757672
346009 -387809
168189 556768
54882 304670
-406909 777683
-10790 18871
-73073 -972892
398189 -93697
-137453 222063
570337 668019
-267334 -77037
318786 513366
995374 -662264
3045 363612
108634 -609673
-91649 882277
-627875 -832585
469942 385690
5244 479705
904414 663719
420181 434286
338539 -438659
929286 753077
167431 145041
-671051 -560846
-401268 -616270
470564 -558687
-516645 -355783
-465279 104930
-620772 -701599
407524 926585
-333132 89206
404713 792372
363576 635642
344717 -917121
343943 -864891
-874746 -284653
-995214 -708651
-261221 339230
-81525 -204881
-46677 864203
-374425 -365181
-877400 -450166
446715 737387
-401016 -340468
600719 -60928
-885150 -650136
-446865 631993
876088 -314905
575227 -937419
-302867 -714594
319151 -352567
139976 -979143
476783 -407032
104209 -12693
769059 -660909
762638 -288264
-556496 -713565
26888 561424
-806733 -105260
-406389 744269
-442111 -312401
-369984 -662987
-165224 -798485
-233978 18873
-744520 -168596
672008 -342968
-538695 15267
-783947 -505944
-757177 657993
-613774 -553917
-210267 434379
-588266 -344600
791206 856045
-418066 196284
589047 -336169
-564021 -380454
698991 -990599
814514 125801
974112 966218
-422102 -909365
402891 -387907
-864914 -116136
101731 -130049
-465794 846432
70572 701517
673549 911147
-638885 505039
293091 -883077
897238 615999
697858 -569708
20183 342246
-619406 -643670
-717300 268758
-415751 634226
-622995 -198036
492826 820598
-204104 804660
194838 603775
-561575 -634767
920594 -771445
-368157 -364955
-791208 404639
-880638 -565078
986151 -560184
-539524 -731878
661737 -758058
936973 -597204
-753892 197107
976613 687614
308005 849450
90292 125161
280036 509100
-902755 280121
562728 887615
-943580 -413410
-240997 120290
-558462 918622
994161 240157
442818 65412
-416509 -673193
498113 215491
-183104 497706
304457 -745981
-123738 -255944
96135 -152317
-717769 186732
-476152 -885419
220080 860124
657821 -688581
188452 203987
619672 971149
704137 442264
-308382 429073
-949420 882224
-169578 331950
-68900 -850899
-784434 176940
432869 339904
686602 240694
305755 -63820
13966 -379270
-654894 -962741
384942 941817
510389 -307267
619181 -43084
927900 -844996
312210 413564
63060 258658
301013 100374
-527912 624091
-35640 19273
-85372 564653
84409 905548
-335645 978794
946686 829756
773560 551917
-523778 932084
125737 588214
-204698 -174873
456528 322652
-137622 932948
635202 363778
115574 -208547
-851593 -67089
-210447 -233352
28701 -126384
-90872 -301875
-42519 -152408
243221 -678402
303655 968655
-22749 637116
254308 491951
326954 -676206
284222 468604
182364 444724
-85116 429893
-839838 -706126
712529 360682
-226063 313554
-432834 466574
-336845 911656
856536 -490000
-169138 996091
512411 960312
909582 -800799
-765765 202740
-4289 154359
898752 -482496
-915633 132953
-912622 199064
645878 -595185
-751572 539502
-145915 598616
-85941 998517
-792324 502850
596812 -992328
-902781 -658927
-816381 -388142
-161609 -478825
-822179 -68843
-25430 864412
-223662 991727
992737 -719524
232685 -538995
195720 -738886
-422914 600998
59208 796479
991279 -819998
-921224 573297
200750 501956
577542 -34160
-449791 509109
133033 -201623
354566 -447859
940691 645802
-318960 -854591
305411 -303432
618196 971661
-105809 913818
767840 -284731
-299579 -38154
118468 624066
-412207 -195874
655076 -633973
117043 734482
516702 -471513
-881153 560573
431882 -552639
-819778 -135474
-117571 669525
337863 -242928
681327 9034
-335482 197514
-157029 -81403
-567602 -778606
-352167 503727
370519 540439
961517 387312
-137314 52396
-830635 -24864
741322 -865707
-273242 -646618
-419996 -199948
748366 708028
-578302 891150
-207872 -358232
-958460 944276
-377642 463679
-177036 110178
-523480 -627592
720733 744774
-205310 -77889
-288854 751310
-529466 343112
-817882 680789
-298441 25668
464691 -103710
-316228 519205
40842 657471
-290407 -256402
-439168 -889935
593261 932739
-842846 775176
4744 -617869
-871592 798493
717944 -561214
-908699 -81621
-381200 135584
-322211 298957
-452891 -41660
51228 513754
-149257 -528949
-468677 -679520
-144475 380791
684389 491696
252008 55831
725093 -170307
-322476 -827051
-97139 69466
-913442 -250906
410811 613407
-49736 410734
-77927 929726
-169757 -438763
726323 425150
-460622 -136872
846557 -710712
683850 571614
-881064 297083
-720614 266462
212686 271374
-938778 -501086
-894989 -390060
-749278 817681
-429155 -835757
46125 653513
-380287 22711
849364 -812444
406379 -886630
-894130 -276020
-261807 -690672
504125 -17419
-48240 301771
512273 -621108
91820 108514
-105312 166950
-228120 -188829
183737 461968
250940 733792
-866784 665553
-635620 568257
16594 590101
-86801 -309277
-580247 -36560
-320330 -750423
649772 -988534
277138 790813
730961 -137517
906242 -544937
-187084 -466271
-814305 -739663
-117689 296164
547843 -320451
620136 -472005
998304 408621
660026 -664610
-275119 -191034
-875371 980372
-487976 903145
999884 -426302
601716 859948
-238872 559167
213715 278895
-17713 992111
-757050 408797
-426927 875234
-577580 179000
-483274 841000
-253946 -470820
553453 82537
-953688 -153795
-842419 -823329
437616 473334
104594 -981862
-51073 -673207
-262865 873812
593890 391872
694087 491091
-279695 551807
77260 -772092
-445455 -264178
919925 100488
-236812 942356
-901307 -802342
147064 45484
928517 -804661
-20194 424560
-595408 -187911
985099 210051
725326 -722494
671217 622784
-888262 929613
-375466 368478
552502 -269131
747799 -840876
-926109 686992
367903 -374831
441959 163180
315013 -66397
733667 218499
-537681 892844
269404 -790947
399450 810692
19536 -868241
691883 -162084
-652188 -767134
-841946 -984342
825972 580815
806824 82157
-88701 862057
-105324 -135182
159253 -37372
122512 -209279
746987 -626461
-636819 62730
83269 553554
-441505 993181
-452965 748847
851690 -36036
921106 328049
-394493 671690
945001 353513
-615558 -823858
789242 -933813
-103524 -727707
692396 -883425
-430320 -291735
-403604 -208238
-439582 -78074
696369 715990
810947 72686
268581 -828124
-278193 48808
-175976 651480
-435346 248915
935167 989748
846505 216328
180799 230952
-453822 -673096
45536 593935
614957 -664340
-661022 764932
-738785 -109922
-470104 -693700
990660 -405220
424004 -831194
357617 562940
-128412 -803584
-30471 -444798
-217866 746335
897599 -77089
899664 -666664
-466717 455739
530642 -836596
719389 195846
661018 184584
-782223 -512872
-70718 626834
847189 603466
524219 -275560
-801849 -701165
-712903 988001
191608 161950
-888154 558567
516379 -121748
869766 -310627
614615 -715263
-683649 -466705
-237724 278381
-695637 -494893
-117107 -375460
875605 -575115
-919696 -468247
918287 -489654
289079 536712
-737390 752715
588 -219694
13268 355461
-618468 42325
938297 807773
-537172 179003
-801802 681729
-859641 575195
-533706 292684
-80481 -344595
510956 391244
-156575 -136537
791092 90782
34241 145384
-730350 553723
-302743 247632
154497 541013
-595856 181328
-99099 769380
359977 855802
361606 -140290
728552 -220493
-223048 -94071
733607 155905
-973380 -922444
941802 -208363
-511491 485648
-58462 979642
267526 -37230
541852 665268
-666006 338197
706393 -555723
-776103 459996
557063 -461302
217957 -703274
521266 -185703
410680 -285870
878659 166
102530 -53427
121841 -158611
651689 143441
645020 605804
-589883 818721
397247 -834915
173841 -891066
333261 644368
-807658 -288585
74936 -264056
-909871 657011
566439 -170026
319956 -234446
-283767 -249253
472762 -920065
731037 -698783
235092 -377544
930795 -535828
513186 -124456
-815443 931473
-606224 834011
-579925 738178
325434 -567088
17830 -548284
616123 121993
-316421 -707070
648098 -357614
-276457 828536
-207584 -847499
-96435 -697117
376565 -485540
753793 208772
712156 -835540
202048 -515528
491938 -476132
29196 -221633
-446716 331273
322974 -873626
475085 -715779
194924 -270702
172897 268125
816224 208547
-60827 899650
-346537 -788015
-575770 625792
-26800 206359
-313016 -35322
-539764 244056
689144 633353
-920482 792694
-965388 466479
-605249 -724709
669371 -178721
918078 -633627
860994 571235
-966630 -343028
-115051 947584
-346351 -861024
861811 -651625
421999 332140
951407 902488
131292 -29597
-318425 -938190
-931065 -934725
-214021 -210315
-373341 865122
-745350 263367
815039 991835
-954649 -887555
93081 651888
698889 452894
-777881 -442745
-214972 -645647
-234452 940198
-940307 -128528
-747193 841750
684982 331229
184735 -691873
774058 864586
-470598 -304041
721097 7997
881321 26019
-741204 -918579
-45211 -113453
496497 -328046
-359112 908646
228081 -688360
-623659 259643
-79220 -493544
-859929 785802
410012 -785940
-507543 514979
514207 -180965
-825246 816582
-531903 391039
879481 917868
-937953 947990
399589 -45154
400622 585175
-829897 585774
-131454 724365
534614 -681782
-875007 243095
-560045 -649304
604365 -783655
880347 -924336
494602 842710
384634 668960
71570 -836411
962483 -62668
-198913 -113241
-191396 -801113
204122 -83173
-318080 901920
463835 1660
144468 -802428
-662334 80500
-639693 -938519
-287815 51891
827539 -247772
828873 989850
-796586 110800
-918935 906998
361385 845349
995033 957446
-975578 -451671
-58460 -881251
689279 562066
851137 -32434
638761 -144078
-445425 -524957
-234843 -543560
304139 -200804
111817 492292
-75020 -656270
-920769 -312087
747879 439624
-332859 -646382
-329682 947612
-137164 -467273
29112 -17372
-773120 968439
-789939 -193759
613688 -919541
638606 -931728
468466 223507
63850 -266885
-479722 861383
464218 536765
-744817 455505
609412 -626777
402164 735057
897939 -168296
615788 653558
468456 297745
-776846 118383
-566004 439750
-722407 -676489
-905176 596782
310026 -496094
-305995 668697
705082 585790
-956867 -100210
-940880 763847
-323475 421323
907458 -301251
641328 -572994
-416395 -945233
360963 -29222
-445121 522154
-127351 -931011
-523145 -650527
-234730 -727587
-844433 131996
-750170 -724836
895582 507331
-98053 -822733
-95935 728535
-417092 625210
-286482 130458
-636346 386016
605460 652531
-301708 -418796
-817924 -284587
-847845 -95514
425320 270596
209056 -30392
-698976 168735
-78304 -980499
555084 -902827
495385 759555
882633 -560264
-236382 973297
499037 612794
-454279 801963
752130 923054
28355 -857145
4896 435504
-661777 463065
-855616 -486653
141474 -770478
948427 -690214
779062 -891953
383407 943925
835998 174825
742008 -16218
131931 -508011
-278224 491023
603147 -490116
654166 -264128
-681445 85054
-891388 894970
304657 -33510
175776 596193
-29982 69313
915271 369890
-707579 273887
352535 463581
-754422 179673
53432 -236476
-669516 936530
-158091 -74155
126036 49609
445351 883832
-746434 426568
678554 791260
-835680 -639539
-18604 751838
-889336 462432
-696560 150766
391758 -182237
761393 -854740
-219482 -474091
-477012 914809
964968 -707273
-172926 -759615
181757 -323042
-198984 581812
-133945 -660485
601498 15954
-353593 910738
-709915 -354718
-746777 557468
-70726 13557
784275 267011
817511 834116
814137 14870
-316154 -264351
-386318 -565978
-12661 -418262
573944 -270668
380315 -297031
51603 344281
174276 187744
326966 715796
386350 838288
596612 -751231
23212 -513567
-351533 834102
185413 797708
477289 995366
-628626 -44314
223625 553059
214623 -598348
97915 -119286
-228493 346408
-456791 -59168
-854149 861919
762725 -272468
-876819 -279252
603977 -869341
472859 -204850
596098 -510066
863909 353619
-495230 -907975
-48684 207697
643181 -62319
-774673 196064
-163496 43520
166080 235678
512039 937623
-48735 692303
-12285 428843
-171178 140744
-124717 517349
-105216 -260543
-976002 -654451
445594 -643154
573995 -544066
204975 953289
-874537 -226128
-240548 32518
-190020 -929037
450454 -915560
-991145 143028
-186487 897550
999873 -788128
350564 -295088
-114767 499841
220632 529945
-208150 -270391
-254502 490351
-390870 -736420
543472 819913
-967219 636418
-11068 -459513
-674970 696366
689054 867714
-271807 -30119
-413557 283183
-272024 835908
-509811 -888195
-743953 172876
-761567 -129500
-908095 184685
-268411 -939971
-511720 191702
-184991 54772
-516918 577725
-700439 728642
268482 -539830
92170 555660
662570 152754
83366 499308
-326204 -308724
834767 -489568
-9373 269952
-891566 -569995
-706116 -439633
452822 -631485
809431 -102434
-563354 798506
-808244 848565
-277824 -752693
150915 -467176
573442 914717
-540747 -21918
61063 28270
-993871 336536
-923344 -812759
385707 915814
435210 937259
597621 -122925
131336 -67537
-906253 434614
128581 -68805
-482025 -533376
-962186 -25415
-629436 857109
-988694 164831
-801635 49877
909447 -896875
-74083 -94760
-156481 -572295
76449 360724
-320850 -161340
-979811 918350
-200247 697701
-65400 -829398
777818 37381
8610 468348
-226640 633412
-93118 -389424
-882992 515011
353772 851154
-33817 -735167
843937 -524067
-125105 -245591
814732 -500048
-848871 -838883
-735233 -766412
941593 -135150
-255827 56385
450473 -637822
457883 790503
738501 -805727
86391 894429
714244 -842546
-712055 -734428
-263072 -206459
-686366 711743
101881 -367360
732418 450207
-459110 -643093
-269655 -485869
340478 -109512
-936233 -731276
-731933 174445
-625283 -404478
-964555 -853510
432581 -336449
-578397 634291
-746972 -201768
636805 -728648
782599 -670546
-715600 496574
-136176 87069
246013 -906266
515867 78488
845197 -908598
970734 -846854
-615326 291953
-270292 -410543
-301854 -494418
-982611 539010
-600942 -144295
592720 122113
-39591 731554
300833 -683186
-182517 651837
843198 641851
924879 -89639
-955876 106916
-132682 437473
512533 -932279
-545259 906909
-49428 -781969
-174438 -411868
645247 -859040
-335411 -889423
290481 -49924
673686 943006
802547 -532048
-123957 -398423
-202062 60801
805708 -992380
301237 -425673
377685 213251
-383721 -815137
-731056 -952551
-460679 -450606
961538 -34904
-850946 13047
475064 -359942
-940022 -197942
-294148 344826
-916136 231575
-304465 -451276
-122061 668770
576370 -996570
62596 -859894
675514 -882459
286601 926359
629157 199402
-187927 747676
351889 433311
-600923 -468725
439766 799279
726517 680733
-980022 284710
182503 342204
-469402 -948450
-450478 -233979
-545964 298918
488668 -701562
728415 -535551
-557140 591380
898387 175123
730238 37051
33637 96870
86624 44400
-846616 -700788
999970 -229523
-325386 -618383
630895 534134
-924948 792488
-794970 -612297
-370854 405075
-867964 -221975
764682 171684
62698 -138275
-428032 -742922
-670256 -552698
78563 661512
304257 446412
869531 258760
