5000
-447788 176243
-495241 711014
-879687 -319958
-405132 -849703
-236646 367652
-396848 633351
158286 974030
-32137 -441079
235991 -983126
-635514 -578799
-620393 174072
-622125 -538763
296435 -655393
-582842 727389
-413147 843840
951743 -510362
725220 689827
250705 769438
-305324 -438664
610669 -977399
838315 856922
33124 -119426
-415188 -359090
474005 9412
827235 880649
-975818 847747
-940412 272055
-319280 440989
151448 -299808
109060 -50331
427328 -189548
-323834 -814395
-681695 311994
-175891 935658
792784 819636
-863108 702231
-578783 -690931
111045 -976268
21875 -875447
995752 927545
648457 288817
-744158 -785332
855940 524432
451559 138863
146292 -590958
-295415 84681
-806473 987126
609487 180549
-924858 360781
-914411 805661
-619706 909415
-305186 -281809
287268 -966472
-267352 522398
-875662 376443
-178074 -440475
391367 177313
-585725 -581627
-980445 -617616
-149572 -16701
24900 578660
-650489 244238
229758 -812874
-481935 21715
-63381 151708
286575 -765453
326817 -826727
487053 -356379
-234625 -878888
-858070 223726
-155474 412335
485579 -723020
-764927 -582894
-569865 -960938
25287 -631486
-473488 672769
-15702 -47843
-765954 855425
-926446 -990904
108663 244372
-624882 615266
-496637 785861
508358 954747
442367 -125954
-133518 -326905
-610735 -326774
-728682 256697
-472550 -520513
-437332 403034
-696202 500631
813239 633316
831026 857836
190793 26549
-882426 -926902
622755 94816
-468842 -314608
91995 388607
-284639 353765
-334441 -239353
27430 854962
245975 942165
-454619 306082
732390 116230
-70441 -482307
914235 213023
-435915 435257
310409 -382149
-748969 -965108
996515 813373
-614980 791010
240822 190822
326172 -91661
647085 -743028
649881 462266
-180060 -777169
-21236 -705631
-206283 524258
-174501 -515083
629242 -539360
247959 -968208
-946933 11158
-623959 -850055
-121501 -947605
-79004 310362
-748050 -320774
-35151 -903622
101793 -866558
853878 -437466
-32003 254234
-491022 -910278
-25743 284158
-589326 -761789
844120 -10074
-196300 -712780
430597 -672854
700530 431944
-667391 -585223
348984 740268
-389900 -603541
-415411 362959
-846360 -253364
551127 483741
-674104 373700
-542136 197101
353163 -366984
453282 862950
376302 -871980
631882 -405337
526807 835296
340870 -898632
-907557 433953
474637 -171208
-375506 -607285
362464 -289448
222991 589561
548171 -42640
-684718 -378658
-184857 -847364
-192196 615919
-522815 -329011
-176194 149561
-907487 -775891
-666206 -750779
444132 -143754
-587891 2596
-710927 860940
955596 -723740
-542877 614743
762043 -357199
841313 53866
-165739 46170
591863 778345
-791093 762327
64744 16432
810167 522288
-985721 -259394
584040 -429958
255086 -258953
872164 324754
-559843 502307
507667 635677
-517123 -681412
138671 284574
-333225 -578497
-156424 298985
830516 -479447
166701 -500445
531894 162800
-103936 -582857
539329 -236144
544040 984933
795714 444878
-249828 -755398
-789891 -929138
399879 719767
-685458 -301309
-34149 -115561
412998 338126
-290574 -454684
-459756 -32850
896614 990423
808939 -247452
-549854 129901
854870 -448056
640226 829854
-956339 930301
-294279 419373
710046 361426
857746 467438
-577548 -758709
-327580 630120
-311797 -277724
-259682 228543
-192003 349376
908074 210060
1504 274026
283522 -903333
-603762 611057
-301851 357668
70646 731528
-527057 692163
-397952 -21250
369984 877262
415724 -107010
-494482 681337
711910 636389
208648 515173
774519 686382
-772962 -132553
-484814 84818
323029 -468214
-109808 130030
76137 -533834
673524 414081
110028 -59648
855251 498061
-670520 101872
751688 -90565
325205 249498
628410 335827
4185 337650
678605 41940
-936433 -180316
879325 175576
-123229 -25944
-966666 199659
-302399 425208
-652061 533869
-802960 -719780
-557912 -202646
-825354 -359105
-171592 341896
179253 -848323
709595 300305
-184202 266657
761448 739607
769604 -317422
594207 -895158
-17941 331864
-782496 -2767
750960 -407636
81895 -143014
49633 519764
221611 -618505
-917786 -92491
789297 -72806
669471 302473
-252136 -353404
534142 -679474
321837 -180192
247903 284622
-117923 -607855
812253 215079
-899194 -451393
273632 -56752
15866 -627785
-189225 -768672
561128 984026
895846 -557885
225529 -744258
-323481 -54052
-584207 639918
312666 -252136
660264 -684549
-783387 -659654
-247585 627753
483595 -772180
287751 846778
-271335 -158200
-843348 231495
-345855 -480871
-174852 994365
-429062 -316691
-159539 -59808
219952 179148
678571 -506235
345867 207617
421570 535540
-790289 488176
955407 -873311
549210 869091
154212 -379019
-654537 -345426
-623416 -902591
-68771 832658
770160 -68494
689882 447711
-495793 469812
451412 -937034
68853 -497991
870298 938287
430946 372216
204224 -765693
-217912 226064
472351 574978
925584 909109
-647045 556144
-27558 318244
-201637 -601557
992792 -815703
345732 -724357
-307084 486670
-606191 143106
898554 -339289
562414 127717
173142 -253622
796379 310596
271397 493608
-377471 645783
116697 -670712
348530 -844587
296573 -750520
776989 -839889
-627271 -282081
-44442 419975
508972 213963
-768598 604009
233807 -224638
-798959 131426
561885 -213284
36722 68291
168796 828812
-528769 -870100
602984 796912
-288843 -11627
-146921 -435569
-971023 103861
224586 492528
-810342 -974952
-828903 656441
-726920 -17397
783504 662483
247766 59645
-999846 -911899
-169104 -975506
778172 279505
-519398 91175
-417547 322281
-689993 419620
-889701 532645
781082 -869270
-671967 647832
771590 -135391
-16027 -51065
180339 403773
935493 -227129
-203783 649688
-455134 974794
-749465 434164
883433 -727265
-689087 329275
571269 -721543
530481 -83860
-818149 727313
64775 259825
927075 -202720
-962159 -252368
-844941 -268512
-665339 -712027
-99775 310534
-314118 501745
744896 -130335
785601 -967454
877542 -365882
967377 -472253
639587 -356716
692467 -981569
415429 -905055
-660005 674923
270351 479550
-746631 -904010
-360518 626443
-249941 925758
733225 576499
-901860 828269
-404701 -678226
11187 765057
-67116 -674792
-2918 161869
341305 -299815
838277 -393345
-950929 -538932
-653693 -253070
-135561 476736
341752 41446
962328 525154
541778 271089
453516 137808
567831 -460119
597848 725135
-606944 -801549
-472017 266450
652851 770188
448926 -795343
176011 -749879
207272 898843
477117 148972
-497387 543239
61811 -626453
638542 569151
86789 622171
-253686 639890
-521059 776571
-440492 -599185
-826957 892366
974880 783377
-699450 -683428
335530 610980
-350935 676737
975644 -395772
-183885 -674365
-260704 -533485
-24885 622500
356781 108660
642303 356379
841703 -542219
163420 -687654
-989427 407169
-210015 486814
-822475 -153029
-550658 913811
102611 -948422
-212799 -384660
607520 -911606
-653521 -293015
850457 775391
-723562 406944
-133250 214395
-179404 -663056
-57094 41115
834622 -56274
621014 586877
393920 385429
490319 -856423
-844960 470063
-585537 154690
-680554 358750
-567320 161026
-507729 580420
157892 -125266
-644095 487607
-188753 -485973
15023 539786
-846230 870056
-338699 -66453
729311 319340
-863320 477947
-558313 919156
933840 -355560
-830791 -112157
-97290 -990705
-481839 -626994
-437090 803688
749459 -976885
425254 -524579
224082 -944359
936171 961624
934713 226108
307204 355082
573337 453395
297245 -453813
951974 -995301
-240572 -192097
-983872 -149199
535879 157910
194345 -406330
-20143 -972050
-544369 -894222
174073 687585
-933176 696638
-849810 836049
561000 -74937
-885232 -583714
-215946 668884
-680045 701617
-633847 859869
-31900 708564
341385 221268
-123641 191200
330243 387368
-413351 -575903
-680577 498530
674058 -757756
389779 653588
43088 543531
921051 -665217
-40806 201124
667553 -668874
-104647 -431603
-317770 -825526
-686857 145948
-195739 261339
-385873 206077
-273335 243525
504511 819212
-941105 267975
385402 447979
-518397 -70522
548461 -345359
-160381 473886
-958458 676166
267288 486221
461315 99756
-928048 -152875
47011 560843
-649286 390308
-492062 449059
-512854 -520897
-652231 -981473
-550049 -116165
273459 992092
409387 -138533
188252 325040
-187307 117288
-430002 888210
47886 205777
977080 18461
382596 800403
146043 83315
960376 -575799
-673051 -671038
-234387 -863022
-341054 910439
-399352 654043
76420 130217
-835046 676931
507289 231315
56820 112965
558676 -109256
12860 -54518
-349685 458242
689065 -601418
943810 765982
667431 -546010
329564 -122323
-736294 -809216
-681907 -132475
-726117 797066
128290 -937838
-162017 -119777
-629226 -148127
-912231 -360932
695524 395302
-576870 -580599
-370290 87461
798882 188154
-846750 82479
-847264 -776975
-930371 -307877
-187789 -517252
686613 -704709
207926 976579
418395 119
295799 -921711
818522 -254602
220384 -837775
776084 -504103
-521400 502259
518365 989849
532984 777769
-740795 774140
-159132 -55745
193826 928223
648831 924157
-894361 472737
389391 -874674
575460 -676174
-442308 -38074
807999 557219
763261 -299643
-61321 -591753
954323 -843642
135976 818516
-845745 196306
-111863 312004
145450 -858500
17223 -783687
-56359 -20047
-254977 214199
-996021 357055
408855 -286077
-819776 578818
231618 -567737
449687 -322925
184440 558746
346707 -184618
942464 -889098
923243 26072
-224682 -287321
-416193 757905
-84108 -473289
106125 -525740
-220051 469208
91930 -677467
967746 310926
-751978 -640450
367178 149852
228586 806453
131375 891038
759477 300102
-143131 -895162
-455111 -35850
-468482 -652046
641668 439509
569441 187624
994630 680089
342873 425348
836582 -202718
-445492 -937442
-775465 112645
451267 -897538
485202 791738
-837925 -619651
989790 99346
-779349 -841681
-375682 57771
-473627 -948550
251588 439087
-898084 272247
936997 -227881
387123 552222
681671 273762
-222855 -443033
-27735 -36199
-487260 -192939
-207406 -720462
556661 194942
715901 936387
-304502 -795455
43356 275652
227601 135923
-365354 -635301
954946 -340311
501224 516401
-443176 -158652
-931211 -268515
467563 -767265
718869 -306034
-642113 302978
207329 318632
-223805 -831614
-54414 -284670
-988302 216767
718129 978752
984779 991880
-96412 -724013
-735130 -59655
-599518 535172
664088 -701298
300802 -723420
925167 882732
-905717 -41059
-571527 715366
785828 181085
-436004 411495
790004 -953132
229721 789511
166478 159218
-267607 -255747
542388 257840
720599 760331
20206 552035
-459325 -887065
333367 210979
946008 -996552
-399847 -891150
680936 -124694
966684 614256
-100214 -261456
-893453 840696
-769401 -473010
-997806 255817
579378 -17621
-828481 -835544
209677 -274346
834746 -698105
179515 103446
596651 -678195
-455942 -99174
-903059 630836
180382 823152
-985324 -360085
-591233 421828
756179 142510
-57912 174494
401125 -965023
-225820 418171
-58243 363688
10631 279389
-989544 142892
-312673 996384
-321312 -61346
-635158 896356
-295585 -896224
723595 248462
105458 -894233
515431 -60835
-735902 -632337
-330714 776748
-264756 640657
645494 549264
-418907 -428363
-200315 -18656
150229 863152
98255 -720082
666323 617301
516260 -372579
-336397 721534
272306 79505
83386 -556529
-971496 897416
941229 -137987
-107781 -202582
953966 454109
948570 -408111
664653 -271922
930676 -468146
201975 -732871
948642 -411523
16540 213414
-352572 -815581
136721 866744
-974301 459628
259675 -188169
86225 211026
-555301 640888
681938 924694
327079 398115
734461 81941
679818 -228918
-121157 286502
414002 701577
-275136 -322758
-732047 834505
-41736 975766
-770275 -493043
559885 -730623
-863078 311539
-43899 -442756
523294 533108
458278 351102
-942923 673373
-588865 401240
-322546 632902
387190 -104573
699891 100058
-582751 744837
784001 656356
854555 547685
-320931 -129365
-894866 -940293
-907420 -982145
-766658 518291
475096 353402
551021 114021
441947 960136
-91606 42550
-572867 -306327
-209815 -52614
277252 -230227
569125 -929978
399825 -88653
-542451 870795
-69582 -468625
-72294 -182100
-382675 -606178
412182 -40466
-536790 588763
-697175 579838
358614 809664
-854875 -535788
-688451 677970
-854327 -869080
-63165 152437
942788 197257
-628158 -280329
183568 -860201
-459582 353476
-163491 -263545
462297 980653
-743565 351938
-945794 216408
439751 -423052
491822 -751089
-953474 -280013
-64955 453774
-753688 -238283
784564 -8811
-870239 -688161
-496 -795726
-487098 430098
134624 -40717
-545620 -456897
828322 346309
907542 204561
47047 968074
775743 518222
728303 -233476
-579142 -44959
312311 791424
666032 -75416
949648 -371941
627503 308233
430893 -95010
-566280 902367
-911176 -22895
889104 -369269
77123 -457455
-346337 625008
-39822 -680042
-562595 176305
-263827 398934
-94921 -993577
-768858 -10102
766016 -471011
28291 -308987
380464 185050
-277618 -826493
154340 536146
502927 949567
439732 -287515
-178789 617880
-353960 -156591
-556878 -941523
-208182 853679
588032 -295665
159151 500995
-676471 937672
370556 673678
40626 956809
-152112 549446
708527 -544686
290418 -361561
454761 -793187
-809829 1395
-234314 750673
344763 794263
-514508 841858
-104717 829646
580361 498288
-145507 779917
-201194 -47572
-2845 902582
-987603 722755
805877 -374061
418019 -330100
-843863 824831
-660932 297189
88335 -456778
-557893 -631293
53014 -59086
-796872 -240514
421924 -97828
-364032 586522
196151 -657861
-937686 836584
-615551 -582167
-683936 335904
793011 -77521
-440640 -116526
-987429 636787
165393 -739707
-93704 527631
-759103 -350846
92205 -302115
750447 -744320
-784909 -531660
-23398 -660207
-361000 -884846
-402172 -508728
-107149 -748241
125221 528302
813314 254715
829041 346743
405401 427184
331091 -74461
801303 88011
207467 -287841
295305 -748091
-207454 581555
288007 -445191
-105537 -328135
-186636 262703
-903761 -278073
672668 -424794
582057 523289
-673723 -808923
-964163 525376
909429 -2335
-750454 -1520
-758347 -528931
715831 942668
-888671 415499
-5100 725170
-309117 956172
-561926 -581407
250608 -288103
645073 -125360
-567830 633181
-823485 978050
250285 170019
73495 -578505
800717 394008
87104 496792
-224639 -340277
-151506 972060
744400 -284930
376484 995629
980453 -20051
-293344 -755410
424343 977964
385953 -422865
-773144 -314087
826318 947271
157035 -26595
114135 -316974
823116 -780073
589315 419277
-876624 942998
-613198 -602104
-141579 -837910
-281328 -379561
936700 973691
-524598 235413
31608 -564716
-840112 2965
965148 -346994
558412 973991
-60772 768229
-168004 99221
-459252 204461
-921957 692068
-73651 -473905
737565 -424498
67254 -725040
583133 -86073
-29114 -162683
-161543 -699430
244414 -336122
411076 555086
340713 -970569
-781540 -793199
114966 -572535
24625 -178735
580525 395572
407794 -46221
-27518 850095
866631 -12922
-5292 290195
-938779 -949038
-287001 -58861
513465 -998386
-655812 -205222
-429087 -311220
87691 -601728
-964055 271965
776205 507287
-693387 -630468
837090 893045
-180893 -287304
-457214 912520
312481 -491492
587336 581102
209588 217697
-178738 788900
846478 -30949
917455 -281435
633168 504209
-118989 975597
-492055 639781
-509010 -951306
-687159 -680938
-186577 -944773
244965 -828688
967702 672644
-922936 492745
-336095 784433
425475 823573
427499 -916455
352718 -535742
626380 -818939
87718 27175
216567 549338
227733 989947
-50858 697730
-783111 -643308
-639180 -184237
120628 212979
-660569 -25422
-150404 -504838
230016 -880733
-227111 830883
-363389 639501
309868 163317
725087 85069
227063 -274476
758901 -982422
-430999 519559
-469456 173975
606783 -231936
-84056 -711109
-764250 -698077
-35926 566435
469618 916188
870961 -604127
-901943 -939772
528905 -348752
32095 -729173
-191142 937280
716562 500100
69574 986267
705439 662889
-389569 -586055
-605853 -93220
311989 -833265
986511 -268955
-628909 -419316
843711 144775
603322 10152
660020 42748
133554 -783124
-323126 -765439
-866428 -59318
196766 526998
796781 185244
-14214 -23623
626761 -18324
270544 -30691
-708340 -829712
-884461 -379920
739913 -136149
-850922 848463
-882883 -707752
944311 -337175
-216892 -911294
287023 825999
70415 -164367
-859961 -972262
-767247 -773499
-402016 446636
614399 62091
826558 269757
368072 -681030
95482 -273907
769576 756026
936760 -627195
-34056 315534
-721898 473341
40919 144399
238785 915205
2996 -25898
-481311 157495
-16966 -661656
-830565 276012
-578229 -812781
673145 -104059
-677474 -236551
658900 -829140
-250930 -159967
-90662 908964
516163 -762310
-445122 378724
-710032 -497870
-297039 614741
564643 955070
835345 910373
30089 783034
769750 909439
-992435 -549158
16299 48280
-276896 -514824
925200 -354731
-420043 44231
-953862 -304243
-555274 676486
681915 -100667
917130 -564940
359056 -951420
38678 393436
-575545 -973089
-206997 760500
612175 84882
-543108 -7924
-393176 -601642
669178 -616409
29247 -928820
-977755 -128542
-961402 959465
-400544 500970
790009 -329338
-722699 970497
279890 848294
-913194 -298531
40846 724024
-852601 413508
347709 698372
732116 141789
84043 -977832
-333852 761212
201425 -67961
-709738 771890
354338 -892673
560280 -125031
-595642 172611
-812819 -319585
-954728 854732
-366166 383290
695312 -359190
-894480 802642
-885022 -624889
-168384 -953972
562571 -182607
757036 -204992
50139 -491561
-854196 -941693
-702602 780006
743971 702771
679779 -397637
-506985 900140
562963 -159784
363296 175423
-926750 -160548
-85245 413001
-17803 906641
602403 15471
741061 -336722
-491197 -899157
-969942 -403718
-310172 345236
74722 -508896
960019 -67997
800666 -679156
763818 -726117
109924 -628830
750145 -695230
-845475 625672
-330909 968317
-597262 -195366
34940 -233712
-811199 23224
604550 194059
617193 -86624
863430 846818
818199 -364691
-767747 -776
-471123 658494
-764310 -257207
542251 120562
50064 759816
47119 356659
956060 -374020
877789 289492
-591051 -712762
191461 -992051
138886 206056
-270853 767244
82973 -173980
164167 -247790
769787 -555749
625868 544996
101030 -973724
-208083 -847912
380886 929628
108825 -684392
721270 645623
387262 -173935
-761655 911964
-942497 -628716
445888 -672640
-728330 510700
906887 883790
-808570 168419
666449 -38266
973515 -614730
-712788 -224456
226478 -184899
-892288 -569285
848847 61644
-118309 -735444
446711 -922911
581718 887219
-125199 -478990
162568 655013
-5972 -344561
697627 429762
808525 -456722
614956 -163552
-838242 849226
755495 747200
-664524 -98872
295298 62954
-316725 898365
-925567 895715
217025 755084
873336 247068
980477 114876
-755210 12178
810882 945134
-930745 -853733
404157 835785
154439 -770144
487586 765619
-421333 -435184
-604340 765515
185843 400132
-364142 -523770
149686 -675839
-534593 395223
281590 130807
-58574 53028
-821608 815751
736480 -750992
-812570 -632355
672434 -484440
-976253 -106532
551448 -821015
513069 40261
185374 -226373
495544 -895997
-375873 -842595
-245463 909320
688185 -931605
298726 -880566
564456 -536967
96608 415168
137980 -124658
388071 -158609
-721336 -693628
100650 -737000
-815819 -34053
503862 -655129
212144 -325076
-912918 731111
-293125 422013
-646098 -926959
-674712 79423
-87857 938852
474346 -928399
-735484 -268450
-681987 -905658
-721374 148182
-491144 -482197
-29122 -510143
-536136 -459736
-227115 722402
-644090 -510765
269439 584294
-79018 -215750
-891375 783263
534699 892792
896864 -258912
-716293 209357
473932 -288177
73504 -835906
-195906 605536
390687 -199749
998417 881118
-334273 -478718
928551 -668467
-281780 429270
-624461 421262
-976305 33276
239631 184593
258655 292714
-906313 -227068
732931 -571833
871414 -759937
562413 -292938
-158127 -902547
-544524 -597479
504261 -88148
-107233 581992
612039 609886
255805 516194
-308948 771752
-431896 -704350
-456626 575844
-597666 389890
-36281 -629367
436571 -787995
384276 -953354
936451 -101245
-561196 -25696
661004 -155775
-452886 -958200
349591 18770
-905864 -796589
775908 518477
311351 -489658
311600 -688110
-465526 280049
-2730 -614808
-839658 28482
-47133 626263
31860 -241528
937032 -890421
-661749 -139613
-193726 -220672
-94788 384431
328659 107974
-591235 203997
805390 226620
911750 -127205
65373 150038
235579 -148822
-82613 712532
232906 817346
277405 277092
198104 635666
19554 -880794
139007 -22729
76044 -638457
-457380 949830
-959541 -659855
-148247 669864
-915929 235348
906509 519806
551292 818400
-18287 -206559
453517 -944216
-452137 -347963
389443 -150350
435622 594541
-583215 661083
-99203 181525
-970256 922141
176708 -112483
-323626 -744826
226204 -513663
422399 -567574
-381192 422350
-536015 -469595
-742196 -165317
-641995 -37461
634848 889566
-666865 629997
-973177 -563773
-685925 75688
-436129 466916
-235072 538553
-130355 849778
389203 -487729
80964 956340
884973 521789
-992853 -205243
589110 -906805
791466 549831
-230513 809070
978237 -734130
86103 616593
878669 -568500
96584 -100598
50523 496321
491841 814642
-69083 711375
678435 -918889
144703 803191
791468 -211933
-177849 712612
312636 -587710
23409 398053
-564422 -739462
-342821 32458
826087 -254917
-295020 911066
-675219 -433058
-990204 -355705
-243169 -861047
-802164 593930
-925645 -247650
627683 339799
734243 -34208
224187 820010
677010 670699
156496 -141319
588018 -265464
669532 986633
666722 317796
-648556 -139306
635157 934330
-421356 -820993
288795 -972283
403392 -220024
630272 -436435
-856259 135433
-594958 561521
884195 288276
-669035 330920
99050 721783
-732682 -416524
430466 926929
-627008 -80892
53430 16061
-731559 506688
-31967 593895
-26514 429247
161929 765210
-142305 -495840
-630845 245720
347036 167123
949371 -429502
-299377 -912369
-983589 -147432
-426086 -601717
95129 -933861
-434908 579705
560715 117903
-256539 271534
-823665 194340
501264 -674774
378859 -32016
767977 -726932
291021 714073
375151 -472425
-910571 -403656
909026 -486326
67830 653390
-192666 597765
-238457 398328
64929 717464
-727213 -302401
191712 227686
-533797 -676940
-122820 -501866
70366 64314
-177763 571978
-846795 -729296
123165 591811
878673 -636799
-780541 474929
-659932 698511
-130538 417998
647502 -882861
-227252 920247
941819 -508048
-383442 792125
-6678 974624
912925 474087
-402337 397759
797663 -117420
-151416 -310826
102672 853116
452330 436965
-131238 641101
-498173 781641
-712220 -856366
121326 -868646
-60789 -599620
-289629 -728007
231185 -68535
814778 -504316
-273343 659688
444373 -114878
-772099 94477
459088 -146199
103371 -134317
-997241 424757
-291294 860794
469743 -350437
418363 684101
602287 841156
-596163 -448589
226924 -713918
264054 793765
-338962 397053
938806 -475780
918865 -861687
195988 293598
-385631 217173
646580 -421050
-425887 -204048
133505 285464
611480 502913
627012 -177993
473884 389360
-876699 164141
-98691 -964429
416910 -682887
-450179 -195293
574007 -263627
839221 -226140
-8340 -350156
-660043 142401
-475425 -586291
-130591 -197042
-39944 -139715
231274 177821
626816 659840
-106827 584381
184058 -216119
-878290 -168128
640350 -126522
-506616 961054
-874195 472248
-574013 -800429
-156939 -28444
13193 752240
-135592 429602
-56287 804381
-775390 266915
-930756 691372
-999984 867673
-667401 802284
693373 -104307
-326580 692853
562829 960918
-123822 49006
-733693 -702130
-996749 -674877
-219958 410449
-916176 -928181
-331803 654800
-452179 929694
289990 610482
-243043 -629446
-584158 -315565
-285756 644450
-347746 -14403
820874 -170508
-175130 -24353
-48715 324424
257005 257104
253064 -475712
641954 623745
-709145 -913434
876186 -521831
709109 319885
384493 -338695
-509603 847755
534433 -899516
-223161 -153944
662297 917272
613296 -920908
455006 -105934
658016 -371787
835225 921488
-876437 10799
-674211 -63161
-33818 973881
-660446 887719
-978408 5070
-443812 731751
-334112 657491
251722 -557440
-299929 866127
-862910 -544301
212236 -225254
-349893 -605944
-701014 960338
-410962 -755480
189811 372126
658610 -86905
-886122 753128
-437335 -118234
229703 -886901
-610190 -544881
513543 -805951
132084 -763437
-762860 978955
-610551 -345042
134408 437770
669525 -942886
-169955 -364645
563615 -24990
962864 -372411
-818350 743582
-328593 -6820
-512795 232311
110428 -531074
867689 -790129
287225 309641
893044 -587930
-275662 40238
-799515 16611
-740753 -270333
-278686 -28508
-641769 -948572
-679216 -791908
236373 770374
161178 -972600
894245 968468
-361075 -877847
765245 -336206
-67483 -339944
694637 394514
-734509 -12728
-541841 -216903
176822 48958
-287762 -634121
-11190 -199863
925394 -954556
244634 259944
-307722 -965778
-233988 -685021
647246 -492778
-173883 381115
842470 -580886
404621 669126
-789266 -189115
-873744 -606109
-62810 -884001
-116179 59634
49873 -78478
-153615 -268909
-498041 751610
-517530 -777242
-975799 395409
871381 131800
49208 119964
451190 555897
-231737 -319942
380174 -945594
916489 306625
423788 -165484
-662675 868380
93627 -21891
-919929 -687591
-136368 78374
808837 -374499
-850247 704357
945036 -815571
-783446 -74630
-196000 -449506
978412 166632
336514 576484
883541 -980435
86288 519347
-169639 351356
598582 178272
503224 492779
780983 287987
3152 -898752
427533 162124
586504 -458900
623988 910881
758652 306354
296328 -787804
-125520 -682300
354997 -563965
-502143 655228
-435151 -778363
-523514 -418345
-103628 927085
6224 430249
-429867 -373473
-764175 -400618
-729591 897653
210108 -266346
-786035 -218252
510594 26605
-735515 -545729
707923 980582
960106 -105432
-207416 616239
-89646 21781
-594417 -315772
247509 -210649
-58560 939340
-724700 750595
191921 -359599
282826 886183
162132 249000
-11853 973081
-752130 281986
-342416 -744109
563192 -236091
-603606 305749
808615 -431260
-457583 22805
721319 -485244
973688 158586
901016 -809460
311918 -730416
-199608 167143
77540 396801
-353591 -224420
360894 903184
-966261 915080
497388 -978597
81410 -534461
-672621 270052
483183 -281376
-511914 -931270
518508 -436591
-676287 519907
-539135 254773
791534 956265
-859207 -202089
405345 95953
-525157 -455979
914196 832783
312048 192194
641959 166583
833967 470043
-50404 128617
-70162 -275019
40349 177632
-595709 882607
-733908 869133
-205999 651457
-698975 -112344
-572257 -659364
425619 325623
-465815 -372497
617292 364089
-939467 -693407
-785272 413310
209425 678173
746957 -830509
-295675 66564
-333209 -184256
-274609 858100
931693 -765102
268163 286151
424409 -271077
243850 534104
-829252 -70114
247959 978109
-478361 388889
535635 -949502
730559 242236
-175312 -29766
180494 621778
-49770 936396
364003 -414869
377147 684675
814948 -853708
-101102 -51264
168699 471153
470831 -318065
-38302 -533234
-401239 140452
-493626 -488719
77075 -564536
-213649 796306
883905 -938025
-825865 343232
79922 -279207
-953652 679428
24455 -148657
-45539 -644727
-259307 -623116
237792 715368
-291760 -603867
-963218 -916215
25996 -454380
-3829 -628160
-28302 90857
-696206 143090
373624 -147636
358529 -468840
-141904 -138413
-982048 -398125
465764 432173
-334890 231311
-360396 -844091
694746 -929101
-24296 -110683
922035 -688522
-910931 408923
-309665 209592
-153556 88317
140345 -542688
401410 -787200
-251384 227337
131330 553873
705222 -581417
-419818 994780
-980032 166465
175729 -676466
-318461 -441947
519071 -603863
140665 819877
719004 308992
-518821 944015
999533 314233
145621 215729
-536616 6315
-784737 748596
911384 628659
749142 544619
345720 583521
-863101 69201
244755 -66608
674691 222221
608179 -794387
-925838 -344459
864953 196693
609803 -667016
-458699 726526
176121 670274
-254813 290206
728821 825034
-406786 590101
-586247 -929191
-934653 -626733
863218 -395483
-913480 -200308
-265574 804656
-514217 259940
-124069 377200
-937534 -920384
549947 288266
-841835 450583
-362482 304992
217504 -961926
-732705 -956441
663957 -16121
-664454 -996156
-236934 486294
-847319 -585880
-936297 972148
-379245 -733577
798633 -101943
519970 678738
-809963 42951
-723444 -111848
586025 -107564
-878902 404596
893344 -168364
-277773 887986
-389840 185315
94668 60915
34308 -429979
-355287 -661334
-420880 626539
73886 -145178
831609 329978
-40285 307567
-186751 -536013
554783 699089
-510152 191261
389177 493342
353852 -275617
948255 -637615
763405 -832593
-522140 910116
-43470 -843546
969114 616499
371551 753740
-366814 -361943
-75670 161834
626524 605897
983689 673917
555910 -135745
389496 282217
667813 25077
-636215 776756
-785143 -90260
-972474 -787526
-623997 -895022
925008 -690562
23222 163765
-240426 662771
688269 -467065
223817 765309
-524524 -296676
-877594 41119
-811325 -262650
621215 501799
-481394 -657632
645660 -701851
742679 -8586
321892 369284
269753 546510
-646862 693513
645581 -137096
-473392 505407
-556409 985513
430683 297329
-679459 127526
-939476 146845
289733 598868
-390962 653345
-318674 -541449
-299121 181780
72765 -835820
199411 783777
475135 383479
-314219 963428
820194 281355
-958267 134226
885785 658558
-121053 774174
703727 734444
661430 -885254
-72424 813526
-812380 518268
391886 657786
-626302 -63167
-467219 274932
136493 -138458
-780158 803347
267841 -155759
-399829 -882688
-668259 835937
-45615 163221
-267232 673683
-392162 -622529
405415 -623597
898574 -814636
-92346 -205024
-956941 -743651
463052 -9910
-906019 -479570
832404 -564490
891310 444891
-12350 609458
-257334 -113089
373103 766601
-757634 826715
981583 64404
507916 232132
330236 450846
-527630 -841041
-151428 -401117
-184419 92835
936564 -294380
586398 386608
-203032 -583189
779853 -683447
-482770 163322
384218 -249434
-972479 701760
-917561 756793
313475 521354
497745 -769175
975697 975432
-257820 314395
343875 427106
536517 -915250
927965 22614
21821 896542
-117980 -91109
156362 -104558
510892 -675686
588892 -687833
-332487 63852
996062 -654112
-471391 50147
71000 -884399
867123 -276336
862452 -281068
624003 535111
-409896 -444262
-286627 -293375
114260 723752
-364958 405095
789415 45351
657428 403814
621835 898355
138174 201794
-154433 -289302
506355 709692
-230033 -485991
518888 543821
878085 668130
-50687 529420
-887996 420179
-353366 -157612
-293051 203011
-31626 -899369
-65733 -779943
923060 946259
-204855 756435
-6090 -195910
-366135 418803
20929 -66148
-217163 -422507
-594675 44555
378549 731935
-445834 577488
-128485 -969037
-821815 68923
638027 824862
-387676 -143468
68371 453523
87761 537559
-305345 388309
505315 492698
-904329 -103631
-729088 510782
-4367 207092
-725759 497742
178204 451281
651132 -153547
162957 -770752
-905802 -816199
-678408 683348
-742488 -162504
-409010 426429
-746976 -100952
-990995 -614798
485288 285229
607775 874085
683512 677457
-36471 656462
840111 -96813
-282760 817362
178768 446682
-894456 129712
366910 870946
492780 -21704
249691 -786927
856375 941611
-256384 810469
-780424 -711910
826014 131273
611527 -459598
-358832 -801019
14402 -984158
-404131 -15234
214596 -783521
-488635 -327237
783966 545059
-564752 253183
-725972 423704
633164 873854
937936 -840018
630492 -914453
-971449 -361541
213079 -813212
157450 408123
-838353 -565300
670322 634318
899079 550566
193713 158529
468162 396140
313636 326033
490880 243338
625322 950264
-794136 -639647
-779487 -514960
34443 807094
614033 53551
183064 -173624
-593723 446468
877660 317254
-526048 -859503
156817 378379
-252634 -224045
557222 599796
-792347 -696857
-903846 -26132
-545084 -712926
45582 254167
874546 -108225
-934553 -885467
943333 -271726
-285317 582179
-555584 61271
-303631 -431688
218799 948134
264044 -669125
-99746 307009
-42018 -84578
213826 65458
-509708 409785
451208 184036
952505 -233324
-225372 -26812
406747 807198
-1328 461793
-397208 -525915
638497 -222674
-28380 801033
116631 -992361
-275411 312633
-120295 826063
-160936 670425
-883583 -981694
200301 982102
839672 361555
-341344 241826
-741103 -473097
996446 -786064
707732 -272011
-48573 514860
562097 134314
-326837 92320
122217 -497580
419157 367686
-81079 901994
-802018 -840647
-806803 -414833
97887 149616
982829 958965
-89789 604105
777587 211184
-205853 508769
-269334 -213228
825421 748119
-748691 87030
-912951 681113
279384 549948
426912 249728
-33515 -60591
-744008 -988442
240193 888037
-736025 796374
-657552 811762
149022 819848
-955406 -859537
-476171 846409
948818 -30326
941543 -842715
301282 702343
622419 47162
-174326 -14349
-44236 -819201
-843177 -23544
541811 -816111
-311469 442107
526301 503734
890713 692179
-914822 137331
216609 -6445
-90305 898213
84003 -571071
225203 195575
17555 -256187
707869 -449883
-89016 730547
211236 -707137
232506 -471681
103982 24551
8478 -597571
959982 -467686
707805 -899185
-107017 -80784
-360922 543053
229287 -900751
-341700 -646890
-302270 -525194
-424910 579882
637380 -64404
113281 200507
-436467 27219
891560 -274632
676767 387471
-820382 254428
845922 -702328
-122984 918785
-614689 -441564
-642507 153478
-247087 599093
98137 -749124
266369 -97279
-724230 -109038
223722 116893
-412714 562231
-547385 746899
213501 -758073
-36939 -810678
-711554 252839
-249323 -575286
-298347 369219
348155 238365
122836 -871568
-528266 -527104
-678221 30502
-151074 -844542
-699357 -493488
470209 -325088
127120 291583
484241 778652
-604480 -875603
668700 485852
744594 679443
504270 614715
280673 -257504
-300976 -918528
442621 693262
502527 -486825
283475 654775
444579 875985
904454 879955
902310 -422021
-712470 -86119
-927484 82486
-543620 230139
330933 -854654
361957 816053
171630 395112
-327549 -151346
-648684 -740850
-798223 -837318
10859 -194833
216986 438853
854189 580506
241032 -383391
796291 485452
-624874 -997185
18408 -409472
-712202 438118
-19758 239647
-823129 -274055
-628998 -937808
-929644 -648153
859612 438728
-222272 896401
765694 487079
691749 -841989
-353167 55277
-717470 -696408
-12125 -323280
-144026 842682
26977 456724
-609347 -444649
-540978 -51392
168698 -271822
-69337 109148
537652 -979557
913463 -960445
660522 -93463
594485 -589926
149162 981908
404584 758259
-191024 -625260
-869039 -941115
-180973 -271418
994558 90107
902445 -344625
-940054 -838206
502051 74213
-855650 256052
974052 442453
465151 495895
284096 179626
917355 893330
162610 -304781
955578 -198398
484344 598125
-584745 -794686
-58034 -977663
413667 -863418
-40237 -417999
560710 -969701
-412446 -785339
-387855 415431
-902089 -745832
686602 -632524
-604713 -210347
-46082 -853500
285995 83033
595315 860034
879537 -112097
-456384 968782
-799474 143655
-142512 -356763
907479 144537
456179 908663
-117814 520400
-457339 -106637
333163 770690
-667365 -986349
812407 -914048
-47334 -232819
53110 -96816
-953605 157739
327365 -188387
-76887 170585
-458538 -377229
503422 759694
-719269 376685
-8772 648421
557434 849135
517421 -968483
-822785 42538
301466 -792790
-872487 -348196
-349693 -14796
-865249 711806
-172210 988312
-297236 689716
270410 414280
-991431 26716
447627 -776385
537760 -582799
-72966 -466947
303881 12835
-657992 -153978
-226541 -327272
-199238 -51032
-512722 -546459
-477306 -734080
-973650 940181
901277 396708
402826 524345
239146 879867
-447237 796970
-864271 -576876
-117387 -255944
-686544 -434068
-567289 255954
-539373 392949
-995845 713881
634512 -653535
-269372 -975106
-216510 15908
-955686 -126465
773899 382047
773119 11423
-368469 -173390
-667479 -59687
125457 -563022
578013 88288
198471 527198
-91293 -732415
-97795 878973
-571916 -928180
771685 973288
20647 -491422
602964 848743
-415283 -90191
415690 146414
674716 848396
-812774 24603
719564 145634
852155 -812275
-430186 870861
357178 696352
-513841 -659169
875438 600864
-247971 421292
10826 921851
-259587 -583724
-784403 -184501
-546326 -127013
538966 733605
-157916 -632837
726976 789984
-162125 539833
-911520 342817
109134 -663239
625220 -870402
-660503 565065
965307 4956
-831861 -861867
-627576 81238
436586 122072
-231668 502483
-246261 827279
-362203 686220
28683 362916
555397 -848422
-629885 -572480
356573 298926
-946101 -259056
900206 -331442
36090 -570492
940916 768509
488191 -419263
327124 -339128
831452 658343
381133 421871
-358159 -587827
572564 -318248
-820366 40673
-639458 540598
-635593 -86043
611149 -673293
-994336 68684
352384 686939
-699674 705449
117471 -729692
318001 452080
-244193 93529
552914 599459
796069 -936049
137679 -652685
200612 188439
-649347 729862
520930 551133
-26228 889316
-774768 444311
941867 -857469
459091 -968126
-465484 -222911
127612 855273
15302 86966
906681 948267
-435467 -519888
88771 -95292
-234714 -878175
353833 -903270
645649 -524292
-977902 621997
-43580 183617
252799 190757
864595 245235
491544 -948878
150172 51598
-414086 500681
-961266 -653451
252601 -686887
473428 -905328
346427 903065
-733255 -699874
166452 -676006
-450351 -40835
448697 143961
-415119 296873
-407761 -923689
659932 718058
957806 428392
983379 -765014
-814947 -78134
-596354 120274
448670 136491
-182982 103891
-436334 480229
538446 -669178
-53780 -59264
216958 505281
-218916 -536508
-866443 278910
871757 -805874
-14740 960987
-537854 -842243
-148208 -982425
-378344 -293834
29972 398035
-373846 774044
48007 552885
-643382 -131176
-782647 -697205
-697396 832502
-610170 718207
-470035 -858961
-288472 -706952
-373283 843248
-523855 -994889
-920654 -253083
862898 -765778
879117 312190
-699956 -798453
241325 -888713
-225785 -983060
689232 -154070
295022 -444651
333640 -339694
-87501 732380
465048 -972838
28504 -540237
-144829 46814
-70758 109886
743452 -968128
-663278 802429
312155 -441909
-796881 -84350
59424 670665
-49677 913306
-438714 -514502
-215621 506421
-133292 882447
848506 625300
-334343 669730
459625 85977
-490062 -221441
739660 -485498
-284089 -530792
798246 608804
-149065 167810
-10070 -754794
-9059 811089
17633 580656
845809 -188690
-428291 -591986
-866645 955106
-239593 -632152
-920948 -908544
330894 427060
-156346 380545
-571460 -480669
113760 -956808
-645262 266664
686844 353737
973329 -313428
-158804 591960
989495 557448
-324186 23903
464877 -969321
919747 -130329
169835 -908178
576390 -948824
-345361 586263
705956 489698
-759902 800891
785505 599059
241625 464707
-72586 -317718
-538844 319721
-620212 498077
282681 554901
814066 537630
526913 126368
749615 -97967
285631 350444
-724256 -349733
-643877 -54469
-388547 331611
-739248 702213
704008 847925
959223 -143102
-737181 128397
17631 -912312
904067 496487
62370 604055
265483 946227
-351344 -603789
531660 -89468
957171 -682430
-749863 179438
78529 275403
-448534 -960597
-268226 710534
303347 -996692
728990 270850
976987 -199080
-573982 -240662
639772 832424
-529103 915716
913367 -656221
-498752 -681728
420069 878509
345221 -806475
-970002 215028
-137872 570330
257976 75487
-563497 646017
478381 994729
201623 192791
-750962 -280905
-932090 -756694
-622472 -284597
855800 58130
701982 938733
-185183 -764871
187131 -494727
829647 -714213
-468141 -249467
678937 811010
921066 163685
142829 -714038
833583 100033
733050 -315418
-25052 652500
391874 722935
972871 -187577
-962145 568533
986398 970024
714183 826697
358790 -96520
56150 -937657
-179388 -109649
-831521 -393635
167916 -102340
838295 790795
-521065 -512088
-294785 -479477
461861 -667578
-583536 -665997
529108 414211
755659 -11036
-138398 -495413
91722 -731404
175931 829088
484081 -194543
138596 910727
-499224 741064
812437 520728
468360 -178603
999312 -201964
17182 485342
-177685 280715
-51356 -65542
-305418 460254
-514210 -679940
-504050 712216
653169 380258
548249 -352757
-906729 -932181
-49374 315676
-176452 727320
-173715 -77709
706442 -718397
633147 481624
86330 -467738
413211 671519
-169018 766974
699061 723202
328815 414013
846488 222459
-955344 383896
206018 930106
721789 235822
-600327 -337341
877493 208825
-539079 -122233
-536388 208596
-949639 -484616
-190335 475021
131915 -356534
681306 -798728
-908751 693647
-108118 -275919
-108996 -706731
531364 943367
-3284 -172327
-861400 511635
802686 -902162
755292 -103346
-167298 -513128
800555 -347901
-87387 -401182
805590 92047
948425 -991451
-960176 919008
680198 -139186
494395 175181
-76861 571691
365964 -773401
90990 876229
-982811 305511
50599 -630292
939031 734190
-337632 -867326
-10808 529243
-16580 125819
-388702 42409
391846 911192
127483 167257
-270744 -235913
-288350 -780910
63452 604557
-567490 -926038
-155735 580207
590422 -668976
619034 -73878
993953 980630
310479 53955
-795876 -46378
-672567 703245
78204 817556
657578 488234
450143 923573
-399606 -866910
922917 744320
746401 -93692
939389 -776325
-269366 977244
229050 270530
-889275 592198
-556960 -267967
-921989 678655
-763107 366722
-314972 26328
729767 729109
422950 -224773
-533360 -166865
391060 937116
-48855 82247
787262 -669418
411526 -559283
801322 771085
986008 893510
-500325 764266
193553 -674922
-66958 613775
-769005 432593
781413 962296
24303 391392
-257183 -456115
-120038 443211
-603173 788764
764358 583472
137432 634772
455800 998064
696359 702654
251642 -664605
432116 740531
63790 -761860
910656 -526854
-595563 -211464
-9288 655966
461090 824984
813115 -558929
877198 618401
-550491 376467
533275 -69326
534843 -389527
243380 -126356
-858725 -296008
82915 808785
-333162 -159478
362721 -22284
205756 864678
770774 -914157
-34957 -902764
402064 -749681
247535 317051
854791 368718
-289470 -99883
-106541 -144801
-824807 528807
-481456 -403829
-5799 -49893
562579 -276686
-850324 -621342
825445 432727
-270156 -45125
-9649 -932798
981751 794588
642876 738910
-771942 39059
-937987 876320
-124643 217615
-906300 -852724
353296 -284194
-431143 -353493
142201 -31039
404796 577939
654829 913046
-532662 -651044
-318900 253552
-228713 -544719
-927037 929102
-146441 -469701
-211036 504332
-995330 -975075
474375 435987
608591 -502145
56747 271040
109388 729661
-406266 -469746
511265 -820404
886031 525295
-25417 263436
263441 -742778
-123261 38588
-780887 -900186
424815 112336
962562 -847651
834415 776328
950230 532305
-16613 -575188
356154 -307648
118023 -139137
-799730 -709907
-649738 -349347
59384 551084
140185 578600
817597 18744
996257 -382467
645368 533721
-479424 97243
379540 -389223
-947617 714952
-552333 -460958
-487549 -31218
265227 -416411
-356223 831186
-326356 804894
51416 -196646
759016 -711878
111245 -700068
-962880 17206
-83314 577579
39917 -697609
-287930 22670
188526 -952249
271503 -647748
-450767 -507312
-667429 294749
204782 -715676
1307 -478769
-895977 -504809
887517 -179626
635161 -20324
-41090 494970
172449 -602598
-422679 -10940
292763 836188
-148741 517967
-964105 -925917
-34241 165222
-920483 -649783
18258 724203
370902 -526970
183919 -718111
529856 -531175
-837687 -348589
271383 -298593
809141 327710
519825 -888847
448640 -957684
-606921 -11645
313245 -368655
-580361 318965
546490 -439555
861964 -992308
466409 -457098
-400277 -910260
837550 -332199
-337547 -779962
-313751 330724
160368 -786333
430948 -325145
-457804 -799861
508251 419593
571775 708556
-249790 924880
995715 188287
234040 92513
151080 688709
-42287 515623
-32881 -725995
-18624 -364290
818905 -915968
-855346 -753745
614671 816777
307454 302552
950976 -696828
-656152 349636
-581223 802129
-275135 984073
-238670 539288
323868 790225
745637 854068
300246 -67122
-798966 553484
-866694 362514
513804 789790
-426204 -492352
-234163 104953
271769 -803450
-738218 -766651
-134039 -254755
-107946 -771772
-583501 -678114
139702 -493494
-109438 -826271
609163 302263
-640840 956035
-565047 -218943
472117 539343
658742 -750843
478670 -787427
379632 -730427
-954434 -915101
621401 -210145
680305 233671
-232564 -85266
96641 -233499
590424 290773
259154 687010
-791073 179305
495933 184686
633924 -582729
414428 -430942
-735046 598512
561418 -287374
279683 -846025
299677 -483441
-402128 -421870
-722772 -900264
-692461 376874
453621 88593
-98783 -212748
-905780 -870159
265786 667493
-440169 -208149
633733 958114
790862 792888
-550663 -743120
915203 601675
-497790 -163841
801996 489176
17724 908917
-381489 380529
-176442 992442
-117766 804449
373338 594213
-701875 583657
84304 322075
-438484 429942
-710735 -756769
402368 557529
210848 425
571550 727967
936257 -285764
785717 -328256
-605748 986155
-78385 -379824
479885 -597925
956265 -334152
-229014 -911898
301410 735754
989257 436653
301842 928493
548011 -238595
40332 387859
-688746 253171
-134357 -886889
191977 720765
-44877 115456
-65814 -121757
-49302 -281261
-347115 -592309
853102 -112473
-779950 -546923
610162 480665
-167554 -26020
265411 -489905
280961 509164
-162571 -866084
475028 350996
6914 -852428
-937977 -530921
565136 672496
809803 749444
863008 288043
615012 -958120
-772918 -75932
298211 -133753
-571830 -513600
-69586 -534374
-966150 656239
931370 -484762
-699147 860943
-177544 -254542
-774500 -492
593904 43940
657134 -392365
664734 -114857
-592136 263375
737408 -906154
-456456 -982125
25030 95221
-772566 -686806
-998154 812984
-651073 655933
-114328 290013
960265 975708
522610 -348475
447420 966303
600074 796102
-68956 606440
-332038 -897124
462723 64228
923123 649576
-871223 -369704
215324 24527
-424449 705570
317484 988054
187624 -249013
-586134 801644
-114515 -925185
104844 458365
688361 -850747
263023 880487
-35999 797605
462632 -556403
-948277 -795258
-121657 -72538
475258 862002
631946 -517342
-405754 823883
-754474 603113
48051 -888196
-611479 303612
894365 114841
-343578 -883000
500198 -884546
-49127 525600
315257 56675
-713160 -96261
759415 182011
-267667 -522205
-495298 -271810
-826069 -567012
518299 411491
242751 -484859
784269 -525730
976012 390797
-126831 963176
-623874 -314692
-535279 -101331
-773035 589408
178555 -349950
811769 844381
-943887 91695
-241017 659876
-4053 -942228
503108 -868709
-245862 561853
388243 -336317
390762 900021
82933 463053
-613354 468891
-267836 301632
-540755 -177351
-777116 706527
-834848 844888
148061 -691872
955554 26075
798330 500975
734582 682020
-537776 440043
939686 -631264
986514 -717802
758917 -263776
315322 177032
-261226 -542384
178044 -504169
273097 -265944
497034 229401
-336745 -433966
856049 729155
-598866 387685
35550 -930627
-983316 990471
-278228 285032
498497 -414502
352615 123489
-754723 -532124
629236 -58116
-376377 -427108
314298 -768822
31937 -479864
-144504 842431
-283297 650637
-512679 743082
-916710 881367
501273 22316
-473272 -643732
130436 -932383
-196456 341257
-185278 -409210
393148 673834
123151 125690
804103 819734
-833836 -583951
765136 19914
-993087 -666868
-44301 882100
309939 656785
-605951 -824914
-869707 -478594
-16596 -31895
666751 854629
435567 254842
-181070 74972
635945 229176
-843647 752436
-124473 -555816
-968004 -260259
-4901 -293897
577672 -192530
587421 914817
-642949 -99295
831689 -211483
-571364 -830745
-307922 358104
957619 -788111
857604 -586836
755145 589054
591130 -695493
248980 -950969
-150039 261293
38014 -282645
189616 812168
959505 118031
-127295 -242991
-221475 -741820
-650346 -920698
718828 674393
898909 916709
974238 866252
928404 440425
146764 -339080
34539 -638215
294438 746519
-304455 523412
-579926 -81081
-627854 -593481
618813 -946131
191198 124296
742340 -14434
-508937 885193
790086 -209533
-980908 400727
-979266 -549158
-918662 -572248
81109 575956
556843 -567207
66282 -471707
-915937 678463
-759777 680255
-301840 717547
-213696 -254306
530940 119954
-623020 913878
226321 107590
228383 17415
457545 -378348
-636827 285116
538383 627876
461300 314019
194214 866364
-301507 958445
186683 71978
-281555 -78284
616892 302380
-522592 -558627
134295 -331211
-608333 881428
349986 -246122
718983 -561661
-182764 -971226
836211 794213
188112 -6282
-655886 83639
-665004 86322
405423 -241958
890314 -929776
624731 626352
532947 -763204
662895 -930721
329217 262501
-291612 -193135
-560053 -196814
-485553 -238486
-460004 288083
-316541 313134
-290040 256886
-898532 529106
786251 -545316
-316744 265589
379637 648770
-46603 908362
96447 617212
-962026 564503
-174550 172208
-641015 5370
751589 853756
781895 208034
718433 -516593
119386 122
740805 -666017
824429 583253
353330 -175963
-281575 -835652
-588081 -124986
-938492 180899
-408412 -575393
-293763 -920181
300959 776591
124005 -200834
572512 -969109
104100 519754
-273999 960624
-295833 -546423
694460 26907
-821058 25941
879629 678499
584637 89151
760123 936703
135934 -117379
-446488 -926775
781759 888586
-467002 145087
927373 -556956
686694 -251865
-8090 854197
-387246 582735
243884 -197118
869512 -330600
-525755 -324279
-409638 -597154
999012 226801
-333206 -492008
66697 -760540
305100 -941094
222550 750259
821505 -727154
585407 -433676
320457 -135250
479206 -936411
569567 -193527
-987798 205801
-363131 518136
-740366 -212736
-257617 -359489
-156825 317312
584870 -275201
-994199 365901
-958477 645796
-375798 -797112
496855 -973963
159586 -848088
-122745 -15736
66165 796293
887238 499738
-487869 -949157
933959 469831
907878 -85133
4551 632874
625913 706635
-775550 893990
-160460 -128948
-106222 557553
384703 -493420
-798022 394833
602066 -789619
576543 -990563
460238 -139662
584425 -689922
-172 341033
606331 -730831
959140 -886246
892391 -924978
-350416 -992332
-354025 933918
42882 692028
-371547 -629633
307089 -294195
702277 795423
201789 300936
71733 -67443
486088 426021
-278652 -499906
891311 -57040
558883 224151
-667635 347637
-854176 -182219
-830022 824767
-625255 180544
-662894 290372
-164986 -934249
351392 359606
-693787 815496
-808672 276921
-957711 368852
-422657 453611
-24494 586386
-939059 -109535
426174 634666
-436304 -509877
-879808 -347597
283816 -122191
-802586 672620
-820497 263602
-794688 904199
867880 -423290
253487 -861119
218696 -397138
240791 37001
317363 429593
-86606 -730877
682044 -564045
-599395 -156892
-615274 590389
-943273 -780789
-971829 681657
232453 436183
-133388 -536613
-134228 121288
938286 -416316
-797028 779355
-164151 534881
-80879 -279252
794968 446160
-201119 -650897
953934 111293
-981029 9995
476037 484029
-615331 173079
-960637 16206
-537069 -333050
-129927 -498418
-331928 540177
509953 142352
-529098 136959
244830 221355
-691017 905528
-622894 413993
-295069 792770
-65448 900414
486775 -435014
-109715 -590996
-233438 752985
-598179 -478299
980574 303897
-761067 732926
204452 14201
186871 74681
-178650 -976138
58731 -323594
-176740 695270
-704675 71217
879138 -697759
-276212 -249575
-675686 219864
-686538 630151
644371 -99946
990975 -763424
912000 -293887
-855599 -70758
-41098 -182153
79625 312593
751064 667791
785269 -509651
-959361 -358227
491832 338635
-154869 -922548
461084 489652
68887 -400888
-546767 -324026
-978137 773209
630038 -400132
576017 158882
247062 669652
805690 -549327
427738 618124
74109 -496884
964502 -813364
-141166 377875
-655341 236842
-786380 -684334
322200 -243137
-793025 -869207
968898 442695
441477 -443855
-403665 -908865
-726389 233306
-858268 -107065
-604191 274645
831624 925605
-815751 -438644
-218539 -958207
-505647 308591
-884017 -542205
-688521 -686845
694826 -880885
-758447 -940577
174575 -451134
-319863 -74669
282053 -717463
667235 -789138
-223810 -445555
270958 169302
-309443 -808397
-726802 868437
791585 -863730
466040 832913
448186 -26954
369181 153361
410319 656101
-264203 -610323
973548 -601854
-262975 356419
361747 -289880
-883847 -109571
657407 160006
214027 457967
-874457 825687
705644 -329516
601494 -593389
-244851 362944
-301447 971367
-532397 -875760
115149 947028
115758 -628207
446278 699670
945776 -908006
686642 -865570
-580578 -571491
-286433 870925
-770440 -925733
158624 213850
217588 -482297
219009 820751
-889589 -682942
-319143 -858641
-530207 223106
-166084 -978745
-676195 839168
805363 -111064
-968857 648289
849908 -726439
865818 -134661
-955705 -496724
748336 -659611
666910 -697116
-203266 378757
-289049 320336
783531 -904522
-350986 160315
-549051 289676
-473755 893223
-803028 -968915
378135 -19536
941534 521320
721668 837831
53107 265811
-162359 -215409
-460703 765587
-116515 5323
25676 83346
135322 -346654
638528 440067
-742406 -310223
-477758 -877967
-457784 880402
-285307 -998733
831338 -434691
-463765 -875829
-898523 -234502
95748 -12954
-631598 827720
-361820 140383
729161 434658
490210 120549
759282 -557902
-754598 -621514
-868114 810156
-944075 -59369
457588 320556
891104 -486178
298384 -151199
184971 63582
-362229 -431743
857462 950840
684739 726496
-419420 -33683
-326590 937937
-354295 -1710
-12935 785494
452230 -234126
-715252 408276
519769 844467
225314 -740301
523129 41168
-206059 496866
-7270 72737
-503368 340233
35878 -874313
716060 255478
807402 458883
-200673 -700483
785644 844762
-800469 -700593
93709 980171
722933 -567025
414801 -936936
-900862 -657880
-995574 -625868
-579835 -247809
-232139 409726
-215419 -860874
770173 -924248
158058 100909
-349352 -805341
555547 -655207
963594 890662
-631881 -339967
631687 -310975
17376 928299
-828157 224461
-856538 -309927
419391 -680452
-731497 674383
-444416 200142
-706741 -915321
952509 -994358
-440190 -917110
755989 117090
-749083 913166
524034 659567
790510 372902
378572 828581
944520 -32068
19971 793945
17583 967840
-720821 -746085
253951 -125862
384595 -648834
-862585 -921511
-437452 -572479
531006 54060
-261036 -732934
-895378 -962034
-908863 973758
-847281 796199
-642943 658174
451564 -598588
792393 -241557
-972229 52382
995445 647784
151174 493983
-680914 -702077
-483258 481573
-930537 -915211
-553749 603045
-185019 897354
641969 -443458
10345 867733
714330 -417193
534027 831790
192706 562137
-732549 271030
156437 586546
920776 -576195
527172 439304
-920122 364649
-424355 488609
569957 466173
-119142 -759725
804468 128415
-699270 672690
445434 159677
-238282 287841
-71993 97899
283051 -825359
-419447 -11368
608874 -626249
-68882 -722772
-708342 828517
-120402 921314
-823375 -636617
60327 416974
398287 -340890
287597 958588
692189 770293
578853 -665825
-81665 -438381
-241034 -421449
775048 -881186
-419789 137205
-401978 873901
468582 -429660
-371456 716625
-120842 702543
416372 -215500
865252 -446742
954786 -931600
954127 -855604
-287624 263892
336013 785316
-794778 129293
165882 -424206
768603 484202
-274564 600572
570246 -333317
-12661 930685
-936724 817371
-181735 902221
-628070 987959
338224 -206750
-917634 -69019
-811262 591087
652150 -183436
516573 458448
89879 -778124
726323 222973
163310 976262
338204 -225220
-950993 330396
-981294 -462891
-645067 -403174
-812551 976941
-415882 -925469
-862773 -262114
324048 120472
714545 -318341
-885002 -687224
-181475 -297297
953097 861131
-774742 795554
-419848 647651
-47260 194253
635139 380928
737123 -226416
-271113 115931
-534586 -19521
-398609 -23650
-430055 236660
866582 14873
-685032 772567
-851250 664188
187372 720008
476377 -525450
744359 295548
-150245 -945257
829003 -303866
329538 951791
-626000 546506
-539895 -324587
41194 -793074
254770 -862862
253525 -111795
-587664 -243233
-915288 -875577
27380 -249703
-971395 -784671
-623981 771383
-123327 796283
590702 354903
-948099 12835
632134 551367
51850 -685724
-992469 -814322
-130216 483415
11197 -325044
579906 124041
-455573 294407
-748500 475906
209412 215324
-411363 -300930
503591 -639059
-775676 -447166
-3531 -711537
606442 -652509
-31108 935869
-670913 86754
947046 -480657
-628219 312521
732673 595668
-624488 582908
-883068 -722849
-140879 -217007
640451 -209221
583725 -124565
-514757 -221298
388882 -309501
-666440 -658532
59655 626478
-575656 -885734
-675044 -727392
916979 416469
38285 678139
773690 414024
438392 129152
536019 609021
150732 313707
-480764 -145844
566832 207948
116270 -778410
543468 -979723
-527310 -262639
-219673 390030
-801419 423093
278389 187969
369797 -604869
649434 -784283
14726 -141257
651089 -910452
-5813 -886038
-933616 816888
699720 -29264
-528937 446989
-338083 160394
854956 -86346
-514075 -958035
391045 -167367
158565 533788
748741 806173
740160 527112
540635 798345
205142 -325574
242844 -562747
-519748 -539032
120156 -382838
810627 -830438
666187 178308
-202789 -449034
470307 922796
179645 186962
-810218 750614
-290113 586154
-127455 -531276
188375 -796061
-361032 293025
-530876 -449890
568982 -539670
185957 -246729
836705 651988
580212 476884
-919715 -619393
-197430 -255621
98724 438530
403850 -100898
701758 -59064
-156658 18110
-129966 -141145
812163 477217
-787779 997591
-479246 -499221
710675 -31643
214159 -370301
-973091 -351669
445159 248774
-999364 -100172
-783820 581223
677023 90408
-408133 761689
182286 335184
-598778 977163
330568 -54356
-841023 -748667
97738 -488534
666889 -829053
375646 867454
-373059 -35724
-705717 -725765
-289728 -364281
592641 934797
63217 567374
400564 69166
-501243 -596755
942440 -113199
-77901 -62320
454426 -165348
-735416 85576
200585 67220
915917 -416902
682474 168965
-624050 -515620
-332091 57440
-652561 552587
-563536 -676327
-194163 404658
-137703 899319
261859 -775858
-896480 -338032
-30019 178731
-679839 -475992
282742 192760
960284 -638698
747732 579990
494829 908573
315083 919090
765380 -974302
991372 -949796
109574 302880
475480 -223073
208681 846156
663657 -928024
-733431 -436431
-333652 90233
749777 -763269
421845 -72564
-10208 -240258
-558748 200094
-843384 -576325
316305 270455
-29060 631480
663413 434190
-320322 361245
859177 -874875
-345979 -413127
-537811 288217
-732134 205989
-491613 -985817
443972 -597588
87842 -212676
-277944 -953980
-407489 -673706
318077 583283
758981 908253
795895 367414
-919927 149210
-466736 779995
489571 923730
-405051 669562
-360959 -767751
537053 -488343
618648 808996
996079 -32788
-825142 -711953
-17581 482821
-194720 -894810
731822 -388581
48631 -739684
-7889 539123
-330083 -444768
426314 898585
269479 -326223
-808432 -520105
608907 753657
-548391 -575310
321723 697660
-749704 -477869
373011 -631923
582972 171403
612289 -836371
-525473 680564
-920760 231630
14247 393002
-961623 594704
-927821 -825220
562154 155988
451618 534653
-446851 177446
-379849 -790580
-837041 865652
323306 280112
771047 -51902
-916969 526569
-622995 -284109
97905 -221891
475948 -192974
740409 -44644
909256 -890210
944039 -197078
-620972 -219051
275213 396156
-605259 32873
786045 10864
-579911 -809332
-969329 11317
98741 508455
-427254 -419639
61166 540892
-152173 -740192
-996935 53611
958673 -547562
-942456 -678058
-411955 -452952
-747571 -702837
599739 251358
217885 634777
884656 -748384
-261784 793851
349609 -341331
38185 137113
711676 77724
-202155 -570628
-625598 227528
-967690 -867812
15584 238095
-292037 296674
700412 -909837
430037 -251298
-241696 295358
-864151 -482115
-947855 655253
-28478 -221507
131561 153757
350700 -574993
190241 -491287
160323 747907
-411071 896536
749282 52649
320157 -713613
-219839 -686812
23695 -768889
754411 -371301
-53095 -81542
-589138 627111
-995497 339361
887555 -778549
533547 -895230
-987252 -379735
469298 -303726
-412009 147864
-462179 72159
-518172 187161
574480 -892665
13434 -294251
-766310 543066
956959 626984
251040 -552813
-48959 -47721
-341113 -451397
-330980 -609827
-245180 -395282
-803057 -473943
271755 -333260
414309 632793
-454249 -232721
-681496 -177365
-440354 -123087
779692 431002
-814863 493130
-275984 -109145
-139776 -193415
-529858 -137636
386863 433735
746821 -570033
299485 252639
-918976 224556
167618 219223
-900334 5643
-112144 -523480
-200242 617284
-964077 -417263
-280319 725878
389838 -158828
311684 589973
609169 -897335
510853 -602475
178690 -234413
-283640 -159744
624028 -71785
-695877 -918236
-358329 -246678
212965 -393711
762230 -936903
-422605 147462
-433395 891848
-624034 -796617
-32205 706244
709876 -69673
230504 -593316
-465610 -963139
-957704 702946
-854989 -648343
-328210 482775
813888 -915085
464903 -374315
-788297 515963
-783047 -753206
471048 423539
-81265 978626
392583 -224255
-661926 65592
-939673 -474434
-824477 -893341
707546 430904
-566757 -529337
-867625 -990198
900274 -976314
414816 -358145
-791357 621654
602465 -568073
-586289 816608
-895644 -107862
126232 404818
-286732 174569
407509 813535
-377388 -95566
-53326 185360
-356752 -512952
240637 639107
260263 -395119
526445 685404
766583 20709
530584 814230
-407511 -153830
-973555 198225
80034 -525162
955517 91476
-612890 203768
-626161 -898168
-126155 439183
-441318 -623909
204650 -296543
767719 -193201
796497 -337741
-208774 -799174
832896 -901557
224579 -743710
444715 355880
-260011 7363
-14691 318211
-506093 371196
710583 -348106
838536 -769263
592830 784224
502623 -318361
-508830 -271376
-620319 -783063
-685296 -322656
-236076 578826
-262226 -588883
-365360 148918
-770738 206841
-932665 820972
-77243 -498268
897576 784601
-579603 -651108
370461 77895
359918 612363
-480300 -3813
-875283 602548
974499 263263
21585 -770382
-837455 877084
-478666 900371
-823357 196917
-993961 -980864
-502639 -142558
484020 835096
75525 -345750
-839101 563145
121644 697021
707382 -89375
922862 -423166
39283 883843
37099 -327816
314515 -77837
-254782 -651253
741062 -209983
-736077 684020
-461354 -126122
534771 -733837
-731286 472748
905770 -863607
395167 808641
982349 891507
780810 -756473
489376 86111
953878 752781
612449 -529512
58713 -770254
-723613 338015
-761490 -499296
-381804 529452
-88829 -139
-714565 176817
-685834 51025
-233176 257202
-866575 800312
-405738 -697706
759471 907082
-566272 142779
-289112 -698847
-403145 836834
-317374 -832492
-213273 305880
-659006 -627164
374755 419885
-495085 159225
-395970 848853
372562 964238
493358 587095
155703 792577
580381 525624
-989853 -319413
-872866 -549102
703794 822123
-377313 240666
-379848 728089
458331 -840383
-587697 482862
86161 732592
-478637 889865
817726 -687039
-355156 543050
38109 -211290
924234 138230
557220 -760387
952757 384550
305229 65782
546543 -399964
-994415 -806752
179387 -122575
-358038 528313
112543 77231
-819568 -222698
-642902 726094
159008 -603335
697805 -677554
-518578 695258
-900330 -559887
-281557 -161952
994496 57584
-316997 994874
-922070 402921
-135943 -446423
225827 -233668
307417 -480785
958130 -616464
-413575 115807
-947257 -451640
436316 -506960
566065 -200085
-746682 -310621
126230 438355
-284845 621490
104766 -849196
-119576 124216
-49932 -356735
364960 822477
830306 351367
847060 -880586
872660 -352838
-601266 78742
288304 -46778
749316 -587441
886660 -554765
594834 -864489
297177 -399163
28847 35156
203545 -821967
-798594 814009
-170704 724211
910572 187647
-986023 -548660
385745 -599594
-490528 787297
-169142 -53276
982994 -374452
-327002 529018
124452 -781333
849567 -316978
362254 -193630
-927985 -881385
841335 725361
-412749 837349
876502 122810
145390 186121
307562 -938233
-128009 897763
-450631 972923
-632022 -676899
-2119 234853
-355166 -978963
701098 -940055
-778283 -170272
-481587 -785368
266037 -234754
859377 -743329
-786059 -285694
-119551 -537288
413166 558038
175692 348486
-88639 956499
330160 -642241
330769 208141
-484694 -628451
193838 327844
687498 844801
-160091 58279
133860 826458
402395 -174597
-6181 351728
154332 -558657
-240010 -681743
-423980 381550
-423825 369805
-25053 -899203
516603 -113446
-419160 319721
-643526 -222842
-682080 621590
-219498 -487614
986843 274529
-716514 448941
-647568 -206893
-21755 277280
-999102 -289440
342067 -791446
93591 -840395
152001 241014
-357903 -260795
307063 -368288
422687 -215815
331749 413932
500375 656710
702000 -188744
-101319 -412708
752090 -181716
616149 208808
-313088 -841858
-887977 17284
-696457 646248
881027 390330
302968 -430853
-216687 -415640
-347037 524990
551833 -759981
-680121 931081
146074 -538038
-95375 966804
609046 -619549
938017 -503046
-926166 -451353
920958 -664851
-907714 -60209
411083 -805187
-337716 504291
-31800 48724
-999218 -563389
846300 -619735
-679444 -629330
342642 159292
450655 168208
-208987 871528
130631 262389
-738120 929253
-77378 -500111
660867 -23954
-439053 -290537
746053 298168
650639 -749685
167560 375738
138561 386114
175990 -87814
502366 -132081
-871654 -67476
-425783 -188404
929171 18797
823552 165980
911999 -362422
620422 -542381
987294 -458
-419850 464368
154033 -117624
-152640 401431
-76550 617055
184930 629444
-749934 489140
702421 26181
168890 -436878
-15030 915404
430248 641880
-775407 284306
653078 476353
-269896 -874292
-842015 -945909
-563869 -913368
-927353 -844682
-47006 -47314
407335 304679
179083 675821
-148145 234004
588576 177733
330518 752036
778898 926793
-130420 527180
-297524 -595356
-724281 418833
-738849 -96535
773301 -912874
-109443 -132877
-782424 476537
-278674 -759933
-209443 -374176
605044 -880255
-158602 850902
297250 172409
945844 991810
455560 -432686
-879996 -325563
-341242 77777
-700879 246378
295135 641116
-226198 -699517
-675827 522352
-734091 -818060
783057 88081
-233322 -638869
982277 227623
355428 -700963
-431375 -944359
-729696 -823484
-873125 420853
-266009 -362226
621371 -581014
987859 -149725
400688 -100510
-637093 -446076
-237625 -709420
-179475 944440
-980001 613563
-631972 416742
702242 758076
790353 528317
-620351 815197
46419 202556
-380213 460747
536234 651412
-765137 -914162
930433 678870
-309761 679224
-351628 308773
290951 -179049
-51807 -521981
-423387 54463
276497 54744
-226004 153490
-786254 888531
793330 -340691
797386 118319
233349 87842
5574 -641457
-96715 616311
295740 -230332
-535152 750738
-395966 130485
-809132 -146706
309776 -436705
-930626 -583502
-946107 711388
-354314 757243
175006 -63602
751728 330828
-667596 531587
-636478 757903
-184085 -642939
-209562 -146362
934007 661153
38897 250509
807897 649166
-250285 233896
-640450 -428028
398356 -345619
614206 144059
82789 -62229
647336 166891
-471113 -433034
-565406 -845852
-404132 815377
-705636 -187608
227923 -152396
789795 -420060
-180760 -742039
-684075 -602183
-903236 91034
529441 566941
639194 -74123
-712940 841346
-849239 -955496
164450 34281
-874690 -114679
841802 181126
-555843 -465285
-915837 -542457
-480512 -325870
207126 71442
965201 -905698
-994272 -22230
-371228 82582
-319561 -857714
-205993 -453796
737886 93703
-203376 -757653
-941908 -247302
-555557 -1421
264115 -203850
802295 802683
810342 753717
585758 -968200
342740 643561
735309 -467463
-676517 -968654
842229 264364
508134 -374573
-896121 787755
-900151 499750
262530 774123
-718110 -83960
719279 -85980
685934 624470
626842 -836268
30652 -142162
344040 633492
-980871 -183918
455907 -573764
-454680 -578063
-849320 38355
-953819 -428130
674777 -487101
590128 -497682
-942981 841678
452033 -474014
-385170 -273832
766196 408331
-949590 -585983
-62965 -424939
533993 -917607
-456320 -868620
620366 275188
-692982 925749
476703 -127832
229443 -902607
-265640 -581522
43321 -908390
753269 464945
258571 -613294
725260 427867
-122863 -852836
-994397 -360327
165863 -578895
-924833 318008
-887035 -461826
111717 600923
-752735 -310268
21139 855421
-535638 472421
119241 663889
554056 436711
-795302 -984595
583468 -144534
444404 -109893
845249 -508736
936073 991584
988777 -136961
-743575 -666766
-834686 330356
-470163 63795
-200795 -933940
-265707 -601640
-990980 -622391
635941 -864259
-703296 -140818
42484 107163
-966930 535250
-667713 -777433
328458 -57213
-408104 371768
-480205 485791
180412 203753
885417 673281
395965 -430873
-237853 633551
749122 108860
-513031 491328
21866 122825
725525 535593
-460394 965577
711516 -749708
720030 -517492
-457873 -42160
444047 931826
-326619 -564817
890095 -168093
359028 -225751
-602758 -926893
583321 316399
-66198 458489
-393283 -100912
550920 550839
-538746 11391
-661312 929632
-328946 -306284
33868 -963292
456371 -179457
84365 193806
-663704 -823203
348697 -61545
-732203 473864
873808 413749
529623 832911
67729 -144369
-987186 870859
-886692 467440
418582 -765278
737600 676254
204765 -805188
-500361 -390890
96983 -248388
354364 838078
-534143 276664
527095 747320
838773 -517380
995136 711830
551344 -705278
463010 318091
-991822 -765175
927502 -85073
367791 -455868
-536715 453993
604683 323056
382608 593725
-626228 -309635
-889630 -10097
-392229 -13700
-702886 -79386
-862346 -782257
555572 -118443
225854 -782319
754806 -647063
-10477 520451
-179662 331554
-177001 435921
-911652 -128693
52955 -532998
-8975 -671111
-78410 707927
-875882 -237940
287813 765780
-848102 -811006
-737723 542034
242592 151865
-95099 636847
-395853 -606207
-233997 -102936
185454 639988
-268403 -169380
853782 114069
-218718 -265318
431597 876136
-3884 -181473
865380 239991
-581829 -577384
669473 713732
787672 750996
661935 -677705
-732120 983644
787637 -373527
210375 -324546
568089 996436
249489 -451898
-949011 -358485
-163595 -328619
-459699 41667
37822 -929623
499295 920871
-496707 -460661
68196 781406
-452180 -265319
-10231 -203172
-92633 572488
-282945 -297259
-21085 919540
957636 -801478
-846116 663266
861487 -700651
-226775 250356
511393 944671
472702 765339
-663852 752715
315668 -568316
-823614 -674776
787659 31494
956562 957673
369853 -555623
-708259 -75988
465553 -913443
410296 120247
-469402 -100893
-461756 -441395
-140403 163931
891250 -190883
331810 -680727
-788753 -48798
320060 -230468
-466520 743615
-584853 162844
-705359 -8905
265792 -400462
-345341 -258245
244695 -894151
-398446 -587894
-41195 -922829
-90733 -546815
-848050 -815071
397918 -81030
152807 774731
160711 -389613
82143 778257
841309 128920
365004 929378
-96982 -172895
-783023 385249
87250 724730
-803709 497283
-926239 887867
988044 707366
-165264 -450001
450582 -184806
-702092 295064
-201780 322830
-891334 1292
-887833 -347212
835558 -728352
-135063 415157
-291866 201629
438169 103716
-810237 580860
-599438 184002
-995127 110813
711403 869735
-364205 70645
-585266 910971
-482925 325440
-921069 131019
-759133 587571
-945924 215645
815132 -631984
-715462 126538
300576 -813509
139098 185737
-808165 257683
611379 -50622
19139 -459776
-442221 325081
285242 -728026
-989868 839734
769125 -538295
262719 846765
-328701 -10460
-119590 -729482
55311 -759498
-439778 304908
324058 578767
-463569 -935484
-362874 349127
675465 -263256
884865 -827586
-774483 210944
-276001 -6742
-556053 -944555
145347 -505677
-16299 -214065
-939916 128183
93978 480735
-458557 -77385
-646457 -871477
25726 76516
-211499 -804908
193563 -562771
-34366 -610582
-10072 -761011
-369831 291361
-361754 750290
-635555 651528
366859 459478
382560 848644
766382 747782
343248 689681
328863 -966045
-655495 -399590
87841 -524800
-642610 -212316
-630904 -753531
39481 433704
-261078 715901
511110 -951678
605041 497778
-440532 -857630
-705345 -80370
908163 92574
-220685 -771897
-324181 996421
-888775 798886
950088 209798
257420 -303534
523132 -270997
563483 -765919
-263237 819609
573104 -534788
-524057 458505
377308 862089
-127461 868999
509981 646012
912738 205708
-350981 199143
-64164 827069
-29541 24811
-533376 -730732
-670664 926854
704556 -334463
-28090 -728703
-583391 -766659
-607053 536828
-440590 -196248
823119 -314626
-591960 -302339
-730947 115081
-929629 769766
-888066 335356
-310246 -381793
-934270 -234014
-43180 376512
-476954 431661
940675 213553
-896324 -709809
801686 779863
660421 162976
934485 -35220
61578 974221
121220 189550
30819 302682
564185 -112081
502135 194978
337012 369493
909987 -798376
-782483 708476
771823 -856913
-449466 -519668
715147 309989
682538 452597
-135548 890560
-579572 -265533
-272339 -453825
-532564 -993690
-292588 165910
-521404 -284754
622680 -75058
-697952 243107
416425 87590
287462 104562
779166 -948649
-750089 318713
690441 -478966
-873504 838139
741098 -520405
-674797 462787
635087 -808252
-856417 -492564
-951697 -372778
856116 -7567
921359 18060
-473290 -140603
788490 -605088
-523034 145892
487916 -930104
-659719 733245
517915 338692
-235211 -597120
876546 -693603
-741498 19097
-504505 -989957
-679205 -572064
-471408 551677
976727 -531292
443113 -696967
-422527 -352413
-196326 887624
904815 461643
-860436 713834
-585274 -572833
-946707 -739967
-970594 -597635
192206 -826796
-180562 -947845
749850 917734
-486712 234273
-177876 143318
989526 -479726
-521860 -890084
790537 -757662
-932090 -537613
-311409 -886503
215676 -80134
-546994 68849
844346 -43419
-256735 -46937
588527 -542397
-974145 754237
-122070 -289612
524840 247115
899633 -494594
-850371 -99076
-227211 90709
516455 562278
-711601 932400
-123506 934780
-82472 360482
-920143 182513
-954714 370081
-300228 -359397
990403 900392
-303937 340608
-366057 259113
-377009 -839699
413359 903999
348140 789267
223330 -670757
355240 375309
-125092 -771114
-780979 -502905
575382 672277
-454358 -823970
-628940 -187022
-471085 -454168
599178 428928
797427 -848317
-780259 -692458
930503 548251
-295168 -827593
-131070 385745
171284 -123662
3855 141147
-788652 -532670
843680 534285
-801127 732433
193073 -46778
96860 347385
818139 -60137
548604 -72070
-675242 772454
618429 -258995
-835826 642473
82950 -158062
-269890 922887
260098 428021
-873744 474307
974344 -385213
764524 -1660
921354 300088
179162 582996
-686536 902177
931277 -451078
-615444 239071
-321448 -382532
489364 -961474
643140 -345080
175553 -974343
-622787 -677024
629965 381771
114513 833956
-810230 29560
633526 -864862
-916569 709852
-364618 -72764
-91305 -661949
-305122 -697328
500678 803797
523558 732989
440786 -42358
667789 -359981
532618 106546
-396837 381995
-636447 -762211
522207 -335993
-565689 388337
160780 -827374
-518930 -458380
771464 -53443
493258 889671
-686535 -106223
-558144 15491
187947 390713
-124470 -63387
-81868 287052
517504 -72717
369943 -63532
-124761 -827536
42779 526792
-737583 336730
974548 -849401
-239255 -722794
895986 61216
245281 120175
264216 -905477
-400443 692141
-329741 -368304
-232459 447913
943085 -8593
-295283 -665214
-764482 -475000
464593 323970
-115580 -879485
83237 -877463
379397 991051
689248 570625
118105 -16545
519285 -777880
-355526 -864689
-447090 373968
-128022 -449996
990148 -453804
299924 835966
-94607 -986474
-391155 -681648
-738467 982340
-865267 672875
522532 401120
-902340 475174
-505232 -357118
892808 637089
551446 164898
988012 544425
-656039 -718718
828378 -918617
624086 -257117
-381282 829219
-946623 263066
-418776 -994538
-33833 -263240
74710 -351034
199807 -427101
-105468 -234519
794235 187214
589272 654395
-661965 -307653
599013 -877499
833751 -187367
-641621 -881065
-625512 265143
578611 112813
298894 160783
215650 -965763
-865154 -584974
-4079 -862406
-335191 649445
-358654 256713
-269606 -296155
296484 -611849
-819743 -963262
161408 49365
976663 985891
-985628 -648267
897771 -34672
140815 35845
457305 -319924
-449785 -108088
947516 800348
960206 74337
-972829 620878
427734 -78164
816327 953745
-179390 -366380
-168910 -963145
-437889 -658538
-249715 654856
42672 -58514
-959790 -429649
690734 -926369
11824 355885
-617063 965163
701523 -374334
166997 -563887
-934029 -708324
-989358 -337150
-254233 -314304
31532 265208
160377 -350108
-104761 577118
-483911 -223331
677483 -452621
504765 206597
-712843 938666
-354667 243093
909342 203009
-989367 -216551
930892 670586
877163 728845
505695 -670610
23640 -141734
700496 348205
337109 188784
-226092 -119257
788649 -680971
-746199 90974
892653 931129
-121689 837310
-711633 856380
113417 -287227
142152 748304
-578262 897410
-166431 413655
-506788 307745
783965 961575
-876673 476321
344759 -336840
350896 376256
-326115 -293824
-879200 -721266
633062 53550
-599746 -631165
-241671 644761
-470681 -451763
-335674 -374849
-776934 -899224
947317 957632
-229146 422331
649334 961940
-644627 895729
868725 560895
-405345 -286875
872722 851074
566912 363064
-651147 -206582
48703 -12380
753455 94412
-924166 140658
645759 21788
-734573 -772472
742157 -894445
518082 446687
-486415 213445
-277514 -377489
