5000
670157 -475455
315653 431896
-162417 850715
-366696 -315453
696356 666470
519935 663169
182155 -524496
-564600 -149543
705606 708716
-386228 641384
66280 -608617
-82481 151943
365953 -730999
-528869 -646626
939458 -564499
139079 159695
282742 268004
856921 -781306
-791831 -539696
734131 -365693
-128783 949973
889339 -925072
277305 89644
-336253 -42294
543281 330848
-501246 -631787
-551434 301283
134815 306946
-443578 -960303
-252725 -824056
97699 951321
-571870 -100848
-36023 -698833
228650 352432
600988 852879
-401445 962953
-172562 -809425
-540254 -361698
99702 -935647
461984 775194
913083 -10845
629373 -851363
97973 545302
614150 -399764
34401 141977
-450354 -351069
377173 -717194
761985 171528
921439 -423727
830753 -421890
-64752 -133595
872966 -393062
199097 -832065
876710 -175476
238117 -182630
106065 709590
617784 875343
-419252 -242978
656759 -736461
128693 144383
-201688 -675159
443410 -953802
-558849 781490
346547 -91142
-524194 -383726
873666 -108172
-73408 -843765
620219 708713
-160888 -748380
821035 783866
64685 -301489
-740359 -483363
249282 -537905
-337967 -515664
-341387 519073
566194 -229704
-997877 -241581
522219 181747
455780 -77064
-162220 -386124
-64992 152520
522407 -448173
-733005 618061
-514965 -226821
946313 145506
344732 278481
-783305 -789927
-352419 598001
-232640 -409578
-160568 290759
-583440 659490
-101246 -756123
-210404 -253171
31073 -984149
295251 -793481
301416 782582
-374985 466344
-116834 -113699
567785 -393962
-646597 -187580
792995 -726101
-813156 909094
681267 -979505
-837082 -114780
809801 -168852
700392 556647
-707623 -470226
150355 -299139
-769691 254117
-910166 -685525
-228172 264277
625506 318949
-477052 819994
-105334 754452
445940 -502885
-621703 -782552
-905342 -154173
228795 -332406
-894224 196199
-619540 -149832
-942972 984562
298218 438509
195663 -883185
-943810 -315833
847027 -344115
38538 274298
-973028 287858
542184 515461
-94098 57947
549208 910935
-221304 236830
434965 -671667
90417 -712737
-888233 227695
351657 -334940
-917237 -694829
-542183 759520
390923 -610256
-13615 805270
916080 -693690
279781 956970
869415 168681
590479 -997299
151157 640365
61767 931379
-284171 711813
-266614 -681063
-111450 -8131
421779 -526316
-373662 429572
-348337 858861
54596 -692365
721541 -913973
985977 -465301
-691160 -325073
63441 -823783
-597593 358501
625003 -634895
-599100 -160993
266756 152304
-267204 -432470
-954620 967710
912596 697872
-344566 319510
-883041 -856536
5761 488583
929862 202513
155467 669911
-5756 -623261
-674682 -372411
-723213 26302
-360867 618072
705436 563634
845747 588293
-553137 -842106
-623897 370545
-772837 -341009
-123105 710654
-851377 486349
724592 -713059
931912 661945
710821 -416316
43460 -107131
834440 857799
743876 624883
588453 929088
-142215 -715760
-376622 -87755
-861395 674267
-972641 -380627
-87851 -905055
51092 -524270
-314481 -576423
796950 -718923
443596 855206
667864 668124
-293646 -318857
385930 233750
187349 -809823
-273432 166266
-809093 792936
-16244 -995
248610 -884823
31677 594351
840918 -75086
649911 -402068
14946 -246161
927511 819492
928053 237617
-860192 167924
-903756 -414276
295108 897554
-891862 957075
-81448 -288096
448243 -224318
-313726 -50144
720489 -265245
948323 -51103
989479 -933494
671376 949531
-717103 116314
471612 413970
-345447 -72599
-624102 -523166
-875962 -398219
-50062 996433
242040 909191
930343 992184
-63917 -47361
-70707 905449
-785240 223351
441451 -259270
877843 -87162
-601686 384673
574023 -858376
-547456 964649
-446962 -573680
923368 831698
667349 9779
-3187 695406
892217 -537339
134449 562127
659195 -547697
-793634 397360
-270270 -660877
-304718 -803316
718779 -468598
-864949 323534
552713 429993
532473 -130344
558926 82522
620635 -573483
5914 -509395
-75944 -304028
593624 26033
-838074 534764
-808617 -591986
267113 -124299
-504338 141002
-882705 723104
839694 999531
-172117 466375
-554595 339452
918945 -210912
-834406 904363
94458 -100223
236516 -929764
-211329 336630
520908 -557365
146481 -148165
-215016 -983909
183673 881266
940815 519212
-306993 865231
-102511 926841
-54165 -243092
-231938 671630
-899894 -800035
-440000 -270192
-69987 977331
-538403 350677
949061 252252
-454860 943098
267106 -421423
587678 414452
377573 -276293
-519550 423217
595086 -99478
-226184 586984
163729 574198
-904699 -939384
16454 526101
211912 668730
-855929 -511209
-624194 -504338
-860842 -917205
546907 311540
540747 -54622
417322 -519018
-798187 -265510
-946545 404648
-536819 965336
-743348 585290
-569423 920565
-431989 797492
-297822 623183
13037 979342
-186975 -634723
-886050 387216
-185514 920436
293556 -908025
675160 826273
-780178 580977
673360 -637917
764713 880463
765931 -204405
-500122 13476
-759213 -871621
-201605 -382552
-722556 -571465
-486580 952100
585558 -234306
721710 578908
-798261 -725092
947439 853073
604437 923973
-575485 314730
-576079 412840
696155 656616
291351 147287
498428 -436458
-811084 146773
494149 -947035
-700906 -793350
-596033 412912
754902 622212
-681553 300238
372080 -327622
501131 828441
9578 220401
118549 911079
-711323 302168
-656262 938432
283284 -46154
-788193 -831975
-444873 -671454
543957 337941
528700 -337200
156851 -114865
371276 715545
-17536 -658814
-570028 -64721
-181833 749429
-694189 230481
815035 890219
840270 -435834
-800335 -32585
560049 -996442
510550 897964
414311 229109
-11304 426212
826989 117210
864881 559502
-364820 660326
693020 -657198
867730 620817
77512 48520
-614438 -159098
-537412 239622
328374 790562
819744 -633030
238279 -102854
-665106 523533
-769036 -302833
-140074 901565
-45656 -542771
204763 -506757
-943811 -252951
902927 -954986
-4834 -270177
133930 765496
99646 404505
899576 74090
-74239 -307860
-915837 81885
-640648 586287
-582340 -882685
174331 -779225
473073 662965
-670724 -338160
-13066 -377735
-426620 554417
-565327 -881487
550581 -290481
336876 -622029
3385 76638
311047 10661
-916298 -243388
490861 65786
124300 -912221
6066 -484537
187665 583975
459940 -781317
-651823 526912
-52632 13618
-189035 -777489
-375577 940403
-223866 -126452
112067 -75607
276173 11709
-478241 834238
234739 786620
-624570 -155113
-922757 -30873
562434 851910
-300072 -753504
200421 674591
-761725 -341606
-226607 -390048
702989 -463497
527656 -600018
358295 377765
466694 318410
-910227 -111616
-610039 -854677
649438 937790
-983287 -221269
380519 -873202
-249536 -491133
573133 467441
-584423 582401
134358 139561
-742621 914254
214186 256327
614880 559915
-551226 -368077
854981 920699
-747044 -90444
595624 -354034
-410160 49240
99333 -484114
-745244 344422
-626922 -188417
932489 -886075
628379 -824303
-214103 356442
142244 392265
-665616 -221531
888646 -313022
176431 590699
372407 -886275
-657522 87964
-170404 559528
-882598 -755981
348284 214619
-587401 -442818
228299 -774547
312622 977126
205739 -682450
349178 791198
-596734 771100
762126 -719796
16406 557578
495170 25115
-74450 -936832
-232933 -510493
582821 916033
899934 -65130
143356 -722232
-469184 -620120
-112515 330938
-646679 -368341
655589 -735969
633426 -686547
268793 923981
-862070 818976
605884 -727088
-140185 405330
-703081 790361
-545000 -54926
441648 509889
936261 -514077
-72253 374425
-114201 737965
-596879 -351182
-508849 916047
459807 320951
-488842 840907
675529 -153316
-311668 -938151
-871870 -530531
-336837 89194
976342 56544
756758 134228
370099 530786
-865120 486826
594623 -173259
-390945 -466725
-946621 90255
800006 -752233
-380202 328609
-757449 748944
821929 -862077
-838186 -977898
-826921 -265969
-773855 81808
853719 168127
90214 222724
-523599 92278
117825 965249
-674192 965735
854676 515327
-737982 32816
147273 -7411
-540521 369796
-646417 917288
940015 -639133
-101011 -191450
-925477 837170
49450 -903849
129522 37531
904294 -315883
-859520 103881
535389 -540021
660767 -746742
-43168 -388335
134149 -482246
-663454 313100
-835261 -685169
704233 -909527
-741812 -750253
938967 489908
623684 -484636
324839 -707589
-100145 -192181
682505 -6265
-117044 758231
670160 -49499
-420349 673465
-122780 -776464
-509034 192903
452346 533707
732002 116229
158913 690995
-705730 -599140
-331795 614514
-934901 734214
-992181 532615
777961 103197
819295 -441929
656307 -705734
149030 -379684
475903 -410902
-403434 738756
-925919 634088
710263 -975784
829071 -762592
-361477 -353577
988932 -939501
610362 -701168
752118 204571
731780 235426
255605 -889958
-690682 -963581
775545 -910763
-256957 178982
900634 183612
257942 515823
566676 260765
915329 834050
824345 -361227
-940173 -382439
-558089 962919
73658 750621
-245356 -560945
-391478 121495
-203369 -211029
938039 653856
-807090 202144
-256595 -265125
-494609 594032
-674931 888792
315055 199205
-533145 347535
-188258 482893
436496 -120926
-971650 650438
-731196 126240
-963446 903007
-118389 221349
-944657 322061
-351176 -718505
782110 175690
321041 -705897
191556 484523
877491 -691190
-122363 -866614
959444 -557565
935627 222541
-589864 -851113
-189291 -259550
-631692 -756715
125953 -218966
-392373 284654
481614 684623
877005 -37375
953994 869697
-201370 -946313
525714 915349
-943026 -61393
470213 521145
412083 564467
365246 233298
537538 761870
514877 63520
131131 663575
-351781 807679
-847613 168387
-307845 652535
-378591 756285
-721429 -628465
767468 -184764
-132161 -899405
834079 -136214
-169206 96310
-155467 719699
72353 469141
-55521 46818
614318 -732407
-83940 -124378
-638706 532417
779770 736282
-654813 -702220
918821 456955
337111 474405
441779 -794263
906057 -499671
-72716 70386
-388291 651446
38021 -848585
-918904 -926130
-334175 716523
18699 606141
-699855 645162
-216915 -686693
687384 286712
65439 512522
388128 768649
-112506 808721
488196 96666
-359014 836667
30431 948592
911695 -295957
827181 513007
-150905 -770354
565321 -90722
650149 -231295
-307595 -469621
-667031 -575311
843107 366368
-894757 140280
-391370 -731311
-70656 329447
704624 187588
-909706 -175452
708632 -35376
738344 361392
-937952 237797
-60495 513347
-625131 545382
936208 -386243
733344 -59997
-542755 891767
315238 72998
-178637 -222374
-220394 -787245
182837 994302
-347735 773392
537878 -406892
672542 156607
-192958 -8804
507640 -286526
-879894 194499
936007 609221
-614352 -939376
935000 690253
-391530 -696718
-67961 -126302
770657 727942
-340212 -696277
47757 662375
-943175 -914624
912341 -468305
-276065 415726
-921256 -48360
648586 -758008
855011 502357
733908 131099
-361820 347716
-912760 -591709
-287409 -282585
843249 -133939
451941 161654
560220 -842591
-878102 -211866
920712 -587657
438690 -176502
973215 203272
230012 210208
-51058 -751726
346228 436006
590393 591515
-159327 -273387
692097 -905116
243828 492645
-538087 845492
524757 696619
-771920 -74398
894755 619283
250700 404043
-382782 394442
-811810 442592
-769552 -591183
824937 289395
22098 325202
817202 -836993
-549547 -881167
-550890 -719355
584588 -908567
-148933 742149
-35919 237285
-367299 72174
-438572 641076
380456 738368
280213 -572751
-554778 -436907
-339818 -662202
301690 -1273
-79005 290040
-624938 833886
-51230 157494
685720 -343320
435648 868002
-108961 502872
489013 483579
-811189 -986226
-307884 2883
-180535 -494568
337226 -391244
295565 790732
715801 538047
841859 -600487
615379 501708
-42397 715697
-200095 360325
712877 -365208
555300 578643
968797 820441
187366 741807
-249454 -908242
230925 -905594
-970114 782462
-348945 537508
-564753 352924
-692488 -496981
26389 433559
519688 617256
432941 276306
-987604 -672908
-68582 654702
934371 -821852
710913 11943
-451260 -732873
3808 187188
-742433 693809
130096 702818
-467390 -259155
205401 777149
470238 163371
-979996 912055
-167166 -823074
-253304 932845
661320 67655
939209 -174152
704937 520169
266175 371185
-936834 346480
30824 -861659
-845054 -353763
857428 130932
265932 -258332
-353484 -659029
381876 243119
-404921 -908941
543203 453439
363886 -850164
96134 -563818
451126 454917
-588074 343318
-608591 -518657
368090 394214
539249 904069
-442368 730724
66859 316700
-620561 -134802
-329684 34185
-547244 253138
-641300 403831
-38762 802742
-82426 -145692
-552170 127745
358565 999454
497727 -186480
482575 -441278
-765209 594343
605318 899210
-952710 900592
341089 -560140
362773 674311
-555544 -866193
934897 308491
-472382 -765915
-674535 -566504
750924 -909190
146524 935108
-953201 -507839
-183817 852477
-517959 -438358
392233 926137
-272157 295492
907431 -627864
-708158 575302
150958 381867
460676 -181188
-159048 735743
-525971 -352966
-574710 484328
-144712 -740932
470434 863314
33088 501734
-793395 396751
319130 752214
-551926 480194
-155198 575419
-272161 9121
-930490 549921
771618 -824089
-37196 -946404
-345849 -169385
223077 -109781
341086 -832226
146416 480302
-931941 112270
-344358 -921260
137350 31945
-49343 -824926
-775849 -240285
-567005 760070
180367 -958853
-587069 -559011
781612 -679539
890956 -104689
256057 491856
493341 -994587
906379 -182330
-652769 -633556
606806 -210141
263650 522703
195960 656321
808082 -391902
768119 172576
-56100 -533641
497830 -307087
891988 -373649
21127 -758943
-480617 -619515
736121 -320577
-31961 -625410
807530 493086
191208 363111
849162 -708576
-233177 -390773
859088 -610285
614817 836362
905717 534872
418148 -362582
-156553 -329641
897423 767542
729862 -138174
866360 -162550
671423 143710
-764099 -974091
-733110 583527
-433374 723686
-299377 -466406
302870 293490
-342519 507619
-771338 -120170
540134 -941608
379632 268647
-295236 532986
-585855 -268190
-198387 -338073
-989086 -144355
601389 589009
-908012 -766391
645483 -5379
571595 -194875
469541 170318
-286872 -937218
-673957 -354045
-923162 462052
196215 495705
-382563 -719613
397128 -6563
673136 -467697
-863681 -331925
690688 46621
717177 779000
-617343 855042
629983 956636
694771 476990
-971030 385892
-939136 -58146
110873 -56505
649111 -470823
-767273 -820020
-824133 -293415
91265 114956
899795 120664
-7446 158664
-329564 -359249
-318187 374483
443590 17899
922484 -315590
-548046 714481
-317081 537271
649669 -998726
-936647 -17053
79636 386135
-67807 -861191
84605 -30695
-583491 363033
453658 315697
-814442 153971
837973 476291
-812394 29486
171582 -912981
45084 84442
590605 202091
-216279 -971589
262195 -137570
647721 286583
715953 -70557
-243812 -489817
851759 742326
-417607 -998193
-842914 -816305
-912565 -772869
-231720 278264
-533135 915813
-313583 583547
802177 -883568
179683 667925
980430 -872562
-778444 -932956
-276916 -552285
665838 -201589
-829049 538481
879815 -592338
-391670 -737131
842763 -847396
518461 194236
-49220 115376
-286648 655910
-430159 961273
-361967 -314554
-707820 -192529
54408 635272
643907 874938
-723687 337434
754525 -167748
-992326 -349961
-578437 -770685
494016 -808383
-254365 698995
793447 345846
917422 287095
-195584 -497745
-736346 -200609
-224063 499372
-826882 178016
-100474 540869
-537464 -154854
669996 -101485
474208 -481024
313794 -794804
357726 961403
-10105 -445491
472747 -175151
-155344 -379310
-539592 718833
-675168 914845
-136830 -329266
-24364 -465674
-438702 301789
800054 286424
-89071 -830186
88298 821122
-647501 78989
284796 301259
-558639 -579452
819068 -130495
-997472 -280512
-332341 187733
-788010 -843557
-35274 -772750
467882 -544275
-356333 385963
-894912 -23454
-422047 -647837
269666 421635
594843 -916087
417988 160509
-492003 -665431
-875418 481718
-953794 -8531
-913817 -601038
546167 -233909
-839481 -376311
-115727 -954598
-723760 518978
-161653 -399159
-779493 180229
241972 -215258
326652 -132734
376339 -318230
987514 585336
-253194 706720
591435 -817141
956111 233273
-242239 -477271
-565490 -238362
21640 89645
15339 -146699
634120 -551463
428652 -625345
275843 519468
881449 -461116
903151 74242
-480817 692773
-680533 -309385
318919 -558340
-647276 -232494
483287 104425
-863688 203714
-247421 -960930
-962687 207747
-485013 253247
-520664 -41826
-91228 152839
364346 -616824
154223 208937
-537346 -957289
-112017 -798394
443161 -866542
-492719 -615756
918554 -439241
-575371 -323058
198215 -65299
-638953 -430220
213970 -769469
-976409 -347259
-411519 -182493
232188 762955
33299 -191868
226526 212123
-116282 -449617
-838953 826249
647823 167169
-689242 -935864
32186 -93649
-664839 416646
716780 -503756
-426613 -773389
-951829 100875
-45217 327689
-689687 127798
-777502 738159
275868 -927747
-418450 -216325
-908839 -537896
-15423 -241398
-679452 -502267
-433789 -973002
-573358 -375278
-207203 768762
281016 579769
848740 -166283
795899 -724238
95974 -260425
-191465 -608891
-835570 -66079
-721669 453044
-353697 -174530
551702 622373
896534 -866616
-167102 82609
432121 -305802
-157208 520992
-710524 444100
-139921 701989
-4676 -683058
-303392 -870750
-712440 -770438
581533 116485
998216 -41820
815427 -891079
-951821 -271323
-693209 210844
183697 313602
-729047 763717
910207 593071
735993 -830716
510603 -316736
-907588 -262307
483335 -392818
449625 -597350
954119 -878686
-370155 -329510
-771573 726030
-781762 -792194
-236342 223761
-977499 268018
197645 16612
-701716 -52079
737315 -38348
-375574 -914497
-960933 -437396
24547 -825051
145964 -618512
602693 -751737
695653 296664
-543417 345219
-761952 247457
637262 -346624
-96810 933512
-591898 480777
-97495 505905
-970403 879296
830256 837506
920004 -725268
371436 -938630
13909 -816233
-174847 -892677
350709 880374
-929033 -326433
-235880 577826
-210291 13833
-4685 849185
855843 604380
40877 774726
561641 -875981
-77443 223799
344549 -50939
918204 -118032
-175391 437901
-554969 399264
-610735 342201
-221915 710988
281187 -563415
-282130 677126
310385 971849
-713061 -662504
-927750 53640
48614 -766757
911126 -275584
-222340 207380
37976 -208777
-999436 252374
520900 -542604
622720 416206
-425736 583412
-235630 -561525
266233 776714
53560 524285
894047 -820461
-613496 23701
847167 -194746
-345936 -282373
462461 -728605
885337 328725
756922 -717540
-463995 935565
-632425 -288421
192266 -8733
645660 136375
516111 137840
732750 -128103
318474 126413
156705 -756381
-61771 41296
-129113 81828
671573 -258609
550358 -451330
52046 426425
584915 -430144
960260 -604566
-876598 769668
51013 40397
278970 610505
567210 -816349
-392805 -655218
-568778 -997153
188626 -503559
650653 -754070
927526 989342
69995 90026
64137 876428
429056 -120922
-913273 905625
2592 804210
716160 392543
513873 770492
399904 -551142
-969855 -919323
828296 55146
461386 -175419
-82222 -535028
-389154 589154
-139433 694272
-861602 671864
382503 534778
-380984 -963901
-357964 -270361
-721357 -118676
814495 -278634
-294289 964512
-143998 423509
-99375 641812
167510 156132
483933 205735
852827 -670272
122955 -862686
-920495 421450
-71291 268658
-646468 812791
-731479 -198603
-161657 -566131
-33163 -263785
247541 -233415
907396 -785015
241638 -414056
-33208 167651
183678 726334
-572665 219951
358192 589172
-966030 792967
237492 669176
-591537 634162
985229 -704617
413941 561989
171338 -869954
-975543 -283116
-777587 -390985
-557076 706528
661863 453342
728945 410340
771353 -227123
-599124 -889386
161547 -30893
14039 -580409
153292 -135196
-956983 600969
267812 -235349
-126660 153720
-947053 695230
671969 299920
66041 -650978
832386 848691
872859 -704867
481890 548494
14719 -538571
750788 -652536
-611504 -507638
869024 -470618
825653 464203
-561484 900403
-803914 860268
-231086 377706
-359122 799158
789681 371186
-749043 -237990
795413 -262491
-560330 409325
-982264 -535989
59830 311562
-659474 504653
-641333 -877151
667177 147545
255394 -370453
-308891 -540771
-639804 263591
741136 167642
-972105 -89578
670927 459686
913914 -182616
-589101 766289
155877 914297
-280001 423613
843304 -240454
-386695 399062
-234377 -314258
508052 -62103
-732053 992622
544791 -892695
303042 -31603
326056 -262817
256310 -448586
-320394 720132
-166280 -545267
754290 791626
-644389 88271
-25154 -138789
8068 -129227
-696433 305968
822891 -718297
125443 619473
787065 241357
-234093 393279
23184 -169030
663461 475542
-650557 825953
945688 -252583
-675071 -726990
161667 143106
964397 726344
637005 -51929
28251 732784
-225630 459986
-886605 703711
636493 -152607
-663992 -38375
642987 -793004
-985146 64714
451842 875217
-642283 -312584
-849898 443354
718179 702803
-978440 790806
-415295 678534
-897144 -771663
957706 138482
-433062 -752313
-737076 336299
-946456 99006
-896046 138229
-900037 -929423
266405 -745682
-617743 892396
644368 -51871
918856 536427
-305511 277818
-554559 -788265
-939242 -230848
960533 -224944
787351 -940714
250798 -298051
-857172 442041
-830236 957040
-127325 -146630
-817730 526251
-922768 -605366
-558135 -602582
-479943 957760
-130223 -418904
399575 -758998
120077 -349651
827388 -465435
174025 648980
408731 -130697
-907770 -773821
-189365 257841
-31196 -961645
-410981 681653
594717 135769
-515838 683772
-993195 -737744
-780254 -484086
-121833 834608
-773386 601927
923157 -939333
536901 -516981
906793 -908392
-694626 -396866
-40231 195603
-443434 -231113
561983 -640688
-910094 23957
-616595 304841
840773 7157
-498869 941220
-593470 -270513
-358327 -471925
-438135 233963
-258537 -175027
820936 -835844
491619 -469636
994605 499711
895120 479453
-501732 -38467
-139937 -750063
-362218 96046
-494018 -180448
-629859 681640
316780 -868487
-661995 718943
950635 508669
-93423 -893981
709153 806854
-922598 973810
-605903 -471824
761010 366489
504367 166325
-619444 377866
-557503 -410047
874977 -294422
22141 145200
-332210 -47187
196119 540655
-223665 -688819
-61264 -695520
-821069 -807838
415960 -130632
278734 -940178
-814024 -988753
831009 824208
794224 -23884
-914225 -928267
-190564 -786158
-753569 492877
-890524 301856
-109845 -550979
-782720 -473298
43084 620272
-175539 -692006
398921 88661
-230667 755760
-898343 -898064
-946090 -472737
360115 945494
97038 -173400
-85615 164753
-921782 -958475
-432108 -584194
-248865 159236
-563231 690935
688992 525153
254348 -729002
689880 -25994
-428247 57787
-813919 704000
-289288 273653
-317224 114758
-787997 987731
-39178 456927
355170 513458
-867219 788995
-238424 450264
-867408 -55900
665735 409298
-146006 262451
-785939 -454769
685480 -916750
-917346 307440
353227 656278
-944641 2873
-783139 -315668
-966734 933493
-642400 588725
495045 -948179
930579 940798
-922845 -625591
99057 -645676
-31192 -122711
146327 482638
-943045 579015
-786130 92366
-772832 -229274
635319 -380910
-34210 781380
-907918 -450101
-891833 -413888
-555705 944893
-878465 -901826
226525 635189
-252758 110454
574274 -940433
484845 777582
635225 -214079
724545 530628
783426 542869
695796 -924007
-999643 -816089
119545 -296691
234119 -411381
176377 745844
641659 -408134
-683723 -310166
-619524 -254274
-447388 251003
-518635 492360
-402109 -177554
-527010 852235
754401 -661009
933656 -728057
-239221 175756
-362065 -799012
974150 439013
-134257 -745541
-955535 75436
-391998 -961317
-808564 -386564
-246555 -292300
-677017 632877
372247 -148117
407684 326120
-940197 75142
-173121 214471
-866835 838173
901831 -940872
-184899 247345
514786 -689065
384050 449302
-978014 899291
-301358 -799394
-466984 437810
600784 -464046
667822 751993
-407559 -165197
472030 538604
-21942 -458677
-379799 259026
-637416 -853437
-340223 430751
-576690 -691242
-263391 -458314
950941 898408
87382 47182
460182 -93832
440234 307575
-325154 970754
-263229 588203
775072 304758
-39269 -579480
968308 599034
155385 743583
875333 -671634
540807 -125059
771267 -142661
-102200 -645867
335118 -667974
46381 315596
787980 -182836
-784104 -421734
-80425 -151030
-803222 912551
-916407 -575333
941584 843161
-929209 501868
-430069 -178417
994389 -927052
856747 30277
-93162 519405
-671447 190227
457196 153115
-234374 -644632
902529 916309
182720 -888220
-285330 174749
-137458 -840136
415268 -248985
779659 -606171
-787960 -517714
802303 -164308
160484 -928786
505852 740001
-486535 491039
144646 -615213
299447 -484921
-112383 -135177
228423 962173
527293 -589764
592346 -460093
657297 -914221
802743 -75905
851315 474496
-956254 963035
-864152 -946834
353662 750447
291992 -903131
769524 559834
859107 -35453
-742862 503201
736583 827425
11143 366721
-978983 599057
-613180 361196
-245431 197974
-645785 -408736
553309 888148
237176 -409861
858523 881956
136576 416191
-753657 -669191
-409206 418207
-444656 831356
983946 -923873
754105 293145
-584348 914156
-569158 304273
-41761 209156
769584 -851185
-314108 983080
-800477 434948
181521 -285540
-373482 901732
376723 -215445
-804701 283735
-413189 -203545
778614 -793507
-946305 -817748
245833 -140537
-654334 26561
917179 42726
701795 -940544
378562 -124103
814374 -859556
-451205 -710778
438784 -282869
-92290 740330
367053 -820465
-946218 -550010
957252 147374
621345 973395
105574 -680050
913256 444475
-727403 -249264
-926525 -143276
-895295 -786493
-448418 -496458
-797735 -708863
899074 840861
373755 -740472
372064 375986
548393 -106272
49618 -697126
124716 659546
707136 275058
-102922 991191
945886 93482
-231625 652353
110903 899719
464562 399695
-361129 -786518
-560196 866982
132697 -872549
700006 -860254
115196 534847
-939311 182767
-971855 652260
-215676 -138428
-633171 -964765
468139 -130758
455011 -817670
-146744 -457358
-63283 775469
-335713 -669284
222848 151394
-815353 127174
-123008 504821
374353 489587
516353 571213
-123953 -544582
658583 -164771
-524957 738313
-657537 809074
-779949 678228
-208679 -166401
-739063 -581454
979659 -650275
217174 -321355
-679494 921015
327620 -435862
706480 264236
997817 436165
-138394 520076
-570531 834216
839763 159158
472239 466501
383712 321102
-343901 814950
145524 -306699
729278 -465201
819593 715719
586816 -112659
-261038 418271
316817 407439
388963 -403896
816821 92332
907314 -357721
447008 821648
-63338 645819
-922865 -415296
-628438 31328
-97020 206279
-910107 -820543
175083 -600251
-430138 168287
916007 -247161
-102189 879515
-453246 817420
-999185 521481
-80948 -285124
878849 42892
-91432 -636534
-354611 585297
741791 252421
-556763 -69431
-194267 -18546
125855 105285
-533784 -862316
85733 325000
-54464 -171026
903329 -495409
574834 698254
-516510 -761764
805663 127835
-185160 -630410
62637 -373357
203944 54217
-822913 -356070
-996141 139123
735437 -465785
-317361 305416
857092 -681280
822748 -166756
149211 -722808
630412 852194
133041 -169141
-720469 450858
416027 -239441
417200 -176540
-20934 -298674
284809 -512857
-168042 -168678
-182577 -348287
-886470 -686859
631617 -150736
428128 745798
-113049 993007
323663 205498
801142 -752179
891242 -230924
-695658 -416024
843663 44319
643267 -795333
-527417 -51349
-807576 -163179
692212 -949913
-977285 537528
477315 -991430
-780478 94672
747312 -496857
407105 218038
-634289 845895
-912139 802958
600958 834969
-63620 691300
784148 620992
-399563 -58705
-339999 -612564
580576 180586
631808 307235
-584384 -30125
-25153 304115
-136100 -107896
-192593 495216
163366 134874
-235266 193899
-854462 -90718
-433367 490376
-7669 148361
-991429 56838
989696 -416004
743794 578554
294507 -957882
-288976 844299
841108 -62427
689413 367472
-514005 412291
-93699 -834515
-52626 377241
795326 516914
-510779 -342566
683567 643180
-661093 -931559
991896 805152
-571465 725797
-84382 -792121
589531 -71637
786229 -482693
-413787 744010
-639694 -889225
671715 -383971
71930 512854
92267 -631589
729364 -431027
-808340 -786428
739098 315341
552685 987824
-619503 -323531
-414362 764679
-126356 -62184
-325684 736016
47794 407270
724627 -373140
-864155 602663
-550557 -978558
129470 -985930
889562 -466474
-765724 -186840
-275255 749887
-948938 714031
-797619 903848
-431506 370218
56567 587683
351551 781595
-900339 671936
948654 993612
-421310 96219
-354553 -86580
165866 -451134
851680 153406
-71338 -799759
659894 -110415
-26002 -458038
98652 443328
-774648 -175634
-555157 -582483
-736938 -63635
-561213 -487869
455399 -696485
797591 -996880
-437279 542304
-337065 837185
-263871 539228
-599197 -652463
-776365 365676
557671 -256060
469123 311414
437497 -333808
801285 -572420
-226332 -495309
168468 -698062
189485 -69932
81496 -922792
68619 -221159
-653928 611091
-351355 -311002
-593313 -717160
709906 -267501
-334432 211544
806374 -951260
825928 -308892
-930956 133247
-78779 -879914
-608148 -119616
-81528 -796574
-867135 693211
966087 935086
-440332 690574
289698 -664670
-919215 286458
-130740 220163
501014 239914
-368785 88892
-517604 -9884
401457 -730174
-574937 300748
-371317 988941
-656752 -171575
463645 -651800
-993515 866515
-648658 748422
439159 -838179
-473420 11566
-400908 184610
-210179 -722268
572812 719275
-246094 63013
-85737 741141
-711739 522047
-708080 236697
748995 -806248
-232023 -499666
190132 645824
184497 -20745
-102742 578500
-308435 460681
-274818 -431654
995433 -959770
295082 -657195
875558 84608
221341 -859337
-864874 624003
518029 -605156
703530 -248373
576360 -361002
750243 -135497
611747 583239
324971 -802264
-216314 765392
725600 -487575
-604180 547816
-523959 -506996
-403113 404649
-921189 -198548
992273 -727759
255747 853584
748558 812220
628491 -986428
-734916 -960425
309395 -395885
-937332 -907774
867091 354883
995991 -925916
-767685 -591108
-455585 416885
838496 -704253
693511 -926625
-135935 -378005
354637 -428194
893356 -825074
801972 782896
-230539 493462
207064 574092
-802043 -872259
-990529 173996
-917877 -486351
822928 678214
-478501 577010
-946364 -345907
-705844 752759
128304 -205713
460401 -568247
-432842 -996861
-884009 366590
596114 349737
-292573 26471
-793385 437847
57979 793487
-164038 668763
-573275 806556
325330 783646
917009 41040
-988529 -165493
-18157 -130521
-133821 -701382
-179496 -994552
641090 297842
204026 -87110
-579324 -537072
-338136 -708510
-453382 629011
560875 277913
-475123 596419
-226038 -6131
-430271 615862
478228 -465984
732342 -428264
850994 646955
173546 12998
47359 -282173
612500 -957039
927984 -945639
-399252 986160
-724766 557617
-752502 675713
950856 244030
-239526 595407
691336 863625
-860337 -645616
-418584 713339
393999 938963
-741778 -333494
493104 715962
-590334 298396
230992 590658
330551 -811581
11520 -83139
-995094 266336
-241574 695145
219984 328203
-829022 -215071
510424 -230308
-75214 -963132
782641 -888329
-494028 685161
-273822 446277
-570415 -657943
-164713 -683787
-353606 -537036
730244 368438
-458689 332857
329961 -424436
679605 -907837
-818362 -306194
-63570 -797254
104916 -631612
358230 -881167
-131965 973511
-130928 927693
-707276 713622
-333218 -19095
-188156 673598
284013 137405
108934 -518312
-479070 147729
-971461 -477276
131203 -336004
-360062 -342586
998943 234051
802360 -392150
882512 764370
986228 -645385
446043 -701419
773244 874385
-161045 1569
626059 360635
-662945 -225000
947657 -47579
970987 -175132
43325 -951654
-20927 -856179
196643 54060
-75844 -273346
-95378 -403714
-490258 -904605
677966 -352238
-778736 713720
620343 91788
136206 -140754
-610050 431604
-600191 -762333
-819485 497774
588001 44654
4332 410008
868027 740608
-369970 -545452
541264 -147679
43718 -598481
662872 -463360
-328681 645255
18833 -590958
911974 -533150
174349 -563023
285737 -137982
-136990 -758248
-586356 -520727
-286188 -50783
404888 507399
919629 -116206
524823 54805
-704662 771695
-639444 263368
-747 612523
614630 -330571
-828126 -351819
206882 -270697
-779527 726754
-297211 -920093
552174 -128934
944017 -999898
-720530 -444315
232808 618352
-606700 16616
684336 290745
62651 -956625
-69803 453449
-317717 -842581
-550819 -50354
999382 -113129
142769 174196
-247005 -865387
867351 2856
-355154 899507
614426 -286240
232564 289322
-925663 443073
-595729 181658
-598050 -570623
-247557 466373
521437 151447
-62166 296697
917958 -42351
1629 105929
973325 549779
520252 700923
-657937 813126
-437342 -92316
-348892 907948
875414 -441917
-309441 64420
14434 986469
-353737 135312
380330 48401
528218 470624
987038 765706
-986037 879120
-845483 198932
245944 -495339
-427681 -590436
-519524 -594110
380230 -368605
-215512 533
-425288 998077
989199 736495
846937 -602675
757044 922913
803606 -793468
349340 -611886
313017 -959314
611615 -357838
386282 -846058
-530326 -607806
757716 -116110
-248327 -137094
-527622 -10254
838136 -126144
-686568 17919
-823734 130381
731874 249262
679690 -944945
894553 -268247
683809 745866
-40660 100130
-139248 825367
574945 737290
-251410 -871940
-175439 -210163
879429 -960280
659108 790582
71945 -28292
-860243 -919269
-125442 861995
326733 -670475
-841330 823269
509490 230137
-814851 27330
449366 68452
331973 -367719
289150 -453486
990965 -125723
-658908 -321082
774039 -430038
935394 926153
-188917 -729097
-825844 -942734
689619 902871
-15870 344285
42904 427548
-724075 -177679
573049 952729
-278854 932785
-779051 -368006
-497646 -870430
442162 48440
149270 969525
52679 -81890
152810 -120597
9438 532146
437993 -617603
617235 -652995
-906840 240449
4050 -661920
-147115 -429506
-213880 -11143
-462014 -950899
161852 722642
-420537 -605412
-380666 -66671
-730480 -156348
-267134 -369119
-388958 -533063
800140 -987371
517527 541107
567440 -193617
-820391 -588046
935315 -732560
-192475 481943
889984 371084
-880651 -161241
-177617 819454
-306050 271467
-90510 -317868
-902523 195316
-14355 -942250
423518 -225220
-658437 114734
620296 561642
563857 162702
-283969 492321
-98120 142937
596881 438190
-264736 -516226
-874609 -813222
836583 556255
-972931 460798
315977 -691840
124834 -264700
-472742 -286858
-134574 -875192
788046 54239
-18505 116506
-202978 -403984
-56712 -728860
-529158 941725
891388 422578
606181 68916
-747710 89686
-920822 70459
-906569 -815796
38331 -887666
668136 -60844
-781069 403128
574554 -891338
-781928 93870
828552 182190
-210656 540479
-354603 -463924
-544631 -807227
716993 799744
-149896 852588
256382 -418123
-647007 953677
-525726 -896416
573313 933701
305144 818660
641014 -104500
-728356 56505
528748 -837148
-107903 474519
-271579 394368
816442 287280
-281243 924045
-753735 -433836
274458 871995
89328 -615669
-756148 -225881
-896847 -630310
584245 753753
914889 216641
-748387 414221
-811614 423882
-260074 465520
958293 -372491
259974 976326
960150 -991586
-163283 -85168
-522832 871280
839247 -215252
-96825 -676263
768919 -41375
695056 -596240
-735264 -382620
346 -466642
-883444 838916
-394943 910113
-242225 -108904
390066 -52107
-247182 344445
354989 -243185
-677744 -147268
-773785 391055
199992 347109
69607 -310087
-780146 18830
-903626 313158
517187 363218
641019 -70380
-753537 423067
-290636 -483209
120602 -762183
5664 199630
964890 -334679
-376857 591343
-687665 454360
26676 -481069
490463 581534
-456739 123720
367078 202636
-85693 -198204
-774725 851180
-477407 -794635
316242 204317
87026 -666381
-805822 -378078
-803308 872815
-79854 -723886
-521268 -69097
-409761 -378410
-391418 -690981
-780539 -515440
594457 -497538
62074 -572104
604174 519017
-263197 274530
875104 -267577
-336821 387535
-16264 444624
-925945 242644
-519743 659065
-667607 313550
31195 204210
-713616 -208279
-206741 142096
-392621 881320
-15942 652440
765347 -165096
-328664 365489
-857258 -13066
627772 -730385
622913 -239889
-546671 -15389
498375 537192
-821956 731063
-521542 741203
536089 -327000
705650 954025
322612 -978244
573344 -725084
487842 -188781
-938087 517365
-176533 -239861
-259571 210636
512107 -431335
764415 25984
-721455 -529298
419000 -168967
-854827 -893395
809534 501804
-379535 -842915
-660964 788911
237374 -327958
375658 437421
543086 -170621
-822728 716792
241718 -265842
983201 270121
-154893 607979
-845470 816468
242408 462851
185510 -427918
-406001 -944783
599512 450139
375795 301594
10922 142370
-681311 290153
-296502 153678
938598 -684469
-732654 -541481
-786502 -945774
-825742 -367889
867497 -496251
31605 -790766
-960147 257662
-718864 -436419
-318524 -104532
284243 -85349
-382865 -415737
-410051 -515117
667768 566159
-641930 -798878
-642897 47224
-337183 -890464
-501425 336594
311057 -632494
315323 729964
-506370 821979
-375013 -214408
-360552 961571
316218 -632781
563559 45039
762763 -105845
-931540 -828576
-430455 251225
-76893 948353
-217914 359718
-72293 -226817
-489835 133958
370729 -319133
532019 165184
-676868 -714921
93859 -243489
-565761 -863882
-761184 -993624
117314 822215
396168 -225387
-453631 -165712
-244524 398959
332626 -891102
-671710 -112634
299894 -932767
-30847 -700536
-796937 857059
-94691 558679
78196 -991460
-749515 -47456
-493685 -643028
-351736 243497
114823 466115
-361374 -161595
332196 -184933
840533 555458
899398 -332302
-570059 803360
967013 312480
468779 -153067
-210989 -59833
-72136 -568335
572869 -164484
181542 -977171
-665679 804007
-982985 -37799
242081 771511
964453 -321588
852804 -94278
-736814 152759
-456877 699537
-653853 -784356
57996 280925
-168954 21249
-153509 87705
-470529 -389120
-206216 -277671
508409 -519981
852588 -819376
-87804 323577
-852488 -469124
-619585 -533194
-403243 363990
778120 515505
842775 -109005
674119 -698430
-333501 -459948
-71140 304084
-32130 976875
626501 -126061
-17479 160789
-380829 782058
562164 -886271
-223820 673643
-718853 516408
462684 291522
566640 462809
-611450 -558581
968361 268851
168721 -897359
952530 -130250
250398 -97305
779462 254697
-782609 942397
438764 168668
-724056 -190323
-199336 -708888
-634547 -728651
219021 555796
217795 260529
-334035 -203030
-326786 138709
740916 348085
796536 -190375
232724 443413
-456805 -254386
-77706 -504954
5792 218735
8712 -333243
-293023 -347051
819351 77837
-286387 -23509
-244904 159330
497423 -5169
450624 958318
-185423 675166
-601515 -242964
1136 -574887
-709090 -528849
-679617 394004
746824 -974424
226759 -235530
-201424 889365
515782 -152407
258957 -340149
-50778 -456908
-969237 -813181
-715349 188051
989968 -496897
-759895 -624510
166457 -840441
774089 -980230
486885 272941
476825 487893
-785905 796830
268669 23236
783609 65998
629038 -50618
-52930 996941
-121728 977454
-62118 125240
677300 519024
-47928 -490531
-571299 -870723
-431725 574210
-830337 -151181
741571 696479
-981126 589714
239201 -630318
806660 -950363
-759982 -363716
631152 -396134
846970 -252135
-534874 -225995
-370305 610630
-888608 -290042
-788732 -418985
265062 -998879
537925 241230
409677 190372
779218 -163752
351967 883679
-260207 31300
-48744 -294516
-378290 -174010
-103953 40316
842496 -91993
-849173 -894241
-595062 216921
499277 -830843
777657 344997
540303 -821570
-327744 -159683
-166740 -513299
217399 370655
545305 -239587
987923 -854503
172031 795240
-140765 332797
952599 813803
-748601 -836542
800926 54983
-558775 853410
-711178 386897
-637147 171644
-470552 923789
759205 965523
-745947 779160
-594197 90860
-553711 922996
14011 727638
681042 538448
-742258 221235
-914507 -955019
458850 416196
562342 -1766
-986760 72258
163958 474313
274264 -39660
319143 378940
32627 -462929
558610 -655333
943026 -2044
718356 922014
-53109 658512
-713838 721084
-418800 696023
-529160 766934
387656 -303850
978613 -257040
-192043 -886388
401580 -386157
-615320 433727
750389 -141099
203490 -430549
378029 -733765
540250 -391416
-877675 171466
-85753 368820
99330 891423
-106843 348321
-906977 541771
545413 -337145
391805 -472726
-8514 977055
-829115 -383606
594738 -531176
-346230 876160
-327223 804
-162372 -783123
-918589 -682339
-691994 -678345
530379 -810790
-18634 -665012
-357684 -941700
-390919 810159
950332 -663186
-374286 -382829
207591 337853
447402 626093
-149809 -13232
792997 301028
-550464 -230376
-92382 569219
545385 -526048
559355 -932944
892927 10932
-712975 155255
-328421 -809669
700389 266967
-336277 940732
367040 748067
191921 800139
35476 696671
-235708 928726
278444 -624445
168143 310790
-595234 -11697
-849549 -7250
735405 287172
260854 -464156
-853415 648724
861051 526094
-29114 -53411
-613251 872227
-88907 -977911
558420 -36859
135127 -656873
67217 -855407
-656530 -38670
-527963 898746
11855 -852196
-894072 864422
-533289 -755447
239608 -863717
841181 -147722
-970941 363324
-293545 -587330
-793151 652329
966904 -234471
-10966 -464792
-600250 176817
383550 -783653
-434157 382412
452663 689813
-380111 -522358
-469944 -944965
-655130 -482193
76532 -627211
878389 20317
-709713 -310676
610266 -217861
-214430 740304
-987257 -227522
404204 -236470
641639 -128307
-584158 -619455
241524 53213
-980687 426049
88575 427060
353451 -205583
-229233 -886435
330238 -373153
-59837 -515045
528861 -191704
-456454 -517657
351093 646641
740236 -120822
82784 -623338
-961904 64687
-600019 -586081
427691 778160
-129392 -789693
118228 -56694
-583894 -190675
-114996 -754191
-852074 102143
405727 483093
678622 -898519
962556 922177
-250579 -382091
782878 -599583
-900755 530941
339111 101031
-320306 -752549
296640 -375997
-932423 -792165
83992 -926349
-949850 561115
-824886 -292576
996859 877031
915155 529630
568538 -21337
239370 617082
-520115 -572704
619993 765753
-458457 -734696
3814 897469
3961 -694977
-994097 6431
363958 -126146
-991329 144989
-740081 -442516
380179 729994
-481230 904653
386666 -566355
633073 -438578
92954 689827
416835 -995616
429046 778376
-835765 -725426
681148 185189
638809 -168379
148199 -904976
788005 761656
-149439 203191
494866 151497
-991385 -874199
-316519 741802
-425883 -173714
544055 -644502
-390524 -670202
-900582 -524113
685520 845834
493301 -448682
22896 431583
21349 -652126
924348 -666235
-111741 -523380
-491813 -279986
-331646 -947846
-697550 -739751
303299 973045
953096 -378502
298130 -350963
994006 -997608
631542 -84498
421086 -675753
970655 762727
-906378 613193
6013 67771
-205170 -506792
717614 -803643
220187 -664752
-612113 -212035
893592 677729
767381 -264148
-323460 -741538
447478 933061
571759 294965
375329 286655
-409100 991338
-799434 -907688
-862612 -195430
-984392 -628984
165193 619568
797271 -235766
-682442 865722
-615541 -445926
-563241 -679146
-648166 -977238
25909 92742
393091 -852088
-145038 -972215
330145 -802925
424499 426486
652250 152077
-888059 -571927
-683383 -821299
661308 380978
543338 -53317
-612869 94177
696999 -985336
125257 -379411
-15848 -610270
394688 -711590
553212 763329
-458539 -124551
866596 987283
2758 -979233
359371 1312
18216 369538
-512903 136933
243781 -43780
412735 -751421
-545627 209118
94674 -631408
-849910 -145029
364097 -746892
598705 -372786
-832519 215992
-811629 234548
-605917 768481
-425370 -604857
831638 860599
932108 564387
-883804 -483619
-515971 -285054
275831 -32211
100985 -382349
565976 538506
120455 -801792
-329414 -531966
327788 -870048
-381539 429913
-396957 258873
-825640 -687070
-919992 277339
-674952 373143
-818162 -134951
989561 882406
-616447 729107
-592751 716441
338932 25156
-814454 553737
927695 729154
464998 -793889
792753 -602872
-760294 -378954
193227 150751
-761516 -500815
186339 -155263
-927123 430050
-159973 -830463
-768438 815921
-577203 -63514
511608 316395
880624 -383811
219095 -416142
-998000 498820
-723646 553904
-511640 -392737
-494043 821125
-47816 -843761
-271658 536197
629695 -364471
792878 317147
710475 -147288
334945 -54950
582808 654180
171992 333163
836477 540881
686270 381548
-201370 6184
708680 -575796
-444989 749978
747892 -218504
997485 177706
992933 -677319
-528334 352106
-472226 819777
35105 323504
705637 27908
-623644 79850
-918109 679224
-438913 603897
633289 744120
-782403 726810
-103876 -393851
-415090 -484943
-759647 134339
-96038 172377
735986 -842354
117138 78438
-34469 49888
324094 -119828
-799272 -764511
965189 -409137
493497 -774460
-401874 654655
-960956 784895
114827 -531869
-21183 242924
72497 -54443
483241 -173782
-572793 -772359
91885 758489
-799901 425090
132244 -229872
201316 103364
885219 -593615
899646 420857
-57931 136023
-783160 -389119
-780543 70010
512258 822941
-730666 -294212
68672 607782
725217 -432626
590978 186290
142925 -428236
725464 -739940
684117 359675
-205482 59910
-94511 631876
251949 589176
-484236 -852250
787905 18990
644770 -349561
881321 -958161
-751493 -389701
25654 -202871
458735 -196923
-500296 180612
568063 -652688
-306399 858415
-521521 523919
-856667 233067
-214276 -654995
-686778 524817
-177739 89651
-465651 421489
932219 -460271
426030 795475
-476616 -918546
392883 -401092
965097 385157
264205 -233087
263561 538053
564581 -88124
-361741 -249199
113147 -197820
892559 462824
45514 -526204
827095 -583155
541253 -842964
30600 -82863
-981263 -833524
729461 147792
678020 -576265
733107 38318
278539 -432625
365990 630697
215000 -636682
-47819 -465367
659389 -784849
558212 -201033
15999 774024
-428959 377785
205196 174133
-270268 -838964
739282 890327
491932 -975545
-873816 825152
-481022 -969171
-126308 -847358
1508 -591186
965005 -661705
-555361 835737
328915 -159559
216936 260557
312762 -134194
-140141 869328
675096 301031
321407 -563103
176187 227344
454246 -210188
-808337 92859
522494 800410
292427 -309729
211992 92316
378986 -710837
521459 333232
925214 -204882
480920 484298
-539952 -720137
750106 149335
-543634 794984
-470327 56055
136227 523471
-172562 -116232
-365475 490649
-500806 -314150
759228 999851
-410369 980925
291217 570803
945434 688278
-272550 695706
-760710 406283
688975 -148525
-189134 -13278
-931246 253238
219186 781444
-949142 -438905
-834493 -85648
-699888 -87107
612046 171102
-243535 -765803
173852 469027
-431086 711413
592077 982964
10774 83401
-15140 32039
948368 685117
382611 83568
-252779 -477994
395397 986872
341371 -844036
367103 -454826
448499 608758
119827 -991119
-252742 372258
502953 -724486
-969793 -865215
860911 460758
840209 -646372
-402358 193361
159855 -206935
-230301 535287
464031 157315
101170 205532
-376253 892914
115273 831087
-94216 -484616
-544921 -479545
-465257 -339587
460447 -793757
-536547 846576
592179 231211
406943 342960
152578 430680
-923234 -810237
10411 -595367
-233627 -186139
630828 -634888
-947429 -85772
332163 -62742
969549 -232487
755309 908669
-832947 927302
-256224 -713000
-914074 389560
910460 -783209
513502 -690679
389791 -658463
-905413 581671
-718996 -644374
-411439 582758
-948840 -391097
-195504 46966
-458801 -595548
729844 -65493
593969 -125803
-82107 365783
-694607 -723572
504411 48961
461422 604424
-646238 465819
-768161 694352
-53030 550008
-6956 783572
144557 -695399
-556942 -782975
-821017 848383
-989909 -364075
151112 423897
801720 -508748
280457 -569972
-839978 124781
134683 899905
-840234 540300
428720 791675
-53057 97756
-82426 -129021
465948 230833
750604 556864
-107276 332059
-253771 793550
-789691 639345
605943 -676697
-15465 797104
-893060 835079
255560 420714
-421104 888860
805467 -780550
449961 777351
916934 748007
-743519 -670699
-3922 -130478
309497 538587
284597 172853
-926001 94514
553653 274315
247997 112841
-392433 670254
-454953 -726758
490108 700798
839152 -906874
-538843 104432
-846840 633126
-855486 -901938
398668 289441
531921 14453
-497798 66615
291590 793577
708543 -4461
-708171 403056
-463567 704877
-65085 -710592
-680583 459491
-346878 -710397
-681926 939730
-990472 -378338
281559 288906
-746718 601566
-648572 324974
840432 184707
172976 457464
133392 -673155
-839069 -370678
424841 820017
-597580 15013
577358 -789731
-803973 -737302
-870394 150127
-50846 518821
-260977 -477097
-134771 18415
-634146 -894596
379218 34285
-138985 -164138
216099 -876376
709505 -816329
112660 -69778
-131935 165823
-545016 445845
386485 -442132
948330 758518
-433155 -963742
866468 -799031
317024 564975
-392089 -920315
-292629 590827
-847738 300010
551480 -44794
-24854 595366
-25899 754781
-409543 52607
300664 -965168
352352 403464
155008 634087
404186 230853
575389 127200
145431 860427
-397638 953877
-965891 -600869
-238983 3288
-230421 -490064
396882 649732
-680188 391953
-382963 803259
-498927 833143
-811055 -462304
-265675 626877
266019 312118
-840886 67313
-631964 -483534
221093 -423742
806812 7968
-279296 -430135
-140047 640069
705709 -41806
951336 -279679
-895920 -786958
407101 318130
-389174 826585
-730174 -823756
-230989 -350469
-539577 -304035
-886813 87108
-847105 197287
793019 448501
-313535 998760
-313455 829275
823430 -596581
908495 -895670
472647 253777
-317582 474858
217987 -188409
-241353 -931660
-152156 -485614
905120 -887557
644510 602288
639011 588720
65001 -178651
-177159 134005
-188807 -580105
597208 -409060
-474326 386494
315825 -903378
-287137 -153799
822580 -816335
-746544 -54391
-896249 908960
-839792 -762577
-770367 -2214
201481 -493041
415509 299959
438480 -845937
-383301 618070
-507322 987701
565290 -377757
-377889 -289298
498889 -348890
-283321 607965
-583762 -853957
-110138 -135094
-621078 -117523
-966534 -74909
-847085 -674854
-256691 769445
-622569 352215
-663069 -221048
66393 -911255
11263 -259393
-287981 -910103
226372 -59155
-961227 -592319
796513 779710
511990 908972
-659915 -475106
-46874 827439
-664906 566312
-543882 -888814
-476954 199731
988870 -987994
-673138 958375
-345690 -834021
-464581 -641020
-10237 517339
459895 876683
-347269 531076
353504 -673494
797056 -930319
-904336 -745699
890725 733410
609044 130215
-685415 -167201
-523519 -729929
184606 -366789
-261936 -931399
-720259 712649
647401 217720
-62316 -640377
-72420 497982
150753 -483635
-681995 -240661
-927608 757232
22589 851242
-191072 315268
852909 421855
245636 -4646
-773681 -309083
33663 871443
-318739 -870984
882518 432062
-707687 -461700
-731608 -107063
-962080 628067
821300 -603157
-244218 400198
-652796 978797
-217732 -84876
292420 357227
-772275 31840
482048 286316
-440240 -784920
656823 -784788
365711 89373
388697 636521
-20501 351440
707105 377581
128310 -614809
952002 -370238
-456710 666142
-826001 623661
764566 814550
-573332 -415646
-224707 -566832
760849 -775983
-574816 -868705
-794906 -983973
525878 759647
817515 413435
-512350 904726
-405081 -682808
-497607 448731
276802 246724
-989593 445339
438475 28451
-556865 131175
-889446 587386
392236 756428
813090 99602
-107186 69271
923582 840216
523877 -682719
473883 623171
-902858 253068
-663056 -413935
297725 511625
-92219 -64675
-466000 -502430
-772981 40805
-165159 253544
-522746 614390
835033 -320563
-401276 807082
201196 -366227
451959 81972
67929 201545
802855 262591
438269 -877322
996621 -648218
558292 -847700
752311 403932
-210305 339576
-596337 783981
610855 -560189
-74532 -940304
-920706 -102636
993263 -78237
943492 -594605
-472243 -464751
-848946 496371
-289322 -110900
270372 -899605
875908 -34726
957413 275048
-760763 544130
-277019 -243886
473665 850774
-463435 933412
732761 405296
147333 355588
699067 302125
992445 -459193
-549830 497221
847509 82127
252149 952914
752171 -981315
719977 -130304
-851783 240148
356409 204938
-807793 -866193
-509534 -429353
545490 -560261
471506 966238
609737 470486
400645 912548
-570065 434828
-820007 -349254
741974 -244083
250787 181403
238485 447802
316956 747258
172117 263369
916684 297961
912039 -537274
-608486 16988
605303 57127
-133954 -212674
-564613 -391230
-515903 -384237
253043 221154
-83432 764305
211264 513169
403497 154414
-607234 -479263
74483 -112689
427552 339223
-563734 -112466
273811 -159904
-418765 -213644
-78408 -291685
-387930 450027
-412118 -389784
730170 -542141
979906 -781135
239371 144686
-350253 -761844
-547275 -417580
906204 -429603
494665 -845386
150433 682959
-454457 404161
287693 683119
23704 -791874
140993 -367345
599798 768763
894928 170434
-443038 715857
557157 659743
658993 -749601
63161 329631
684062 -661584
201884 -596073
-930801 630223
66684 551374
-102308 987167
-575224 -582198
-82285 547161
828950 609718
166037 506127
-348870 48436
947418 -795404
-294631 -80178
-89908 -729458
509565 322096
322383 -990407
285448 117908
427669 626106
60600 142372
720432 -636532
658714 -700354
-845608 -522933
677676 -787215
105151 301950
305810 398514
-71593 -277698
749691 -388778
715397 322248
688521 318744
-677543 -563747
990494 -294073
854915 -483300
888792 -263117
245897 -886650
-760588 799507
-317551 764274
-100962 779281
-341554 -38267
265807 931378
143837 952453
-863003 -629013
-287493 -147394
-931508 596966
391628 -744973
-498645 -533572
268974 304373
-735507 -953504
-997137 -312766
233412 -59839
365329 56966
920429 563737
221192 883191
-382312 -608196
-565482 -160203
-130814 -959132
-80884 774473
89640 -835778
-109108 -739396
42244 -955973
-420594 407134
-461997 971551
-844234 -189249
-641209 -427438
-137692 -720829
-902047 662227
403846 -122429
114016 -521810
-931072 208562
-156296 -254373
457902 -793716
-402758 -724912
-158697 -282748
-661999 866149
-262925 142678
-525054 -855025
411733 929528
-655227 610258
846581 -276667
-805309 -433946
-533305 301627
710492 770112
159160 994293
187177 -368310
552261 -704564
226577 279273
130987 481097
633516 348737
139966 -359225
935841 -622058
541310 576918
441205 589116
992601 -115922
107641 -42437
119679 913043
874677 -173577
559788 241469
150867 631419
-509225 303197
45066 -358856
13452 455822
247622 -429505
-378250 -368668
69371 -553525
-555966 739244
-228093 -426251
337832 904983
242539 641782
293347 200625
819635 479276
313182 823595
426749 -336690
-165010 -528398
389195 -447819
-101975 -593777
-821552 813319
376355 -251566
892241 -768494
-469597 280117
578121 -527926
63950 -948222
-305392 -839955
530703 297262
825768 841192
-963269 674742
-443201 868620
22587 -977046
791398 756658
-418306 965899
-977421 18710
-152864 135288
557300 -645601
-280982 60183
493518 365020
675148 107770
835493 406790
679381 335456
688640 -28212
-781798 495759
-524599 263463
453539 471050
-502512 861949
138234 591923
384857 -626104
-724331 589378
-196167 711988
-779511 -174398
771275 -888390
-772385 -154922
-14314 397916
-405235 -737238
538714 727756
-971530 408265
785539 177404
-931150 716155
248069 467897
148114 -978011
231445 -890735
933793 885773
-341388 32772
373109 800408
830876 -976129
512918 -746276
830182 789324
967200 822495
-289814 -501461
-633305 390455
-554784 -936558
-943679 555494
-351140 594189
131725 620835
350194 -802118
-225836 142120
-631155 -800387
528511 501622
488346 -392146
826100 -926458
898610 -937430
-657034 829087
-925356 107588
-608357 -808104
362578 -573614
-671205 -102470
566552 -827586
510790 215103
235407 -519582
-42231 -847418
320743 885189
85898 -685340
264822 751657
407504 108198
-576334 207924
-235062 965896
-249851 -969880
915584 225456
-237447 887249
-784390 -46863
700524 267489
701320 195598
-161405 287626
-767283 -270709
572667 -142735
264857 452531
548114 221515
-743079 998696
339025 819406
604478 -423888
570599 -656689
-127568 664409
716452 -859136
198824 -420610
741904 -694112
-735979 253302
790668 805682
774493 592638
173139 824177
998371 -677528
-769614 -345937
-167895 -567827
-139624 495450
247939 -122922
900355 615810
-930141 -353651
-607152 -841505
-861494 -236273
-582831 -394619
-699539 -847773
-288405 -541045
-590798 744730
-418661 915526
-388208 169752
-7510 -268333
-563690 172838
-721082 -773803
359193 622354
454311 -703938
-614411 -314636
-96322 -303351
64015 -50701
884438 -136286
-478026 522464
576104 -821176
-705776 -439513
810300 -403114
839837 -187794
-193287 -932529
-878596 -832766
-196433 -132189
717236 -111151
198063 -731319
-381496 195004
184810 -160019
-485094 826398
461021 -526154
-540940 -271558
470692 352137
-546803 889732
87745 -453323
200098 -740045
420182 -705246
-275782 104523
10238 4030
-772574 804987
-707668 978736
675041 -757093
-232461 -600987
289778 110329
766616 -179892
154753 -264943
70115 -55113
240777 -552852
337377 -641060
-290896 -780493
931957 947690
-686402 -192745
753914 911715
-230049 664753
913760 696570
451913 -94984
-564262 887880
399427 83590
-385302 -511690
-773436 -335895
-433248 -851771
-191717 -602966
300904 110615
19155 -12304
-813549 -980526
-21507 488623
624896 -590369
531159 -663776
448252 866449
-307132 772213
837322 496891
626281 434670
15812 -176653
831097 356655
-682107 -565505
39594 -805845
-15522 487183
343399 -59115
-83894 -88586
814040 -704278
274156 -528772
295697 220942
446902 -460451
748120 -812506
-244061 386420
-379074 -571962
-625192 -773583
439698 400872
314141 -703965
-61308 -77782
-261846 164832
-271926 465934
546456 707281
719447 -113674
625676 159504
710459 414311
58423 -555118
-17231 720147
-235546 729062
107363 -298851
-15972 588151
-619548 671546
636134 153976
-9996 -1984
-85808 667008
529823 -559678
400114 -801078
332988 -382451
804107 -22709
723569 -390762
-937827 490436
612221 -991413
-516987 308140
101648 -299698
335921 656115
-8894 -160349
-30749 746214
109414 -873236
-64636 -285048
837206 70841
293269 462439
238282 963562
-643339 -876998
265703 343357
-224041 -230599
-152256 723189
-193764 229177
-462344 360048
-634769 617420
-394243 146507
901747 -757018
972439 -169779
300876 -787137
-220696 -124071
213133 -279610
606581 -883762
387651 836017
-351081 -157045
-357153 -856823
33153 -496463
-44688 83698
153047 -84219
825903 -925360
-221850 -27261
-451322 -110349
860102 -704044
-164092 262417
-51520 743850
814440 223320
-334804 368011
-127007 208451
807973 -937284
818917 681269
-816993 -969289
239293 706681
-636595 -894402
989480 395145
19292 762971
-889827 -92273
-878962 -907112
678121 592010
554536 -678019
-819132 -831290
840630 -188318
752571 684295
506057 849001
213725 927431
962486 627445
-986703 333733
792181 -565718
608136 -715815
940760 956029
813190 955248
-971659 -75434
359860 689846
909971 169299
157953 -660826
-615908 -538661
-87264 -458293
-25924 33603
-575006 -137425
586815 -371719
331 -513271
-795826 540109
245719 635687
-515453 -456653
951518 468223
-437506 -328875
999719 934515
-376703 -731486
-918707 -682881
910745 928981
404926 438132
-673535 844652
827416 93189
145946 688445
682955 117849
-966134 448223
-849652 746807
685577 516471
-791268 -212396
685684 -556990
911141 -470487
-409107 -76873
-786885 276030
234294 680380
403679 418451
-756530 -203799
-455368 525026
-304385 -227209
244525 -493380
632866 858370
-355980 -792721
-471591 -920045
-863249 -894535
-364398 106207
416919 399873
-620616 -361861
450625 597570
-116043 980029
-694390 399346
-66432 -598774
709004 -581380
519314 364474
992028 -737168
211463 683005
-511200 -150380
558426 -29654
-228720 -230967
445153 612133
805571 853214
-93503 995996
833913 -976815
201805 -189509
357747 -571388
-183500 893082
-679432 -987822
450340 -825996
-492484 -67931
-224173 -53913
-653613 -525839
318877 382411
319598 854676
939604 -436035
540832 -434497
389017 -401780
-396942 526605
-837281 -522463
737741 75725
22822 823110
-506793 -304370
-852946 -458520
-610049 -708446
-167773 -347579
85805 -750294
314758 565668
-727117 -949434
20664 881861
-109699 -148765
-932671 459514
-326353 -300299
94259 985276
-247822 -427498
409199 770392
130929 -943230
151688 -257449
-75225 144301
-194078 785361
731883 -373370
-531331 948014
-318417 952791
-590989 -555989
510815 -584139
-458800 780410
-778499 -895695
308493 154024
-652967 822061
314060 -748348
-169986 -739538
-214619 -415207
817031 -337623
-706303 520811
-632156 -226279
-623757 970927
-826006 -789965
-301456 778067
-44642 894168
998246 579916
-586226 -802023
701893 -979804
-258288 817183
-799842 -328755
466712 -422
-271721 604936
-372767 958368
153907 -652664
208421 754239
679414 373648
509233 718641
826874 566144
241194 573180
-931133 -571908
-287212 293337
-237026 -995281
-64663 963008
-344620 845980
958845 -640428
266941 472171
97834 886869
412656 546617
671481 -954536
301169 -940255
-693113 142302
667127 -759263
821246 789424
-704175 455163
927123 -513264
-328742 -339885
367741 -915822
895254 822946
-734367 710202
487000 465804
725721 309460
-496878 -423829
-95001 -312874
894613 -655553
265970 -858619
327838 334186
984685 374788
950385 -840165
-475285 278197
740443 857351
471738 725475
-278394 -714025
168795 -776838
812746 -981417
842781 -329359
-629503 -179977
-91812 419889
270173 448070
-125716 558837
540844 651655
363533 -291974
869155 900506
-439163 -901162
890592 -115140
-149670 893666
614235 -435969
-957972 -383759
-283063 -448680
-607603 -557851
254390 535168
-627505 78715
583962 532434
489209 251824
-808141 759568
667652 -25405
-142182 303909
665557 -466770
-490078 -558502
112855 -703871
312303 -390243
794814 519504
-747643 881535
-13796 804247
-325736 -739539
-902212 914934
-903335 553522
664977 897655
247973 -110307
-699096 -844106
-995767 678260
-942503 -338573
615166 757730
250367 -628868
-45469 -936047
-307249 -875954
866033 341158
-740798 647702
-866522 35218
-102253 -409795
850725 -578552
402777 -789375
-501334 -625963
443015 -526971
614804 -737559
-604871 -657478
469641 205723
711701 -480636
823092 -806032
-252202 -955590
-310757 -537978
-641625 11295
-937120 964015
491448 -993592
-469492 -892395
113026 -326781
812826 829401
-457132 421815
-52737 -189054
-404604 -962113
545826 -196803
661894 -22880
-653557 82109
65641 587268
-803026 -155655
-379101 675068
-614073 -586394
796593 423708
772548 187011
-738953 215015
945742 -345786
-324603 40532
778515 -262518
505074 871494
882622 -280531
495339 942661
-751828 -919719
-287900 413301
-903959 507627
-787462 -823108
-394882 190391
563403 -690681
-796217 -851472
2801 928284
-163870 -977929
969985 275880
-162986 -219564
890039 -182265
901522 -131044
291046 -196817
-460974 -556842
-670691 -131913
170116 -713172
404556 639398
694308 327127
838495 -441179
-296554 -836068
-846353 -299598
995535 -378055
463287 -442914
835734 520155
-166900 -835665
855055 -569447
-152293 639872
-253373 -310413
-809603 164627
-157823 861304
315771 538219
-512095 -176530
900430 919515
272793 -13768
234399 953047
995108 103920
528790 -823554
821942 604285
557066 -529623
493867 397810
231768 -827103
-513696 979095
603881 282031
-30842 -933366
480587 -328599
-386555 110927
952132 823396
-991349 387020
-258388 780073
-449654 -270729
-742433 -96189
624626 -843458
-803240 314438
281333 -292346
-347101 979035
635268 885083
-532500 371464
396663 240545
-623906 218505
-140990 637492
790670 -264386
-682535 33255
-61334 831773
762427 22100
-548805 -776844
399718 806102
566688 442820
113286 472878
72918 -932316
-193486 -312347
-324955 -342380
-843906 196596
-269773 -258221
577002 630774
870475 -144705
587662 295532
276701 -239889
571932 714798
-681723 41248
688401 -466847
-560029 496219
-334880 113320
494797 898000
12507 -525173
341745 -46380
-521412 -619684
-406680 -239174
-608386 157813
-2752 688197
-638326 563954
-392853 -302220
-239670 -689116
689516 526295
681548 -665589
691959 -984783
-483016 926444
47384 -412689
-149082 -193125
-371094 -701374
-800157 282472
-540698 -238487
-68576 415646
965165 -907972
-194403 173658
-738215 -711189
-341428 -614681
-10636 43735
927128 833726
4409 -529381
568419 998348
-283292 463697
-639644 -815534
-235739 798740
975445 918576
-928993 101386
231706 270608
-973784 483164
-645161 -522404
-115385 -271121
212310 -582728
17463 472072
616934 63343
-662321 244918
-348978 -245125
474666 -802703
-993625 -402707
-959947 401948
76256 231921
582204 634783
583480 279721
977597 845337
593885 -601035
-825235 -333109
-727264 741370
128765 -137388
-655431 174927
-486910 709346
636939 912205
-896690 517488
-114957 -163613
-279349 261650
-672421 -923473
819233 536509
30789 -732537
822234 -604918
-926242 -277178
-193864 780957
437768 813659
515693 672685
555198 -563126
80327 -845836
487605 39999
172699 165886
257067 922524
-532599 -354141
-322485 73091
-946709 649694
57611 -742964
984294 -231033
754445 -777839
-216038 -333760
-887080 105744
777480 915008
732183 432866
-941112 -282313
29622 -495228
113365 -9134
-197188 -463555
-889791 17629
954012 -566183
-900673 681993
-853786 -157833
911308 926719
440195 609815
984958 -108412
942195 361271
-836215 556017
285346 -659170
335679 -726674
-393369 -212678
-755254 372297
961111 -416339
646831 801049
-149052 -19701
-653457 454634
872082 -449044
492915 -211819
-386637 364625
-92205 462827
-928631 226834
12630 760065
-451458 606184
-833122 988594
-807628 974139
611490 597314
897581 -449694
-383875 -845668
-777851 -498188
568052 200313
65960 552750
-695603 -783273
-998262 -145371
-270691 -554347
-938841 -100301
273344 749346
-736918 -488269
116038 540283
641399 -591626
-147788 776230
148295 -189669
-773524 -939445
-87013 384913
-351626 767235
626617 857025
-526763 926725
858644 -353933
769836 -200626
-557669 434023
-56839 -175090
-792088 -462020
644670 926216
946318 -418037
-579977 845679
887502 -868960
394548 330347
-505589 414591
-578816 817638
-353170 170390
825539 112629
860530 -275317
276753 677018
624526 195894
-629366 -209685
783128 -930949
-123915 -236310
-101739 848326
-613317 -308447
236158 -137063
-551140 288074
-680127 642
-97741 -563211
352400 -760388
21643 786555
491042 -361926
-862667 441125
776443 648525
-316066 807240
156769 526421
140474 98920
758839 -77187
42079 -740172
-987987 -800269
-398438 76939
991028 -897226
958901 -56052
-715230 -413334
447939 -952825
-373730 -562499
279098 264021
266001 617426
-96252 -765647
368173 -658079
478488 790066
37309 596856
-563710 -67986
-386007 393140
81854 -705672
388911 -440429
648711 -392931
362012 -94252
-82362 783501
67274 783015
314274 508201
103876 -435405
-113234 -463549
-619716 399436
606278 -933642
743443 956884
-121074 926080
-254170 450349
-984939 -934843
-535241 -925094
-318485 903072
216824 610753
535526 -761391
546082 -584895
-870395 212112
-411389 474329
-79746 32931
206235 814415
-726538 666380
456715 254005
-591349 -386339
-804909 -540631
-879866 524439
944076 -482959
237060 -230916
793099 -227346
644079 254673
856818 157985
-488371 505700
818745 -989737
-254689 -332761
937286 999070
-334080 -830689
-77607 110018
978226 -288778
525372 504073
-866598 -675531
563424 323312
-706428 360857
-482101 -900914
-24288 233892
-374611 -679232
-643939 265397
-102243 -197300
-762433 -793490
-182676 -362769
365946 -111244
115104 203759
439630 715182
-132455 160990
-736243 831125
718445 284040
-828506 -958169
-333725 -666230
893445 -493672
-27350 37365
226487 180608
48758 -881708
-110404 526981
206730 573226
-162318 -807315
-314335 196496
-793017 713465
-749962 -355966
90415 -143716
573193 113600
316189 -108394
839282 268162
-880518 -48290
-5884 826995
974889 -430467
-57279 906073
-318422 830
764394 -345982
983527 -834254
257218 512562
525721 76862
-100019 654034
945373 56825
-283538 -29928
491592 -268166
453586 -941141
933662 -511015
695732 616946
442527 -551387
975460 514373
381155 -813851
-225125 -138692
-64498 606914
392 416103
103235 -191451
749808 -377808
-137819 -878231
264482 300207
707285 -469777
915543 -513122
-302555 -798091
131325 -720027
-276082 -714836
-721010 856242
-428278 623019
966947 973155
165748 -59072
566755 621041
943270 -286594
-787324 -660832
-262664 100662
877282 -373338
377822 -162069
-798224 292484
-47043 -304638
-868876 600996
730073 420603
45494 863479
-662784 293052
895055 -110687
-100216 -224895
-970897 -17647
-454139 836503
393854 -572633
364516 339339
708722 -934300
925426 297601
-803333 -934707
490136 -742160
457286 -458918
36852 247128
-118511 3140
78046 625079
525493 463854
-336997 517485
-182021 -388284
-527845 252745
-275576 42508
-346646 -269788
776603 674048
700588 999064
-143349 -915311
-933758 919667
-234296 -528135
-300288 -461440
-197715 -38169
-32356 811977
322213 655345
-527185 -589491
49975 -230074
-141778 -537092
-540241 -128542
220533 78114
-159541 -514386
786608 -683517
284069 265235
-884894 -158427
-196752 585611
228761 -597705
-148247 -415109
-882204 619483
441055 682403
-107066 -938721
-449865 130394
-305627 -874587
-953893 -281626
776598 -751342
664590 -753078
344289 73769
458905 982500
126059 -830262
671922 -390432
-875263 35141
927006 90029
-229233 585859
561158 300388
425728 -159585
684155 210623
580581 759639
105416 -839330
-952984 -274842
753825 72265
782744 -195498
881047 686002
-45466 -502623
34026 131116
-440168 -836201
-674022 714930
16639 421265
-699336 -22512
-61641 968416
498955 798746
-946808 331172
22491 41447
226214 -911489
192436 796561
728834 -396496
-419144 132074
570840 -787891
-882503 -885353
123941 -838811
-857493 461917
253101 437826
700172 -435941
-155920 -996427
-308632 -609808
941934 406007
-252290 -344570
-124394 -799569
-835202 -403330
980076 580874
-749772 -785850
-129438 -303214
-603105 -340524
-21089 435420
46491 730624
398236 -743604
712214 -742350
921904 -414105
-252934 -798622
516235 -99340
84044 -188649
937925 -99562
-391412 629511
-446974 -530627
-565685 -966011
-340044 -779388
-52091 -275307
576821 645151
-299434 35393
-487131 -115637
-207464 -447332
59449 850506
873513 953941
-983523 592622
-651188 961965
984610 427520
93011 609135
-692663 430259
-264999 -428746
-454932 -146090
-565280 -99087
662801 496961
417128 -533310
-666773 -211617
507639 -625154
-993826 613813
-499622 551244
633840 648685
233478 -701047
262058 -591373
-368453 375391
285494 -977358
384057 -913082
189647 940006
819725 -817668
-431654 -745284
800738 899714
606568 892788
-25401 -141935
-657717 315749
104770 48710
312686 -385782
774256 473371
870616 745269
822618 770729
179950 642818
-682866 -245824
-784561 -139969
632006 368547
543925 724054
62535 -934365
-450521 -196805
893635 -327009
-430811 13521
549063 -669900
899960 612718
427374 -884015
613887 -810519
462864 -384885
-633224 -977563
-733970 -277564
-914201 -804106
-646173 503131
881437 283583
509438 827474
-549103 195180
596666 -257861
40904 -552166
389165 960560
278498 -56018
143962 176920
-712567 950272
799365 149336
291877 889482
450915 -375039
-689658 834234
440820 835337
-619720 -765858
74172 919974
-705472 439569
27881 -424814
-834616 -455397
894792 187320
500455 448219
-545145 938453
375382 664239
-18366 -435696
-101365 -761670
-542792 693810
274117 -612960
822019 925732
-843641 -833055
-146490 658075
-54560 -567810
-185070 338454
953437 372217
683096 597948
-651762 -815564
295356 -28266
357932 -384728
726067 -152
-977023 833338
630171 -500050
577522 849455
681743 -930447
827104 349868
-950331 394821
377964 891221
959830 -136849
-432585 731707
14430 -699977
-879324 -445771
371741 -75411
6576 -232191
317737 553595
-847580 13524
-591249 148126
174398 546702
-38992 427085
447649 754615
799017 267376
-726708 539004
90474 894326
-78356 385346
77503 -213422
300136 -777224
443505 478364
-111500 -82484
920062 -236563
-627525 714222
-771284 589606
-917550 857076
-290606 213616
68442 -395885
536512 -966565
-663642 751798
459727 736438
-395477 20641
132863 -825509
120630 -842645
226439 536884
-91392 -675371
801847 532809
-657997 -898178
-536456 448227
-66183 -978910
-77187 -69207
282741 661552
-705926 -129403
190479 -579867
888179 -308849
-201255 592375
-287785 -815298
184333 -685164
43678 349492
-98263 -674475
597280 -284397
935186 -195208
977326 79752
-953581 897405
-394952 -296561
990725 300967
-465818 550051
27038 737795
-899958 -146737
806929 521421
372518 -579829
914085 -727640
99412 -306976
529873 -780697
488445 -339901
-239436 485988
197426 308112
396153 -265886
-756121 -701700
-698059 -295425
-718356 -6833
947995 209341
19818 -7478
70873 531118
-695364 -985951
465067 539608
954821 605320
489568 801086
247708 -938592
117206 -925263
-184839 35332
-164648 -145214
-430991 -872046
-968700 112756
-798710 501583
-485973 887568
54722 796419
-213477 151662
-961306 900217
437894 -90837
700383 815012
290118 -463317
-95634 47982
123929 -783300
874470 -2427
85132 -495926
577896 601425
-576700 -953319
-55788 -904650
78656 -469434
-891981 -222766
-654536 -269422
-412767 -234021
-808448 -136913
-637856 717110
-245883 -941367
-34743 276945
12769 314394
-633944 -849691
-189876 179384
-796511 -534541
857976 370183
303631 -516116
-4867 -491048
27656 -730504
-715354 -520456
613865 770975
217641 -977754
-87880 994287
463483 11929
-925682 -574095
832692 -52494
-819342 -292411
302368 417318
274112 -519111
542713 -551179
608902 -498812
147018 200190
732788 -61253
427559 902204
-215514 456854
140261 -188034
343117 -658452
-647392 472058
579632 -141416
324087 -744993
-9320 -991921
-224385 250003
-116388 395294
490053 -527850
-331182 351172
-260666 808719
174910 635180
538923 895082
-807118 -365738
-260355 362480
-83572 11563
-626833 736928
-528407 537683
931424 -822734
-69502 -884658
-796472 -580625
313245 -683097
78101 999362
-663315 522469
619400 966338
-668092 -807053
-986391 -239892
625395 -572395
286651 -801295
854986 -560416
25772 -518856
810732 -456435
323481 314919
-236194 426475
582763 975534
-486579 752625
948652 306322
-136599 230665
-67135 -934401
375156 115600
42318 380004
202845 233371
148619 -881369
266978 -470582
724197 19997
657111 -497536
-206649 -687378
-400769 -924614
981106 -828075
-996139 -584324
-663401 567588
-97857 -794016
-367000 745747
-466418 470348
87325 -896788
-606088 425057
-258244 -335183
-383007 672240
837956 -152792
836955 495006
450920 625022
349853 -721572
122841 71852
16909 -183909
-839753 -249131
131972 -664081
202487 462423
-524832 151786
-995011 -400183
-580835 245819
-611184 -71103
-467936 191482
-130775 507064
-214020 906261
-987851 -270269
-584295 758787
360610 -301362
-661995 -980825
-401375 735337
971596 -682675
323150 57534
-632515 -475997
-798396 170874
857419 -580759
294645 462695
247308 -483342
215780 788590
-473690 -85640
-782544 -349467
179963 -634357
68547 -42388
263568 279237
479991 194024
-739772 274245
777816 815029
-822193 54452
857857 -584912
-535841 -336505
-727984 186380
193136 250559
234803 -509724
-53973 358235
-289386 -912524
948825 -712478
-159439 -521934
-786541 456066
-655865 -319904
-479930 446005
-511139 108960
-222971 745171
-413153 186018
260133 -899497
550420 -265913
766191 -862370
-208105 -750503
-775312 -626451
772678 -108345
-75603 -100899
193970 624490
-762726 89343
-516231 -309479
500547 482456
683276 603354
270189 -799628
-279903 558601
-688417 36709
822873 312081
1760 572302
-154068 521646
359658 414200
266203 612458
-683593 -777076
542868 937827
375873 51682
184572 399667
-17196 -146196
-347547 50239
62256 458492
643287 -499865
-363835 -153397
416642 288465
654750 -993043
-232191 -735445
506103 757127
-968577 -591687
-293425 -548422
954393 -970473
693789 -82824
-717830 950009
190292 -21178
945011 589934
468030 -619721
-951211 -228198
-479467 -392335
266496 190863
517506 -186036
-791672 61942
791024 -108587
446548 -651831
476022 -274255
988427 606195
919035 -317896
528984 468651
-219021 -978063
59412 -992498
-187284 -272226
-435819 115023
-380579 364267
591349 676098
670184 217792
572907 859671
-297168 310175
-944666 -573525
986987 953549
-811584 57691
-171695 816703
-102544 -386704
-24114 351548
-129005 756385
946139 915183
-318746 -879010
817844 -577400
-308801 -696785
-479491 753061
267683 -481050
201147 988413
351401 776422
439976 866096
-454095 936590
-555131 -785671
94746 -559275
724432 -980856
-254154 -978568
167253 -937018
-822483 -825854
965219 -187593
100047 -295698
-213988 901085
-283433 -29926
-130863 -730726
99778 704017
-489973 247813
-517046 432832
968724 463406
-633917 140301
-113577 172572
25429 -714234
92236 239646
-498772 199780
751495 -823452
7862 -834999
-758703 978763
-88398 -299620
539793 -966076
471347 -724348
720063 104642
897598 -405460
-669466 -228969
231357 977173
867288 159425
987994 323286
