5000
343416 -30220
-703622 864484
-832592 196574
-1205 459665
579810 -602550
-277831 -572323
-157230 515065
-120313 445605
716843 144926
939563 -269505
569266 252870
351381 28665
-427234 212638
558225 -900013
-478482 24473
284914 -479905
-937230 435065
288600 16656
-389904 433916
-15667 505790
-430196 718088
84085 -25345
180513 -226008
-177809 -196036
-420958 437325
483323 286516
387244 -646955
638483 -435325
180967 -330038
662513 -819678
273353 282061
-967964 13450
-727098 601784
-366804 805320
487636 630331
417339 495832
121497 435065
662445 -381386
971617 360830
382821 364033
-281499 712940
-619301 -61266
822940 -470638
829945 -525649
-915904 -787243
-812286 -470482
-116927 -927695
580306 416254
-813178 500218
904035 -958664
709542 -413061
654963 -28583
-849905 -26403
227017 699227
-98520 -445082
74988 655252
-616811 637960
-719510 -256550
-908424 -422019
-398888 -247320
518788 742404
-634355 -895909
366504 349846
-663795 -773990
-36929 -794018
-197628 770785
-723492 270350
695918 357171
-972686 767559
178846 696578
173000 158292
-600980 782274
-554762 254277
701997 50774
563367 -330479
415003 -786650
-821876 897556
-418730 81036
561063 372060
676 960357
475153 896004
366135 522330
565206 -119847
-530255 572030
430183 646728
-773955 -64365
91619 919863
356127 235024
-840509 358328
437248 -570799
784048 625595
-933553 523429
-577082 -248692
-51742 909969
340836 -849869
286526 -514530
-205979 368903
755848 355794
-875004 -949455
-879603 349139
-696081 753237
185795 758749
337580 360786
43955 704278
134426 -736799
-369631 710983
-2731 -346413
17443 -882718
156335 -556784
439933 -284156
-903386 903056
-385794 -978858
727080 -398731
701720 -716749
490184 -935818
56037 943667
-661437 -148160
-619738 -417073
-692798 -670689
-707058 857791
397732 -180296
-207710 16512
-533714 -103104
-924829 408167
-965526 974584
692890 871618
-784676 93901
633290 -728682
264878 562047
689673 -815636
-340162 100183
328068 -116388
-565370 410680
-154427 -218779
537885 563939
199936 -862687
839070 791846
832312 517393
-633975 -81632
543175 -257376
641519 -837260
-130725 -832944
193222 875045
436930 432299
429367 -252399
-159942 575649
80654 -678029
85508 829755
527000 -34172
-917022 67804
-750795 386273
944591 -932516
-356623 -622780
-221257 86760
-263991 -697280
-850980 266823
414787 -234751
-897676 -520389
112977 483011
-50787 420570
-222786 -289615
-922616 -790045
705704 -180662
-57626 -578494
-752306 493089
-708744 -586198
341690 -421339
-744822 -922364
161180 -277545
-22748 490581
-831939 -672496
680187 979287
377353 696962
-883108 585953
711828 -965531
-101337 986529
195068 -727125
910538 -20801
-851684 -347918
140880 -320109
122752 606553
-896703 126970
886664 408802
-97102 381238
-201028 -369463
852450 324544
895105 901340
-863878 -792886
-378338 188308
437681 -383710
33218 -709973
796010 662014
716144 -741960
445081 -631254
-295103 478453
356220 994573
-205275 -357253
896581 -663517
285409 -117224
-98029 340887
-392012 41367
502359 282789
-850970 252494
-172811 -127116
847998 -689002
-913701 214062
-292240 515400
-839121 15947
-596961 -17913
-959230 941336
-622938 -849916
245975 -217998
-872067 -473991
-51498 -838507
720975 -579250
-187811 686239
-906143 776103
-157130 688651
-429610 -223609
73870 747441
428793 518456
166166 -146201
410326 -902691
324284 -84755
-825685 499312
212462 886404
-494812 -731516
341059 413367
-980086 749605
-173595 53336
290954 886347
-600050 231112
813750 -791937
-104853 134073
962785 508865
131824 979713
-948118 973462
-136928 -743718
353618 931407
-42306 637531
-479495 -931155
810417 -248017
-526806 -53324
97271 -466964
-689134 -556823
567662 428801
975225 693072
669331 575328
-598275 -498724
517892 -548414
-897607 973785
-748400 218817
-242711 415778
-270404 905453
-703554 -605358
888662 -341186
-609341 65315
45648 870858
-363429 936102
-646368 -249996
778241 -322785
-17346 -291082
986006 -581497
818838 12879
856951 -395682
-780886 -321415
615533 989906
433521 -48490
-378790 58677
196586 -67092
35878 -836404
387751 131053
169593 -432300
-820159 -604381
292296 -367349
467742 994143
381630 -993004
676825 -125801
-741026 -215005
399250 -901065
-580488 221385
886769 -80653
938566 207426
108412 337876
642739 894113
546422 -28097
756212 17136
206002 945035
-80945 877289
934217 -413560
196628 -290904
-455087 -953116
-462392 -264651
180798 13565
-956337 -635088
-619529 -387365
305229 -638541
688575 -752796
-272656 -377939
447197 833890
-968597 -392065
346071 -443083
940341 727356
-117860 -763290
-388752 666164
-862518 -553798
-878860 -65939
-420265 411347
-736314 919209
77805 809441
365518 184440
666185 141516
13160 189673
578474 523212
573465 41710
-817339 -421204
470204 -745122
293263 427675
759524 706080
-282226 518772
-855360 -23298
771648 -946761
951865 357419
-795629 -301896
337895 582094
-718538 559096
413693 -702429
218129 279624
-421016 759245
129738 747297
381226 -595927
181836 649344
-745181 -991948
-60554 -200871
-129393 -418351
-410327 610945
-45114 584453
506661 -319835
31588 -731643
-979688 -733176
-433234 117002
702589 332053
709591 495223
645283 -73743
-712873 686163
447166 -558234
-106803 -133591
286759 82232
-934606 539649
760924 60994
-15125 -497800
127917 -344946
954202 -59603
441782 126861
780575 -634186
903487 402588
-132274 971044
-723559 766405
724271 -684611
370264 -204959
619917 -803562
-230210 -893116
-311690 276235
-810956 -528068
653910 -942318
-482333 495568
-398981 -446506
374739 -592692
-2619 963922
622934 -120351
123239 -365057
-905034 -84012
-512847 -999380
-227438 983779
196206 -907591
-811018 -141274
683798 -488762
-33204 -503528
633316 249921
724346 441211
70053 -647273
307639 50359
274034 -976408
647731 107541
818616 -500208
161388 -452864
-728479 -514797
130029 424366
643579 42340
286074 -48032
24440 -529822
-207897 679241
-229651 -706740
-500675 38707
-250347 867779
877807 38734
769834 -554376
488887 -472185
957185 -498537
170337 689868
384536 -52039
-735464 -749036
159638 12087
-936210 863871
-989555 555729
-736171 -926850
-267562 734274
-284443 -740616
186694 -731832
-793852 796908
-566274 898568
891106 912216
-701171 -116644
597925 320467
-30616 -370615
884834 281008
-495585 -785990
541055 732404
758066 -243690
-883734 -592460
-836263 86537
543981 -509284
-867176 458618
-326641 281175
837200 -302225
-208978 519713
725528 354722
-936497 102307
736311 -83240
62738 -538992
113689 91288
-371425 -641038
-137839 -27120
453603 811965
-844828 -761086
-707443 665056
387991 -68401
-24977 953601
552815 -680558
-648096 608331
-485191 -884569
-362404 521905
-792800 879204
-38951 -778764
-996569 -642127
-684283 978137
-803773 788372
729457 550642
-924118 42824
-382216 551846
6023 695616
-980033 643340
-452182 610636
791096 -93626
-229167 -661613
310129 146725
772509 254237
-531631 -236115
647741 -738601
719141 -600375
-719075 -845463
-250474 784507
965958 -590382
26754 -257521
214826 -668734
120155 -621642
-920991 -386668
741074 348417
263674 -759583
-950196 847097
-315643 957364
-666267 88536
762382 371609
712110 629667
896785 -283046
-889758 -804032
-927450 893692
-241920 -470530
458341 383553
-545499 -86386
700471 -39860
189893 -657335
457876 -569785
-670751 -682227
-178911 -421963
-343285 558098
506421 -678018
893774 668338
-531621 -601434
792179 670840
593643 841538
295695 -955509
257191 992788
289753 -777400
500114 692381
-453587 786721
-707734 782569
-423027 -522057
-267554 477112
823344 -436954
771454 478103
-309707 -615730
820229 361186
855833 -520241
48902 272457
442767 909100
-117285 650000
704197 775419
-537417 -381117
-940774 -467214
-204386 154964
957991 961474
-764559 -311214
426588 -679848
505664 -80335
293917 475843
-587977 224383
363937 -386837
701520 287538
-552731 -220773
241970 175231
250116 362074
877285 541633
-587903 -620615
9506 602623
-393506 -746545
961486 773349
-133410 -188023
939257 735970
-98265 732390
-255276 -723936
-259876 -19079
369194 809171
-256294 331259
-759212 -952904
-447134 161827
398809 542965
-470429 651228
249782 212689
-267742 258664
-526428 130969
-322385 -882285
92376 919447
668715 782218
162001 786984
-208176 54395
172331 340224
-383726 -874175
342571 -298671
219644 -500464
-655425 31481
618496 -581690
2850 -925544
-896075 92665
614532 410229
-249422 -845790
-905604 826874
931728 -324086
-632762 -196660
461886 -585165
335345 -801894
6811 295891
362808 654220
744105 -102214
-320256 -469447
902141 748585
757624 335701
145664 301104
706511 826045
58334 -683425
985938 -746386
593158 -809754
-798860 -505164
-976636 333110
-973919 926744
27499 -337168
-337257 -860694
597509 270695
460019 -535575
697022 -105715
-234020 325189
880884 848689
-839503 160541
939055 52185
997813 -38989
955940 322193
-999483 206209
-462029 535304
484699 424664
629868 -526900
-793218 -398161
-435140 362062
711615 118717
722999 714659
-144432 -709481
994130 -376377
-769974 174231
339271 830858
-290130 -869201
53935 -946052
229080 -373647
-137433 -460662
694736 -393310
-420251 -149243
-80382 388616
-517141 312231
-723174 773179
-862817 680380
-796589 -985663
-771765 -751971
-866653 -886823
-727438 4368
454483 575959
933904 645483
766195 181773
-355928 741042
109015 -225012
-197282 376566
165988 -48331
-346331 -427737
-110868 360967
-16267 -651111
605269 436736
789073 -741746
652900 952820
599139 938237
-713170 -17244
382637 192873
934786 471143
-61921 -751655
5134 -738225
-320871 -912987
510156 -437152
208011 -102366
-551092 -534399
645062 -508766
236308 -326195
-846904 349087
-149484 -344060
637977 -730595
8503 -363633
278602 806037
-119096 -447493
-662419 711863
-434203 -371097
-498075 918237
671758 959801
-219612 -398928
-235378 -761690
-828277 -297913
-314268 417836
-297684 384327
-340663 -989719
915551 -181972
924543 -199574
471280 -153278
569604 -868275
822287 -895918
922904 263136
-261616 211313
-505053 -483686
998810 557949
-824491 -69702
71748 -657544
628081 631125
494660 617749
-33226 -79909
-822574 848237
525081 888370
800310 325872
-919102 -753884
-712633 -495170
894879 -125385
971483 -860196
-232357 -113311
-841133 229577
101391 -988465
-822325 377465
-462667 -557729
491726 -295769
-962597 283268
-836989 802390
84647 954841
-833883 -623982
-744476 816253
-452809 -95273
-536148 -938017
-800226 24904
5421 -455425
-324418 -499793
960331 508624
635894 410248
91276 -535423
-195125 -499496
-415903 -621203
809832 -900898
913978 708639
288065 -486969
802022 888736
-246401 -201015
229904 181806
-610784 299865
-214299 398713
733021 665820
28858 -184316
628223 -250962
-119598 -91062
-882174 -690408
-418297 786564
712104 -390644
-509630 959730
709983 -113058
754834 612779
-880147 338060
613354 258478
-201561 -879811
294210 1954
-108101 -460580
635106 -702168
166599 -93813
932185 -27889
173940 1022
-556998 329558
807100 237291
-522007 -740754
252877 -291661
-616631 -682150
580861 295509
-569064 -69630
-833424 511814
411025 -858284
-274459 739754
-871865 -733076
-245369 703006
-282203 945296
536285 -938917
-479435 -293800
-374378 900500
-819969 -649888
-128155 854545
-659183 -552227
-35064 201194
295909 -918769
-742518 -15945
-920188 -632690
-281135 958733
-818212 410120
965074 -702294
-85388 -402617
443073 800547
-611437 863757
-173817 -946750
23274 132913
230820 -684315
-606861 -249696
-317277 141074
-100078 -728145
-950324 -429361
-480055 -948580
-541081 -884257
-825207 338505
562805 -501774
-223907 125449
502839 923166
654197 -861217
-445078 288067
-646244 -935815
760466 -953775
873170 -618454
-873742 -107556
-330135 668536
-967671 253229
482288 540986
657456 460975
-160550 -995314
-5382 -633875
690023 736567
864911 -901884
745383 -124996
-270062 -283103
-872844 189334
132547 -221833
793936 -882915
-944408 595778
613664 -823623
-77318 -730485
296578 347668
-223884 -879952
-847907 792695
-734136 478890
965016 -977425
486735 -708402
826224 -285719
-459079 422919
26586 -246589
-730518 136681
-114087 -517363
-171145 -449061
144691 -368259
834014 -487956
887482 -908542
-81670 -738103
301759 715006
133259 489319
244892 848954
140476 -613382
-165616 586309
-905457 81687
-446412 -404895
670210 482032
-412632 -232715
125020 960236
887540 -212058
-15920 -318619
-297223 -617736
300624 797854
-969854 914271
-228294 536552
-81456 -585139
-212039 773982
462185 -531406
-892636 672955
-340237 -429815
720225 591891
823648 -119928
912491 -70439
-826271 -76382
-998421 -562610
-210520 -548217
-430944 -734040
-919962 162822
-821381 696005
765923 580501
981961 -374465
-393918 -358865
442119 116945
-796681 437427
773502 641019
120081 -532630
-618555 970050
-156273 -761726
362180 -329825
754133 621642
-384007 -892643
563440 -260230
825231 235316
-10479 -22563
191748 471582
-317243 -482572
-916214 746218
-266828 -831564
-196163 900288
-44457 292134
-8243 553426
-143645 523912
236656 218761
402311 -839794
-251290 -706495
800676 -527067
801808 359759
-802500 -850978
-285857 -995387
56934 555638
-810688 495878
-55959 735617
778535 448382
101747 102353
-921838 557967
-227806 625324
944154 -290176
-508064 -705265
-550755 623181
265032 -615986
222030 -373518
360 239467
-595836 796611
-425523 -579762
343052 540660
-13595 41815
520930 -686333
-300161 -474776
-913986 952961
660437 117176
-267602 -966112
867837 -471771
-784955 196478
-463736 93451
-707475 -489677
-327941 729793
-279003 855558
147751 -608571
923251 53859
-704888 -511367
-40789 139855
467109 -113076
-808911 868980
-370584 -2113
-949732 949413
144034 822489
282241 248341
729032 -931666
-699095 127753
-490812 697074
560769 -500886
252182 40775
-910675 -335036
999456 -714658
512989 -505426
-159409 -156733
886660 748646
-388299 -940253
-422580 24259
-407772 155583
872107 632637
-566488 -857856
521546 -385602
-49838 110853
-689850 383542
-959649 954501
-18445 -621549
453154 983214
-739186 887921
-607951 -155275
234015 315630
804046 -665294
77395 114061
-959042 3873
-590402 856231
262198 -839581
-59980 -636211
79369 588814
-625658 464407
-796532 977561
650263 -825909
237029 217418
-131526 -236595
960114 -729921
-982575 -753308
266894 -566562
-861687 -263139
-307231 -724751
-144786 -583474
152075 -45369
-589426 -212456
-818572 -803888
-836975 796619
-991776 -32963
403108 -727394
761934 -159672
836176 -97064
-366121 -674096
-464001 49052
185501 -54807
-169104 876767
-119658 -102076
857629 -648312
518705 233157
256083 577379
733026 -134986
196034 819607
-483403 57164
-413541 322192
4524 463872
-785090 928075
-52296 -437876
-992673 -334553
-140910 375102
689233 681448
-331366 -455323
-690908 -959169
616896 -456461
72538 927671
939857 211690
-534925 352461
696114 -237210
614929 -742502
-938731 539878
397202 -18702
815500 -851248
-571126 887169
374706 283524
-172612 662533
686789 -195601
-972085 -531263
284718 -407791
-544675 -962464
296586 -644230
124470 -378583
104495 712382
611087 736917
484873 -596942
-719878 202539
581724 611756
798375 -664658
137690 516903
398494 97917
783915 925749
-726197 -130783
527953 214032
58097 -936389
393145 893690
-793611 -393444
-501564 -770817
-734484 646384
458965 -576147
675395 116950
397931 39442
-331816 287459
-655291 316912
-222467 -696501
-509972 -946753
251040 -52036
644499 -81869
-382877 270190
362021 -97022
949391 -552905
-899450 52052
-39026 -33539
-672958 570721
-301845 60404
-262079 285488
-473724 160461
920047 907968
-986681 515560
226432 641507
-185230 169224
-328366 938363
-740189 483101
-6261 -147464
187487 229549
544800 630306
140009 -220736
285725 214729
-306235 759204
-218260 -208363
-183000 -752222
436207 -895799
-537266 -886402
-758248 -922434
-463697 -836568
130180 -53732
830840 236423
-899435 -289173
-41485 -221762
-503299 -667057
47890 -280311
-771441 997866
-314304 3815
-993535 330187
713963 858766
270616 125232
440768 -589050
310349 -122655
-624656 -669762
-848621 995437
-731076 -615286
-96148 -232253
798502 -515127
617717 -558213
922850 -642090
-920822 145592
641315 -867137
607537 -575050
-150352 -66591
165515 -680507
770357 -577720
-429521 -366194
132491 371134
726664 604952
923306 745668
-513961 559353
646349 -594868
852573 752938
-569195 -764483
968406 -430397
-471111 922187
-455735 -757275
-480255 -31489
819634 386964
-201974 750774
503562 710116
-872860 762021
459353 155247
684400 -208199
-269609 -365211
451019 -910757
-310277 9919
933802 -541339
-67263 726978
-628097 -843680
-571925 -811414
256520 293657
-35305 195507
-561287 -300837
-207579 979243
-501723 -879325
999471 291058
-352644 267640
904760 639425
100255 -189442
728291 722176
-950286 -977865
-717840 -571983
-669697 -910899
-419698 286846
-659036 190781
-964681 -80621
-394917 116596
-592204 309438
-912219 -535152
-515420 -761952
-766089 991697
361692 -945707
-634158 -601591
209304 -197795
-390961 -111513
339970 -841059
-869164 157533
-83207 -967713
742110 -452389
504129 -184677
-325370 -17662
-472042 851983
-924330 508812
155071 -722275
-797003 -661263
901604 148562
370343 343299
782076 -417687
385203 971747
-657835 -897844
508073 -545293
-434828 -128513
-879104 -422545
747419 -962782
-810461 703965
-388666 84974
-505424 -723585
897618 -448418
22070 -884217
-646077 -521717
725733 -212720
31680 -239120
853977 573633
99153 -930471
-443020 157496
822501 -356265
488357 373651
989530 310722
-84880 -370983
-662897 -624175
11452 53632
190421 332752
683377 483653
-422580 891646
82840 -298569
-749606 851129
317530 -146958
709953 -374215
964213 -10849
488573 911686
-74894 21107
726495 461009
-643715 925297
997761 -644211
-586063 -12051
611145 263472
13353 -510250
9547 297994
-770807 672112
-127360 959138
51671 -167675
620687 -58123
-636736 727409
199496 -286906
-65161 714455
388584 807119
290424 255638
-124152 -693080
-118238 99869
-554348 959184
-22767 461031
-633607 922674
189821 351649
405940 200556
-4129 909740
717961 784833
22043 -861258
-77113 987942
152691 -814641
910240 -466017
327118 977265
-707133 639578
70555 388433
181865 -647548
-865906 -846110
-822349 -437380
874900 176863
424918 -753930
300481 -817245
727479 -321305
-529530 -872072
753025 -593843
-466524 -933168
936501 415338
-609153 62313
-85084 55703
39731 -300056
-252053 142975
461207 652163
532803 959952
994773 -349537
422294 604137
-909129 982121
490697 -259736
147 162242
-411688 -834948
-556910 963562
5626 -862902
104958 568305
-387639 249995
-406744 995746
553181 -836759
-122678 -446474
-659001 -295428
627153 902163
239850 -31524
-278373 -778791
282743 750276
-307191 -334714
-486763 -279065
163271 -111995
-175281 224333
597888 -543334
202396 568959
-690244 336250
48990 -127152
-247980 619883
-356537 -522274
-241491 -988372
150475 -592178
-868818 -790822
-776840 -431718
-55431 20299
362118 -817394
450835 -362979
390687 76945
997809 184156
-557181 -522003
-602521 940561
831140 538931
808785 -695806
-970989 -740133
-390742 119856
-767077 -922374
-71609 -288498
997661 -397257
283468 932375
-34323 -371118
-679103 -734850
-128760 373484
82254 408242
34803 -686352
-533370 308632
603144 795535
-391720 872007
643389 -527209
-11528 490115
299464 -223639
-96343 -219369
487239 -410452
-447743 -197109
76890 496391
847615 267039
-326025 -134127
578851 -783551
733371 237161
170155 526687
126394 -938648
837818 845662
688087 886229
942625 941900
504021 -357101
-864356 222226
591077 -992382
145421 931806
-59323 475424
45577 895222
-183676 -328224
-911806 187770
248948 7003
-872863 -181983
129115 -355041
926505 -80110
319927 -836546
-370487 912091
-30982 865027
-560331 -252457
61828 -917954
-548517 -424177
-228673 128914
-150322 -156575
93065 20627
-88601 -517681
48070 -794162
-483601 -356737
-655155 967405
-427501 477573
162625 -965595
-375322 108768
-133987 -253085
320496 -85387
-119523 539703
711748 -12814
-350640 31147
-452358 854140
-642176 -405370
-313326 -340984
766759 -177372
130167 810043
-700526 -743076
384448 719056
-95303 -426083
317691 -99049
-267714 -406167
-64556 -646104
-240158 -589744
-656389 345061
-181298 -488423
-994469 706944
548739 247319
-676915 682433
-189253 435574
286463 296585
780212 -650776
699027 827631
-864643 -800996
-978669 566559
-574764 -950737
-503355 -653529
293170 907175
156111 890152
685783 658084
-601679 739572
-303332 -672855
-623832 59601
135974 354339
-745689 -419504
151604 865489
26089 -358207
-671792 -151185
-483155 -401934
938001 744477
-94639 -612422
-650366 -47600
102838 508471
713898 -647457
246657 -165033
933399 -831865
633946 772795
508439 292647
863271 -614501
3976 410957
-807358 -645873
-278554 -576751
-892397 -492127
-700928 -966311
448010 111657
-715972 414232
324787 43726
-888418 609096
569132 722421
-835700 945307
405230 -656219
-942132 856247
-490585 -480390
905129 -490735
508820 -685457
-841532 147000
600484 161596
380407 -957518
-454200 274747
-994150 -270510
-626292 190857
710801 533062
827082 -36779
588073 -93411
-924683 111105
-943329 -687929
674866 -270601
-399833 -687637
-8690 -575552
481172 -683068
-632366 477478
512313 -706035
-387043 106477
-264910 -837777
276085 676866
-663421 217607
-356486 -720338
-638231 31383
-309137 902697
576588 -462155
677370 997295
591802 894494
-772144 -575441
34112 529084
-198758 310516
-593543 125580
-404019 -828503
977520 600995
459238 292248
518676 989769
-765478 -320332
305623 -632474
609061 841288
72996 498765
-796862 -570188
404672 -973602
279267 544859
-978709 26879
-318756 396547
-334825 428567
-727082 629464
760338 -470485
502031 715481
898569 -118428
100396 296599
668482 -278485
-97478 854138
-308082 347110
304536 -748365
-824626 480455
-273046 -932843
369239 -470749
-988791 806194
-614701 -52146
990448 -602096
86227 120075
-747950 -702004
-284173 57010
507433 542721
-829146 -909721
-880002 285063
-596099 -928295
-574891 -6811
-426645 -402534
-601050 -738143
773648 -422398
851558 453862
-980513 887514
734469 935622
-49700 -350145
314575 -743660
-740526 580565
820002 -425862
615074 -336593
979104 151385
-999823 -242618
-92297 31503
-404322 -915067
-914911 926552
-783049 -924859
-800246 251308
-420789 549531
481920 -792301
705092 -716659
-193952 -616990
-88106 -664066
159430 -974707
-191079 420362
-310977 976143
-634557 640711
-958174 -335131
199676 54767
-193908 326690
-261577 -560497
-589388 -769822
111140 -97642
-55687 -94800
-669453 -277200
9433 108737
397770 -11856
645572 439918
163231 -608754
370039 -890752
-185790 460988
612695 672404
-693274 929740
279854 -638875
591497 426160
133262 307871
-875103 135492
579497 174873
798959 148977
-705630 78374
363245 -205036
-657052 -748036
-765924 -819552
-769566 -688174
856524 66103
187986 629210
463379 -291496
-353394 -895929
215530 -900519
-799599 -901747
-622873 -233954
109047 135702
440406 -424829
619603 -359105
-108262 840590
679834 489947
-51769 -312981
-101902 -484720
832310 -511889
-315576 -832495
-784266 -681085
698946 177396
-472079 247124
395810 -820313
912093 -410232
440062 -198210
-910549 281901
-849574 -537152
-878688 660081
564876 -314841
939920 -772250
312331 399405
12381 -279561
847944 257528
-818829 166726
269271 -181702
-2638 -609582
882241 665526
485937 -277982
296106 978693
812515 861397
-767613 -496845
786949 -213234
434175 851802
325491 -104699
595502 -856519
435678 -439145
860289 -220627
726293 -945963
-551553 -998171
316275 -69775
-122654 -916751
956954 490141
329179 -575675
-477098 927830
26370 415690
746559 -434841
-163282 262823
498975 709585
-446569 805005
-923755 272848
-414561 -465745
556500 -918196
-129094 -975861
-933105 -273577
586248 -639796
587027 544581
-531397 -218950
184030 696815
859439 402303
-168076 274890
-443979 912460
862607 458784
617607 589007
-543196 -575250
-189733 936824
175094 -858218
-547091 -691883
-700077 929699
-528259 -132333
204460 805674
916358 -781526
-837547 424255
681971 -876934
-382845 792226
960844 -773964
507470 994969
543191 -586061
256139 -710672
394223 801184
336957 -108590
57497 542517
795858 -521921
-921430 -112425
589906 160581
388625 -480003
623243 -399124
-151044 -720439
260142 -866035
605248 -734752
-329054 43732
-300633 -995821
328377 -124295
-765720 763531
66344 -725685
839336 259513
-759326 667147
-946540 -810743
253086 -591619
294075 -654142
-992209 -218984
730937 -14328
-759349 920815
594656 -611360
-914485 162652
-224027 -311600
603975 584904
959208 -377559
240265 566355
622231 669362
-143187 451717
779545 -606705
-643137 79106
-99620 399674
-991074 469168
602544 551243
-643463 -324553
-644404 -863627
-189943 -736412
845522 782514
557542 -157217
-516090 725613
-620386 -374898
412973 86306
-689584 602481
-451639 603282
-377031 593882
786761 -25344
592247 800895
231977 -520463
-521734 518542
444006 921429
746614 -76099
316257 113251
139803 442759
-241552 -885878
-175243 -80432
-818402 -901609
71071 565195
-418198 598691
901742 520346
114642 635881
508475 -638742
275791 -453905
-457678 248209
-945214 -160604
191023 480012
901408 -364090
210641 -209267
313244 -238479
848086 513457
525835 -322930
-385012 -270892
348471 195121
354843 576958
576493 473373
-11748 -980634
-152290 -231573
-46048 558368
-449019 -841193
-945862 -984986
248934 -735974
746923 -17778
624697 -483759
-820241 -220944
-279391 66149
238997 784205
-334663 -864636
189307 -854340
-499125 573127
6231 888838
464801 53338
375670 452350
-695136 -424438
123402 240725
-95812 662127
-317455 152029
-382091 697719
877833 -302685
577751 840335
440826 -660730
-443362 -724072
-751555 -703313
591150 36409
36122 -879464
694989 -91008
213846 723477
-357249 -572965
-187305 -72926
281348 -680167
-903137 -572015
-555293 946050
282705 -810814
752463 -412320
971229 -12884
-973049 -398273
-310850 -40660
774433 884984
149186 -355074
159269 490938
326367 808459
933641 -597905
553843 791022
-884097 438675
-283523 -518379
-82895 562047
-885797 361967
725596 -496136
-679704 -863588
425569 204316
745506 -825663
455651 37203
810706 -980820
143616 882461
920143 395977
-294963 -744953
-886302 -744131
-373261 58795
234212 258241
-689700 201909
-951463 686775
600740 479031
874448 -850444
118351 976205
496930 340512
-214460 493192
-978486 792750
-29522 942290
288705 -462341
-688417 905214
-443597 -613631
-425312 906373
44731 450880
80818 637277
300877 422520
79678 874846
919234 -575700
-353592 -559981
511145 -886651
681109 -301910
629231 698689
286242 -586183
-642995 -580322
-853684 460816
712997 941798
-9673 -98078
139481 379917
614163 -198571
881949 -730364
-288943 190900
433789 -777961
-649682 -521756
-296851 821429
224935 352483
939978 -18751
-515725 -837075
939673 915527
826060 -854689
606967 510665
-353688 152738
-1808 261990
-645643 235730
-665013 23898
423850 -878097
-712352 644563
-107965 -491465
-503858 73953
180598 -76757
-139120 -850778
-740344 -656546
642039 -957582
-540801 337951
-129010 483936
471371 -885555
-502807 -717891
-752776 734455
705259 330075
549301 1228
-807845 -946527
-989406 910350
-279123 572126
-160582 -846517
-290734 -103858
188749 266387
959084 -314967
-898098 -823369
741613 94228
-519062 -710069
-388847 435345
-58128 -250201
121689 368247
454053 -296160
-211964 169924
117579 883319
-731940 -415525
537626 868757
871087 540280
57289 693503
782718 462901
-790174 800144
-114313 -624051
935603 737630
657229 79606
-29948 -241967
313159 -999252
-11787 955308
824547 837012
459423 838595
298361 -742219
-235886 632902
-643907 400691
637082 -399235
922232 -922020
-679508 991287
-653717 598614
382505 305259
-20672 695868
-560649 104698
217738 639938
965694 661013
-586432 666605
-747301 444987
-599252 -536280
-106347 -152342
-926346 950596
-470789 -333124
-257079 96388
-809582 213942
982738 -951477
484650 -231169
428370 -647858
836623 517070
414464 -974984
-743435 -762445
-909073 685977
429455 747924
-231167 -238127
-898420 -94524
644939 -399032
846810 -559095
812947 900543
11474 930952
-551765 508710
-86191 -21211
-619920 814619
496751 287144
610266 -8855
-500037 37294
695764 148418
580486 577397
345373 -711651
-941811 981586
778736 144715
369411 694409
212178 150017
833115 -455916
614799 834985
17496 -425442
195225 -472289
460693 734787
796102 -614131
274319 -889201
445672 595682
417334 385594
311989 233005
-525216 -444391
-559357 -698485
-20443 -348892
28420 -794120
-73824 547680
516097 -171696
811076 999581
722855 142334
562152 -446520
-146997 589101
-579384 530236
203882 736205
-921090 38340
13529 -433639
-919888 -885087
-359508 557133
-456423 -991403
545552 573784
-330794 771930
375485 807026
904941 -780173
593617 -883690
-549916 777138
587359 687812
566054 -327896
749115 562386
871982 -302791
-281660 -88757
920231 433273
641027 41731
-196090 -988165
-933928 -6010
-53681 -250915
198980 -941670
-898068 -237801
542652 101413
-561011 230230
438393 -335449
794425 -268361
762586 511754
270037 251564
923266 -669073
115536 139940
406578 -405801
-6931 -159925
-601340 36485
-784649 678045
-598889 61071
-366062 978253
-417879 -253256
999568 -550543
-856397 945034
-75481 73469
697280 -991516
-581784 259747
294792 5934
822772 581402
-780263 422074
-478548 689176
640020 -67725
167401 -144971
256550 411364
671649 914748
-692477 -777835
91722 -923656
-837575 589878
984537 -397486
-84315 504528
416716 -836625
729962 62750
-535136 149512
362247 -795367
616713 139441
-991922 -727179
-603412 -364178
-380813 501505
566277 -650667
-59279 670334
399227 232886
10177 339636
-426574 885357
-587696 -445052
-290192 678866
520011 -730470
174914 -395543
559822 -191327
709412 -363277
-561870 380253
346249 790344
587148 990872
-947939 912864
-924962 -516144
637870 97334
816566 -407876
-300050 -377224
-245227 -99289
389761 978077
-194831 820924
-898323 -560304
-986773 358208
227938 -489585
-606139 -162127
776606 -738456
760372 -929108
-571015 414116
-92940 -761502
957927 24
775587 -171013
745291 -249015
584908 -562864
-439614 797084
849501 503746
-466027 -261161
-591034 77112
-627896 -527491
-907303 142845
849449 -335160
-884431 -33214
204319 -564823
-196467 414577
-89991 -182160
508990 254363
-428240 -384906
265392 -637823
577742 -526267
-313800 -786666
-939486 77408
589939 506881
-528204 -454807
710467 912012
90891 291083
-734900 -601664
-924940 -849799
-163084 -121544
-32581 -206252
727305 535978
396913 -306584
662736 -969564
867277 -127631
-720197 -403991
785389 -42710
118831 569934
499914 81249
138054 467161
138918 -968415
-414528 -664232
-457727 748835
-97187 -94133
-563298 312859
208322 -117550
-334474 832565
390379 530602
-933397 913765
-458746 219861
34591 52112
528297 994372
-803390 -444789
835432 594711
-405691 861125
-749619 -975913
-292977 868537
-533488 539815
-953540 657937
820405 427390
287781 417761
610560 360386
-698002 -399696
243844 227872
151770 41235
-384572 145439
802705 995472
462939 -143215
207777 -457501
327564 -75596
479723 -368407
-642312 -400768
957540 -611430
-208359 -38659
111438 -515086
-213820 -237453
-841078 -619839
-144237 -347105
721692 692453
240181 -576257
-780261 -965036
-529164 897979
-915857 -352615
-165356 176287
635450 163125
543508 -721524
920790 615892
355105 -313596
-867808 -673516
864313 649031
-424511 899913
-194 606302
295616 -157373
-230509 929020
-197466 -548585
-140505 -751503
-641500 454917
-717534 782304
-656218 -613525
224613 -368796
34485 -409515
475207 -253838
990616 -164849
-245704 -272418
-204172 584348
904651 -987502
-765370 -767012
-730023 -920777
-968111 -233711
-307835 -801684
-906309 -417437
703587 -238251
-396995 -436995
-678610 118161
-191089 -44914
-419153 -410279
963295 833069
869404 894218
-677142 474322
96448 -463682
591490 -791005
-934913 -538681
838539 -691240
239650 53686
-414319 -284349
331080 -882943
-563197 -486442
750533 188144
-607994 781353
-266581 973767
99867 -385708
605552 55335
-281810 649458
725219 48395
-987841 962503
34048 985686
-340448 947368
962033 -648074
1516 -289362
-328487 856817
-838632 -966078
68217 -71191
426480 -811167
-11491 -138585
153659 -525857
117483 827309
86368 -474340
753897 283552
341895 -417905
-562993 445572
114727 -548482
380671 -842216
480338 -925847
-179536 -631861
-482405 985944
-517531 807976
313640 -963689
-652463 -640437
-813097 564796
-710933 812752
523327 45419
-927187 279785
-118606 630530
794016 -670113
-301893 2125
-409772 -423804
129147 -717941
-665002 182418
-570382 -822188
-80266 -672991
-625599 47362
410975 -175158
859242 -954219
-646029 -793335
-511033 -30085
-227981 -232328
-806659 822609
-85433 894990
725705 226549
-990362 -274499
413157 -197525
293047 -910902
491019 -165965
221132 -183711
863902 387682
699662 -320444
856250 901747
315536 -262735
742218 -588492
-279057 -717939
-597087 609225
-49072 92951
-872396 -161820
890004 582350
54592 -842329
-34957 -380169
429393 -389666
-511638 319848
-234801 732528
-212494 -630923
43221 -366852
-998842 507053
-323224 -749471
-513051 671471
298359 -27416
-841856 124164
225441 900396
-382046 599636
-495540 627848
881293 -966265
84655 -686298
-292063 64553
-814453 864065
-872080 837262
-413661 -455263
-416796 862611
-474191 915206
512537 -196711
329831 -617443
647879 -714539
-172992 443188
114056 -187326
-199611 426124
-471432 56682
686183 -724365
43309 -431700
497494 -144814
789799 -919282
-64335 -650503
-237499 817556
-385891 726295
896823 -880783
812421 935617
649706 529270
-805529 62854
255447 644461
18330 -213947
974758 439794
5016 468355
71953 -558041
-516160 138044
449087 667613
688965 -744466
-187005 -859105
269439 -476373
-319773 86768
377388 626693
-322719 -119275
-290107 987224
-694946 -339745
-937488 532320
820180 966029
35546 68577
-255679 -799629
347327 313105
526157 543890
-734825 -850958
-238691 -459583
267187 379614
657522 367570
-866643 250037
906572 374534
593169 407760
335661 31809
-820620 -210684
-354865 -931270
337645 -749915
637786 -381778
257135 535211
-897431 861955
-630139 378028
-15622 -69662
-367025 -352448
-552463 630111
-993530 256153
-436310 869349
520883 -752467
696797 769833
-84774 265286
365380 -496516
423447 244092
-652077 663156
-553332 -861264
909969 -807839
972017 -159950
849000 416130
-162049 -429262
469617 140797
347319 -925799
154152 -545075
814687 494102
283006 -562653
51214 -294175
-886321 -219919
593137 -473378
-669452 662646
-755633 -952098
915473 -977390
602874 9244
650142 -195731
-493126 -89845
580907 392748
590039 -720656
-600050 174456
471257 -303227
-869376 398763
-28638 109686
718317 -774902
839230 -414962
-334385 -688539
-844442 -136793
436410 930842
-357633 422022
-152452 -366693
606389 956708
-505616 428124
-311211 -475658
-289967 654707
-168481 -741428
570612 62011
-527469 490396
300000 -944655
830993 492584
628234 421131
34270 -116925
-476495 359655
-986379 733381
472405 787083
904561 -190077
559758 472464
586408 -452673
-882781 -23265
939951 -822095
766304 17622
588555 539040
306644 70774
-561887 200323
293229 913800
-848525 266867
807133 -636233
-925227 -703151
-268689 -835266
-537079 -654372
4138 470466
-337880 360781
240097 -979530
-580719 507937
-191635 604572
-848010 81583
929951 -400877
135677 148374
-675608 -177815
337854 810234
826934 323949
9677 277694
629902 -421226
116633 -695323
904260 222248
-965419 363751
-464994 -562481
-737057 947294
-896025 164777
734930 433710
-552488 -663073
191150 -354396
-47541 777008
-823674 824912
468930 798485
807891 729044
190376 -427788
604479 -47312
243738 -953620
618821 -243026
428710 -416551
830179 469280
-335192 -270092
658396 147420
172483 -25016
-264163 367781
-256447 -541661
600563 785639
140717 -31477
797193 -30964
-367960 -225766
-67201 -464217
-249780 -178176
223876 -41262
-182572 -661878
-85248 -729336
70766 -954864
-582118 224933
956211 51918
362052 -252453
-733803 -198387
-847215 603382
-749156 702866
-258429 676275
98398 -655141
140077 -119612
201355 27125
-726369 -698235
-905930 -177466
424518 -443352
-517353 516591
-503002 903068
852597 -28638
-806581 803280
-930995 736311
761712 298748
644040 -731390
955344 -161544
890097 -92645
981417 69042
878941 -624162
519806 607469
-852908 -713249
-783099 -244209
687820 -436372
380613 175685
972005 -263799
-668233 531056
858026 -127541
-837993 165068
-882469 867791
204366 992674
-10301 -496809
-791258 468346
-984009 288757
-541245 892311
-741449 150850
-258636 -66885
232657 703217
-151220 -984491
-232822 997279
-922460 260573
112091 -483863
-146819 489964
-674690 -722907
-314781 987793
361288 968364
240302 -402385
860357 387816
-821228 -42633
-585404 -343654
71456 757163
691589 -192595
-558939 -751280
-609972 645842
324022 958759
-331262 -340634
-533126 -401719
829775 568281
788626 798850
532667 -200340
128997 533781
772532 444395
584212 432167
-674574 292445
-580538 204019
863256 420558
-506826 -826665
566515 -194271
-991330 553369
-49858 636365
-176284 -339767
629343 66427
792934 -478754
-828334 -326905
59001 996862
-884276 -95688
757872 831013
602513 -572485
-149468 492367
268603 -326978
-566955 25598
369963 -339643
293956 321695
239456 603761
-194613 -543590
421349 -370966
-511975 -889659
-634638 91020
-452766 133134
-70186 -712421
-359809 431484
-720900 352990
-939253 815958
454112 372220
289025 -59186
907910 -453189
-959926 -752047
752435 572506
622567 -357641
270718 342797
-988831 -617548
335419 -459508
-584841 -45262
186664 -499859
-157404 460531
-654822 101357
-320038 840802
384544 -671613
712846 807572
585173 -232184
-254512 -768197
-956016 142865
384482 271371
-263646 937477
569046 -402800
-994188 -88931
-534598 -278899
-53690 182004
-888448 -93982
-294274 937741
-35658 308309
-428570 -858285
-915054 678841
-738061 -965083
195510 433305
416149 277978
881616 140596
507349 -848579
-765468 80424
-909029 495719
-423210 308072
688687 929645
-219343 -311661
-814101 933057
-271570 595186
649460 57362
-561382 102912
912343 766871
-77935 -75993
235138 -316607
-513940 -335083
-156542 513840
-746163 84899
-371065 -87612
846749 -593109
-268712 -730689
-204487 -7593
-878760 -781241
-530566 -769752
-785215 729519
-607911 -946339
276115 831809
-636968 -311432
592548 -864463
-414726 581297
58113 -681360
-231617 -883816
-301358 833350
62253 -875351
-941879 -594391
-99881 645953
-233916 -820666
-13113 347546
-192299 -256639
-470825 165309
985933 -670063
294736 -323259
-104066 444706
-521135 348127
656450 561151
994889 -833661
95135 530472
-710517 357873
760796 319667
130558 -293331
847797 -575902
-272246 -617440
-312677 -404366
-597745 202075
-849606 -701046
-278443 479626
516999 133073
-146154 -451793
822294 948783
-118047 659262
673697 926784
749188 913885
187561 -632844
408909 -845420
260299 117923
336072 -991374
543465 -585682
390704 713073
961748 -814792
-852041 471292
706087 -148352
-61127 723161
907503 -335410
-973367 -314534
-503122 636201
-114048 -427537
165844 -468427
-65656 583119
566344 171701
27690 252850
-242499 92109
-604676 -879862
-800794 -524156
-506815 -24733
992168 638995
822790 61107
138376 -159734
711530 -776479
-991269 -164669
498942 -69210
-371999 258122
919735 256538
-113907 -779958
147543 91331
139563 106885
704394 -966320
-439031 53156
389244 -361902
44328 -248792
393412 -620976
929622 -503253
528937 706785
994591 -189890
22859 -598234
-678649 457445
403285 -635304
-928579 433038
448571 -639105
-17127 358154
62201 773559
-426547 -253767
-811736 526359
370164 459307
-340285 76361
88713 -986505
964534 -485832
-985094 -168302
-119664 186361
-58572 653657
660052 -472119
436316 54956
-239533 -907032
-245472 187482
978150 680225
306325 -563929
-741814 -476218
-751704 587452
826931 -539991
-676433 466426
-214290 794022
-963699 -343466
577920 787540
86912 336279
-233441 398626
767137 -488458
637687 -629707
186362 159520
74128 659315
-141671 -686765
799766 493507
101876 963627
-514908 -40880
-974173 -267508
117855 16688
884229 -672135
636675 890706
-253568 -744881
-495667 -754431
989145 -853862
389642 -282385
-417064 -733742
600230 667322
-25839 -99351
686123 949164
855308 318522
-85602 -105484
-795368 250973
-923337 -916755
-857685 -136855
586076 -706312
-343629 771314
912470 -584151
93608 158596
142827 489581
239647 813127
937666 615187
-809998 -271785
-508097 602967
635493 372258
634161 -738093
-266515 937378
677144 301489
415515 947974
-880544 -463457
748053 -888463
788991 -653693
170530 -187318
277556 960485
-124013 413857
-140598 755557
253938 -302556
-904833 869479
378629 864505
205547 19543
-592757 -341614
42764 590065
-489247 -225134
690576 907893
373829 -417012
22056 -863068
-930667 -249775
306075 703573
-985893 801188
513979 663260
591559 -492940
-30964 645592
455362 -953546
-169002 816837
-138215 104265
-776117 445085
448154 479649
-628088 -16077
-105678 -854549
395132 893557
382207 -519082
-952347 978745
919938 597631
627982 -506475
-911103 789224
857589 -345951
-957733 -638176
-134326 -967541
117673 546399
408317 929776
412749 -349753
328116 -79919
625052 477759
296127 583412
-398866 52571
-736067 -866315
-555474 -91943
104443 733163
-317269 -615260
-689387 539135
819397 117841
982677 999416
433926 680966
427675 630751
-141624 220495
260405 -131321
-953788 -895798
266826 -635803
-612069 701440
860818 224200
-174151 -323231
975602 350040
560706 -413421
133567 480868
626933 -815075
-928015 226289
740442 -579869
586448 172316
342717 -539345
-795039 -962139
769250 934542
-569909 -994410
-364272 -871510
-744298 755038
322753 970992
-240359 -136418
-701679 -726222
287701 -198894
345220 -675526
-53112 -436463
-182030 136840
871520 522014
775791 -114931
-899362 565008
751631 16525
-440825 148932
-755206 723095
113455 -931580
-182764 -756837
653394 -934909
493580 659334
593751 -225350
200958 -940189
895267 -447964
-438062 -680274
538150 908632
-651529 -951610
-718064 -807655
966269 936572
-68751 337190
-542747 60231
589998 334963
-249980 -78745
459098 -721175
-750884 -667092
705225 164398
400198 -364027
-819105 666242
-886705 -716181
-767474 -590421
-9492 623372
123415 5685
625694 -150859
-191592 -228748
78158 -531332
-800491 -388316
-647583 -683443
911179 -980969
-541853 692944
-548576 -765023
927155 535271
962908 697745
-899995 -491985
442066 79506
655010 -544624
-154295 -573679
-37300 725342
433911 375089
262028 82231
667969 156372
608438 550089
-490495 735344
319865 -463320
-162194 -580895
62879 226007
-298625 48731
-140084 670728
16241 -169691
856440 -248007
-831079 90075
-892308 -470471
104474 950559
218930 161407
-445614 -374136
706232 529378
-219572 -75858
819553 -546636
843414 613896
-544489 594817
409121 607382
-170597 -619948
750709 527571
737726 -931772
961131 -5530
-390953 222097
23907 -21595
122154 -151027
183606 -225809
-785120 941079
521428 93119
-207918 10597
-507035 773114
-344253 -332280
479816 -756601
725598 -139013
6504 112118
971636 -39359
-46272 -386288
553407 -54051
423887 226418
73541 -714129
-56634 -571191
183635 463358
372862 261930
337216 39253
180592 -154978
-430380 -894110
957003 36901
-864570 597785
701959 -658044
431826 -684780
-919378 -128299
644194 -163645
-987852 -648227
-973406 -76681
-862675 316972
-574195 -164792
187732 -482765
916680 -230831
-69137 -880293
299372 444756
-285337 -35455
768230 -661417
-251117 -324576
339348 -993781
921035 -939419
352209 322038
-629842 422355
-570955 602090
-222777 346032
390525 686900
34333 -764498
-177159 136632
-707826 144824
-45501 570489
-205053 -958708
-942791 -143418
226836 510138
-409262 634749
553180 -829635
-440385 -54202
-833293 20889
-607345 512548
-368434 721488
849735 -236115
-960751 660403
144801 -955556
-568889 203327
347003 -421078
803559 -886815
793159 -480010
-550799 -452158
-402907 813123
225336 -939210
717487 -365287
955353 654570
-804453 -106833
94857 -188483
625444 448593
824520 -241826
497485 -595326
533270 762418
725507 -393501
693081 752715
-563477 -1954
-157883 224155
-595139 -891420
789232 -585256
-779693 723993
-540926 462108
-526188 116258
16430 147101
151725 -720729
-61943 490876
-141864 -599613
-23728 -861908
8086 -254644
-51050 487227
-655642 -73528
-682107 -443350
-435246 -275442
-835355 -292465
-300262 146146
-849359 -476888
-941292 -52746
-924248 -138808
695987 -882927
695737 -104534
-556366 274081
-129719 -181991
-129662 554239
-248412 -212667
574785 -839649
671947 442568
-357043 -224598
-922708 326405
-838359 -371202
-218081 34583
1160 863343
-11636 -461388
653392 -813818
73114 42235
971277 -687622
-370640 -764928
613836 169434
-232723 -620542
-8020 615015
-401807 108378
897342 -424170
244105 512113
802525 -769901
-834031 -62186
245397 260494
531749 -524688
159947 603786
810259 902081
-832496 -324182
-707042 -354826
-791124 -699629
460126 -245818
-541875 625747
-128519 292544
749196 -714322
-809847 308610
-945107 -425097
513155 288186
-47824 270387
-774135 -10931
-608049 507844
-321085 831146
-568078 718081
747717 -236102
-100928 93202
-677905 -551244
-118186 503246
-218480 529531
868315 -54829
607083 -150544
969239 -32164
150827 925776
-157329 -529736
826308 -773584
-748836 -418647
-934312 358320
-703321 -105223
190733 802178
-544757 -806252
-560929 404719
288673 136603
-569425 822111
558166 956830
752812 -392330
326456 964300
-839745 230501
-759005 841597
617801 224556
61720 467211
-649104 -856732
53704 86827
-332694 705612
-5264 -784037
-522175 313210
230448 356606
997698 373074
-951009 -893139
-799313 346440
523425 843152
378678 90588
-498030 871429
-829235 791534
-123791 120022
19571 -272947
-858743 -833222
982320 311681
-289793 -542809
857774 865081
-183609 -690834
479662 316577
-589572 51904
-527321 362909
-202424 908206
335718 -469371
287191 -987409
-709945 -928486
630158 -755176
248425 -985732
138446 95717
218182 355159
282664 895098
983386 -655995
663542 100321
679806 -174798
695886 284219
-186229 -130572
-260017 186303
909808 -702194
149350 -676394
921921 520253
-253951 -560122
-752175 -135521
-184344 -723134
-112392 -614395
193637 -562147
-337150 -372651
-327222 233896
874052 -271629
-997167 607128
-482509 474741
408407 568129
-240100 -392202
265072 235881
810784 -962963
105189 -66359
81988 642333
303103 341602
-944788 384158
-170887 846190
530651 -616234
-62481 -841590
221037 409992
318395 -865895
634585 -465618
-245093 721302
519426 470002
-885664 77310
574019 25129
-662763 480177
559486 -975899
95403 643880
435692 59525
198517 830980
188216 -885061
-711141 911919
487428 115233
-892891 41358
29787 -734868
347227 -388317
-60812 -456711
949178 -356433
673022 754115
456250 314362
-378925 86007
-321066 -937919
-359993 323380
233077 -294037
658097 -924361
-141717 -466635
-869385 46207
809318 -635248
-228365 -582273
706000 -616544
285146 808324
-784224 -69160
-865274 -419778
-224856 -716226
-344624 763430
-805349 -335580
532996 -142970
344268 -459107
-236479 -478673
278675 86802
528919 -190834
447340 -201354
176722 -275294
701634 318240
-931295 878305
-708794 -642554
4963 761483
-379486 217680
-617447 -584289
-92525 -891528
-21484 -342692
-410325 52974
299997 -859904
-838031 -951214
-335426 406918
530703 195590
-560714 -973418
-261151 147303
-498723 -217465
-322268 565970
206143 -5953
421967 -772663
66810 295318
512081 44641
283434 713212
-349069 809682
472667 -569291
290084 961129
-904131 -855836
102223 587457
-109962 -713165
-942955 -828500
56982 88117
280587 -878706
-659538 -153083
402871 -831924
654579 -730241
-68769 -922930
342630 573167
-384462 18533
223754 -481762
-184920 -366679
849229 -34761
632805 771933
-305922 -300327
-710921 -911440
477153 -419572
811785 395765
-227436 -232414
273374 893481
-592066 -116262
410879 444167
-20981 859678
6386 12026
385578 -960297
-505033 -295495
-900391 -818578
-889709 -387728
-762183 680289
-485749 308185
515915 717629
976660 182958
-254951 -784349
-79877 404467
610073 -568886
730572 490368
-814589 857500
-515525 -123835
-931062 -779181
-831034 674400
-915409 868421
-552650 -28813
83146 252744
-187631 -967469
-97519 886716
-60210 -115234
-506259 -307146
-389775 185675
-11749 -187632
-102289 -893128
-944590 -928630
-635771 771814
-881047 432165
-831204 -688887
-804239 477796
524608 -535569
688253 280094
-592415 622473
-82007 -580589
88049 74126
-617526 -970314
833808 108537
-32398 -665369
581472 -429930
744006 -630229
698852 970818
-159788 -993238
66294 200802
893406 801210
-280193 -269869
201452 -679172
-689211 318579
-282101 445397
-27678 651889
610889 990817
-775778 -181724
887147 -153311
-143326 -979929
-106074 767777
116544 -341831
-578290 -174282
-123955 -870000
276613 429578
-751206 -804451
-216718 -805411
740283 -55377
-74317 441696
-300494 -225412
-193954 994758
614396 -385219
534719 -326343
970959 -720215
-21022 207766
945195 -33046
701399 266437
131391 -770022
-364130 -926065
-717081 559089
546253 255989
-676772 586827
140818 209220
664028 -487981
-25792 63737
-780677 -469671
326585 450898
-388153 -971841
312074 2201
-738498 118558
-935897 548818
56594 -712480
618756 -864558
38179 512446
407490 -493774
6019 953156
-190143 845911
-217291 483543
-252077 173487
174305 528881
390795 -686809
509839 -62271
903603 -698781
-928412 143935
-506593 -656702
-626474 134819
613395 -824243
656322 869746
-289460 630749
-585351 -597107
-583093 -882748
32188 -140232
-411902 -15562
-453227 -865426
447476 565335
279265 -862824
784450 -326503
-250691 266358
-369861 319575
-179745 246428
-174771 -7359
-790192 445945
-181538 856999
56049 -216760
668999 -774047
797702 774335
-5523 384392
-242131 53877
844491 -231867
-878817 -677000
657694 333668
550257 942223
-696962 573216
-562738 934021
200005 -770471
-266231 -305122
43447 239996
974661 438249
915340 863847
-488744 821560
766907 -444356
791277 -96694
550760 -369366
-310172 -476057
-987068 5810
-151304 -458248
-946910 497289
318613 -53986
870226 783687
-795771 714830
-573436 -57482
284310 505793
-381923 161482
-964335 569330
52351 530764
-217036 794343
859619 532654
907647 -115607
-253524 219860
-368386 694252
876848 276073
969413 552369
107947 870944
622067 -135576
376223 -806561
-217862 -933795
-873411 831710
-245267 -910995
683911 209355
646912 -108985
-811659 -752512
966198 -424629
-44540 -465186
249749 244064
-801301 -692002
-331459 971627
-201270 -645161
-656903 -862084
464935 541390
-55134 -186529
481532 -858639
561071 675989
-952767 -657760
-445578 -584719
-401433 -602686
546386 214588
-598909 -496295
657162 694942
480718 -381781
-556694 -239193
-301644 563657
-436679 -756643
-11065 330742
677620 -4795
-713411 506308
-186561 -710862
984393 -896009
-199913 553076
816776 -577797
-500104 859014
333658 -456960
-631459 328789
-741201 403277
-332663 144462
-849735 466012
239089 566927
860811 -794472
-932315 -207888
-226977 800290
913450 -675125
403881 142783
-900368 808359
846282 -263093
-171756 -981219
874600 521677
-473853 52992
975915 -343612
-38697 597203
116951 -118074
-542059 -683421
-465155 821762
-576487 -211542
-656949 -588584
925943 -170130
439691 797396
-437416 -559558
861569 443740
-425549 78416
-168357 -975063
-4398 -873908
117352 952826
-83312 -931838
182459 -246925
-909882 -402905
-873220 -570337
-706579 180826
-419315 857377
792909 -466459
326986 885080
-179884 465902
528922 -187510
692804 -870494
-252030 -605724
-488845 -487779
-260688 888012
570839 942566
-750008 159605
-756952 -86451
-230123 -606188
-990756 -81410
-282742 294755
-730618 -388822
-170634 -582985
392155 415954
849429 669319
756895 915784
-333676 387394
-237804 434472
-501343 276786
-741125 -335271
306221 866639
-112269 405862
-876907 143971
-670909 814258
142624 266858
633722 -126429
-8226 403499
-921884 476765
-337162 -620357
-902757 983600
-761410 886343
-304419 963669
-228188 -142107
93593 -913523
358480 454691
-801173 -496898
-991725 831719
-939175 -481330
-292293 -158677
-244274 -485606
-171631 -69944
588626 -184336
914177 -685524
532267 631799
-476527 676746
-976948 239678
-316381 -183521
-938678 -693723
-21535 214392
292252 337181
-116954 -763056
-528287 -379478
505233 836591
816278 690202
-363800 645102
-726512 -396033
659824 658417
-796797 -587761
-578643 612070
160131 -452027
532765 34652
-959555 -645174
897962 783089
-852687 -615791
-504508 -783449
859401 -877873
783217 -839867
557377 897158
927458 -898176
886633 92067
557753 -511987
923467 -467377
-821900 609399
-360096 -796651
-627661 551930
157089 -253475
-126821 -65335
171504 -981
684072 272828
-413386 -485
648935 -843408
-854195 -276046
55148 -167147
-891725 -335413
706057 -629340
887795 -224300
-698521 -940643
290750 121280
900696 -566883
713929 -84381
-277498 -493814
-242959 -409761
-548422 757157
-510528 -274837
303926 370080
-185696 -380910
-134664 945493
869877 -297936
-568511 761811
375310 168787
-891258 -988717
-977041 -174742
-72574 507570
837181 703691
718332 -135346
574738 -696881
-217150 -801133
498541 -967403
-307586 867857
203932 -956257
-242244 -360756
274864 -457197
598929 200751
-163531 -936809
-389736 756450
742866 -501734
319454 -259938
763724 -82929
-774715 -875299
734764 -860981
719572 -756961
825532 -643678
957035 -982925
-230343 554388
364585 839882
-805155 -632806
767812 634172
-986098 352578
926288 -863769
-660579 -85018
687779 273032
570406 717897
705881 -589395
-916719 -513874
687655 213099
-105718 -534464
312728 881721
-313529 -925427
88684 340228
605148 -804281
676292 -38706
263727 741840
-902143 -898425
332337 235709
-811185 -8361
760883 583938
-112644 624538
-799940 -47328
-820332 827923
-825455 393924
827122 -290603
-220689 -153618
522636 162082
-968509 -909769
46963 -886572
809096 341350
566484 445439
-910568 833564
527627 -351779
-572815 -808186
-845348 -696123
-666421 37974
41823 465894
-848085 551197
387097 669298
-409069 547438
-819619 -671174
-946877 252149
-891372 -986966
-586994 176745
-91357 48100
313589 -348406
-518006 759100
203597 873185
376690 644993
-446283 309332
656986 887672
295900 200877
-66783 32168
-316321 -732663
-118498 162851
145581 236716
-446228 -376633
-408755 -1006
161274 -401289
-155962 842768
870810 67596
-645769 -129896
-451777 441568
412128 -279068
-377197 -807040
-742797 893290
-988542 -431774
279836 37019
931817 764870
20941 -767700
506246 -272389
-501316 231807
-347476 -266443
-110921 -714910
-459405 -652144
895478 -132382
266776 -920660
242372 123731
-372429 661178
191556 -203841
601995 819365
-694590 340051
247387 442769
547965 774995
295748 593189
311053 -650827
-430687 344001
-674585 605339
-858249 138798
-810816 -318687
728832 -299209
2932 246325
887526 331640
-342263 -830949
281943 -877184
-293663 -276976
-427372 68725
-122748 -782556
-690938 179960
-211313 446724
-919244 887540
-335349 -202463
-512882 629487
676896 103407
943227 531188
-628224 846767
491961 -243917
595584 -814266
322556 -670653
-621122 -883974
-334916 -335350
-838154 -365390
-445993 374743
-866199 -416524
-978125 431122
-588860 -929940
-354789 -932173
287939 -474799
-646598 -294702
-148711 656868
907209 -58834
-398313 -444846
423617 854006
42458 -473574
369398 757023
-686480 -712735
-47315 208569
-339097 -469302
-268536 -187514
-811871 359434
-941524 -672236
924598 883548
-735150 -807163
-447673 -210401
163132 -489937
774682 155831
891818 193054
876824 543976
-236860 653891
192362 228419
534793 629971
353488 690318
206682 821145
953293 -868466
-582973 -691712
-536275 -846357
-415910 -759627
822515 873404
440486 -555186
-9985 687033
-997179 -116011
907707 -41984
-914407 -2551
-689629 -962187
-158962 480138
-25279 342833
988069 86972
-816887 -539325
-242271 995308
960267 997827
-59431 -239163
184170 173964
254686 -982511
520432 31066
465254 -497300
-336366 808389
-400145 292302
-231142 294954
152659 -677765
684611 740915
-186675 -334843
797634 -401865
781188 995094
182246 351014
-963537 34731
-542396 -816248
222497 100012
852877 393637
603742 -754608
-998947 -820648
418566 851093
476091 -112255
-932215 -300138
469716 -762614
554700 537287
294415 232521
-806586 826594
-943203 727106
223411 37018
854272 26932
321905 -754862
-632489 -646409
922066 848792
656550 -892842
-36669 181122
-746620 -997514
279896 -357530
-348392 131244
-585016 885381
-453606 447270
-737083 -928525
277301 -723902
-824255 -201161
497955 -323232
544663 159618
-23504 -619600
963201 -585429
-452950 -281928
216293 -297499
-573526 -251344
-669586 564748
400442 72868
734020 -272382
-213908 466567
261897 -652079
540453 762581
-630014 101039
-312901 -169302
-236723 393982
751121 75225
302127 -392276
-291596 -368601
626978 -547624
-828224 -487687
-898898 -928247
-592564 -879539
-622941 731039
516461 -636005
611090 -542885
-39829 -792620
173473 490453
-178310 917617
437680 -15814
438099 128018
-628394 94113
-305712 344410
-924984 -688855
221676 545659
-285844 -232506
960200 271276
671408 -944203
-780141 52487
680136 703535
-64555 -482332
-926546 969174
723615 583337
619127 700263
749405 839102
-942319 -983785
-263502 558302
411356 941837
-186346 998936
-110441 893174
484810 313214
83987 192426
794337 -206029
748752 -891931
206203 -880686
441392 870392
978693 809062
665636 -589802
-516487 -628549
-622736 641078
-538887 951353
672683 47994
962501 170340
-894990 132367
389555 654363
-9303 -548850
162321 -969897
767872 331045
841184 937392
134353 357587
-947052 -142918
16647 -806637
83191 14786
643529 655882
881723 -796029
880776 -682221
805213 812967
-47555 -268132
-191792 607559
-561119 -563147
-348311 968355
435257 -899783
347927 -981093
744005 257382
-691005 -89198
761904 -125070
-530923 21725
-449996 136675
-371368 -102100
-166130 107833
777561 335136
-730672 -2525
-102839 -301554
-477781 -434086
725496 593093
318099 -741572
719428 148165
566541 311669
229716 210212
-20423 643328
-370739 728334
-826840 2617
938515 -289819
493640 -785132
504707 487622
-732242 -270452
-31676 329694
757384 649418
-803776 -482058
948832 -112126
72630 -788279
-442123 -514258
968656 -763590
679231 -440904
-282713 -162825
-11242 -61775
-873653 967219
-347780 138510
-178006 -709244
-81165 480018
317217 -37881
196581 -448377
-963645 -6715
-491322 233964
-88188 38959
-907680 515400
-492285 862597
101713 788801
-75455 -440404
269837 -978107
755504 -525516
-349298 503704
948607 -785314
-267523 266262
-193131 116827
-908079 -269681
-228332 -795512
-117657 -955558
-877202 404920
-102605 124712
565394 23023
274004 122968
46614 76293
618044 -151772
495299 517365
471464 122741
990327 657035
442054 -909878
-247995 852123
853438 217372
261711 591217
-290148 458760
-412955 366154
-779382 839251
-558386 809254
-619430 336011
-787026 -795178
909960 856174
426509 -979621
-155422 -785321
-694377 186002
436170 146959
785087 416687
-590506 -763806
-833855 101665
840949 68883
690793 -40747
58906 -843128
830436 -704528
206715 -389528
-369690 -731925
-997251 -36802
183711 860067
-868997 -753842
-451835 930372
286552 -292264
699230 -423782
550640 241630
-775648 -800396
466781 681384
-344543 -836731
-115305 -361130
974670 315069
-846348 195147
438210 889970
536173 -679274
187470 430580
-120623 -109608
257319 -661381
250124 72064
976648 -413709
982483 -162236
633207 816635
631310 977612
-673231 15221
95408 20592
-809430 -612038
580430 987853
460930 -574531
-376753 -237066
-369280 270434
69843 -278537
-936637 419540
-483304 -672803
753824 -34731
101317 -774891
557839 204531
-427957 826406
-569503 22264
893572 -541331
898316 -851909
288072 733861
-535404 -938939
-94500 500270
48098 -888851
753263 581968
412927 -642964
557997 -166697
-540211 -36303
220484 -111277
290992 -810949
-79757 436697
694830 -324958
247763 -232871
-345754 -924641
-862223 -687802
407509 -212426
376779 391949
-358774 598697
188278 481124
-683142 464749
221003 409251
-316750 132330
612418 -303591
796808 600119
975656 203288
-698810 86624
33115 -622735
485797 -395610
308353 -788896
-655389 497733
250335 -696247
-293086 656480
-166172 -351447
-388426 -786577
-888382 885131
-463409 184214
-933442 -761252
682328 302639
685062 -206353
800338 -762510
-156462 269224
-237312 733339
-888786 -276866
739002 766203
915379 -970098
723775 315455
456887 -446467
682206 597193
475934 -446943
-59185 398133
436893 -674789
-520089 -587842
394911 331685
824197 626065
476342 -246028
-555419 381025
165888 -18257
-763280 533352
923645 30722
568654 -277136
-613606 491587
-451480 770300
420730 920773
184153 844736
-863396 -927366
-614283 -534231
-881284 28564
558893 -795587
-540205 -962414
138181 -698943
431976 -178243
384463 -51202
248465 -670410
-445019 350879
448633 -859193
894226 659631
924001 -725391
-478633 312622
-709349 -150616
-181844 736996
624451 145198
19401 537618
739193 -631027
-482953 -700007
-969115 782409
379101 -212505
394135 -89060
50998 219611
215031 -144089
98884 -557845
372292 -652106
-976300 718518
-251095 -604585
-796031 -284250
-532487 -386562
-57424 956464
652803 135652
316347 -237475
312118 828127
-10295 -424198
876859 147586
869843 -799511
-243019 -722789
463345 -773712
405384 558882
446168 378290
665508 85384
-747803 510436
413621 103584
-383364 -379068
618659 -769543
173360 -888552
600740 -751777
27389 -768388
-750084 931126
39147 636412
786027 -778467
-224656 79944
450724 740579
714837 -728799
151957 -671011
-483921 457401
-973551 -506103
608636 -119162
862591 753047
197053 -614146
629339 518436
-916206 -971954
767337 132691
-109189 250761
-950684 640217
721410 -307995
-639013 212256
-937645 143023
-901764 -494729
-173265 180994
414861 -461916
-683755 75409
-746951 881150
-948547 657894
-929782 -365014
303206 -609231
-156397 -344541
-620348 -460044
621934 -767757
518145 -512560
-197698 665950
496540 -760385
531902 -503606
-986440 -816138
188956 -616708
-538514 220738
-574106 757957
-517349 -984557
992773 357978
397351 98218
987848 -843629
-191423 757943
659596 70394
868257 269653
-805440 -857301
-127782 -890291
-596201 885959
-507664 -181901
222296 387641
-743925 896409
-178913 -978118
766872 30992
362516 18042
41268 -395652
-154351 42085
919015 791725
-607336 -686992
370986 -45726
-334662 119087
191678 316759
159584 -888544
-779219 109800
-239479 -608815
354853 981119
-213358 422683
-576243 -80835
-855637 -239663
-663962 463653
561470 900170
-80771 -968807
348759 279414
-124906 -156912
-367923 -913853
492571 -548302
475667 -615596
-776278 840783
373216 -965109
-447914 713326
-843983 -394626
147608 -6793
-668355 67113
545916 -213850
604976 501830
-681598 868929
-641510 -270424
196549 -670643
-850633 741382
-675161 805881
-842903 -916091
265777 -916172
-876302 757909
438273 807812
-491032 -475534
-107863 44065
-842133 -817086
34386 -716261
-706958 170258
-498539 -307961
-639232 663126
-579035 608457
352154 -727007
935224 829212
712528 548277
93875 563109
212264 825373
-804216 884195
527447 -327867
-260096 20037
-434270 -119765
465035 -288744
538211 175279
471137 -451811
-374039 -290879
-507308 844731
40633 -203426
-155929 274162
-985504 40673
147391 -556742
52880 402077
-596784 -409387
-687480 -761848
160274 189907
-218862 847451
-317611 120286
922426 -383418
323784 -902046
-377790 761856
699497 -540504
-992724 505478
-612512 -685935
43920 -29741
-309711 -372357
-601446 45705
-188933 947491
470007 44461
752227 120103
-864246 -200022
-288023 -474735
291502 213289
778961 264740
427384 -243944
-342531 386110
-29343 757471
430986 586636
-642961 886991
-227121 970326
-523861 -633912
92799 724501
-585296 -98949
-523878 361831
-784138 595271
-941829 88271
-70269 -970525
465542 697797
45724 571326
-113868 -863811
-992191 -447962
-475305 -111424
-993333 -985762
-78955 301126
-988031 -54649
-297552 992949
103743 -558146
557463 902377
456973 -375363
-964395 507202
759670 -634125
-954979 191819
-857314 -540546
297149 -757264
-4645 -179260
482533 268229
-134565 7152
938879 531086
-43951 -398024
185047 945197
-22303 -646568
903004 312209
604621 -377872
-650250 -51201
-619850 916451
-638919 -848214
280467 43201
-297514 895743
-941955 526459
852324 -622417
851604 632100
-846938 -881038
-612935 447651
-540457 -775744
246445 984635
-927646 -460207
42264 617730
-10907 -51898
-163519 147499
-930025 -190685
403613 650658
975075 670607
-342592 974781
-164006 100607
-777407 164701
-433677 -873269
-876891 299148
-444495 339244
439631 -790632
-691082 -113820
714292 -507682
-357291 -467705
-483290 26405
530277 -580327
-941330 907412
-374417 -524128
-63389 527310
357943 -999650
425736 765003
640034 -7256
46301 -97020
572603 462845
-972655 745376
201479 55796
-568086 -770254
358184 414630
824596 -164568
-899666 617637
-82858 351445
638196 -103754
-923032 -396907
-575686 384955
621150 280599
-426464 110258
-388602 -931771
-445670 -517098
528109 -574885
264201 661470
40686 899299
866590 -533581
-429658 -700706
741592 -789770
-913156 -908212
182444 429831
323216 -514821
370861 -131636
-288148 -650922
929265 -643277
-622855 423767
-680480 -951736
-824782 -755633
931645 49032
307836 249795
-227360 819580
955791 444365
-999418 561379
-269136 728456
-365103 408837
-811970 943057
817650 530227
-121350 99934
748375 237945
-124823 770519
951435 49068
-927410 476745
354102 650148
126844 -40855
389888 468549
974554 783055
-695590 951763
67124 -418007
-324658 -117424
175078 855468
-300668 -825848
-696632 -726708
-460802 5820
-644979 991245
406436 -751977
-955848 390411
-444587 -552935
533444 466934
263908 615938
-214662 -409118
147512 763752
121959 841381
968763 101701
-632975 -458823
-487949 -872685
27282 293261
-802288 -328878
406598 969019
-271668 415996
-792761 433278
-721549 637337
-329949 -581170
-37677 -620597
826460 -307378
530071 -365788
-474901 -234816
90794 -8614
-404868 732001
167391 -176705
-171147 -850003
620924 691170
-151975 942653
896932 -994842
-151848 -64043
-261938 -685920
479813 53431
181935 313622
-691379 706787
178213 180805
-780371 192688
213624 -513449
-361334 -584979
-775932 85185
-304687 -120057
666638 -57317
234752 -645281
-852668 -299225
-181058 944776
435107 687252
-444886 233331
-34657 -129695
-71254 175408
87392 -753340
385327 628383
-754850 -122021
-918087 -271409
-406582 62959
-60786 279436
597994 -116516
-572927 918599
248871 -482201
-55621 -51203
628133 -590893
533832 996309
-369472 -182098
989510 -119192
-928812 371446
810329 -470486
-472216 -409073
688157 -314197
10410 -372964
-917820 -553335
405543 -792820
-603097 -868912
419371 -321622
22380 360401
-740414 389176
-670253 979843
292735 -677213
610761 -504116
-332289 147279
-550192 36445
-879296 -823998
872355 35845
661295 -799858
658536 -669449
-594664 -512756
-601268 163497
-580796 -537516
364652 -912898
-309034 12069
334000 404267
-126207 961133
165282 193709
-490273 208449
-988986 741938
206334 291426
-615452 209222
-651911 309977
434821 -299838
958319 -437370
-954245 -976695
29472 261824
610931 436793
-838758 434543
964995 -576656
-315477 -918819
591611 674550
-911354 866259
897571 -493613
513442 -566503
238693 -621930
-751361 -601322
-624867 -466354
-836039 -839654
-881896 -578096
-515915 101229
319958 -590218
275015 -594171
12099 348742
-738235 -108252
-452135 -208518
782052 185575
763878 -117288
684214 445270
793671 909773
741689 579791
-12622 547329
-315465 -436730
860858 772300
-28857 -765621
875445 174869
213351 -232312
-151181 -831339
-481135 -389851
191152 -906151
897450 -790144
-567271 570596
163585 759642
-204690 -776668
-326141 842389
186723 160661
-712005 -128779
-118253 -502110
-57311 249604
614280 918203
-696250 -54710
-243791 226613
-552568 78371
-904524 917635
937704 232328
-235999 345130
-423775 -955335
-539650 -748786
-396443 803497
246106 463791
-902371 188802
1540 -382845
-821849 -14720
-591304 445738
-215093 895649
380569 -172485
142450 -692618
-482036 -757940
-28370 -883840
-910250 -727053
542429 -468855
-950340 505758
-663154 213985
560195 685838
842914 907803
-199978 -693269
142267 157993
271331 -71864
743827 -426052
-275842 854508
822181 -506785
-737792 -952924
613596 934397
400635 -990028
526121 898898
264607 -254114
-304470 -773324
931110 819198
473150 42230
-960033 -420350
62562 119495
-206541 155746
-551751 312579
615639 440516
-302577 -992699
167161 -265361
356009 -215699
190089 -575632
340081 -922188
-870859 432132
-171578 370521
-62148 993100
840116 522517
-638824 537832
939409 -459459
-155990 781925
-385957 732084
-960179 -640642
347224 901027
-127291 636992
-674701 -462617
783171 -503841
-867778 -335051
-901568 -121892
668951 -257061
4191 53177
-767562 -775664
34583 -4323
-540755 244934
658521 -252798
4789 129916
434734 358696
-443808 861705
-400677 -663005
2230 -212821
-576996 748485
-20118 -989247
85684 236778
-968700 -83985
321467 29621
-777707 -924912
-715443 408254
-779890 610621
879106 939175
-162162 -555381
313855 -208437
-678470 849809
702248 922224
124144 -184581
873835 509000
-196411 319599
-54195 908161
585071 -348846
-394647 151138
576030 -977829
-195500 328661
-781417 99623
851904 -379158
977838 -755615
430855 434964
-716667 -10999
221002 -217670
944126 763063
-306407 -147301
-589332 104778
-775309 588185
-790096 -525995
56616 920167
121196 -50765
439211 -763459
-593438 336534
-641426 471476
-459249 520702
-434534 525083
206723 -615784
-466086 -985653
-377808 935476
-647690 409372
-981523 -338125
132867 277326
325869 -500258
-586360 149453
-659754 427759
-460822 622967
689838 -839126
425394 609995
243371 361419
-169909 545173
953903 454678
246515 8302
325984 -874651
451896 -60978
340024 -76047
-282102 46598
177823 546333
973653 -579518
-554347 520530
-392960 -553547
859525 853137
-239614 817231
-619470 95685
696131 -843424
846508 -480001
360517 308584
166638 390314
-719031 75827
-497542 978432
293823 991849
-789406 360616
321898 882532
-28701 -638062
228656 67903
534486 512714
-138743 765323
-486611 -10263
-222215 565485
460948 -624621
-78515 446906
-640188 -85480
-364637 587604
-983960 733681
-165314 -277332
710501 -959192
278230 -848619
-905208 667082
-551462 457427
894771 -590016
355704 971263
-121404 43724
308303 -44343
969884 -282898
173924 -860991
-325491 808721
-623495 356822
368418 -81043
-287208 740993
-300990 278958
-616557 -557559
-252885 136150
482026 43602
617074 787714
-357 -697158
-495415 -581978
42044 -745499
990818 -490502
923259 871714
380547 -458417
-134018 676449
954632 -478059
-586861 345166
692822 658254
348499 -526752
720277 124712
957730 -843598
759478 -334091
362054 -815101
401741 -91269
-302090 954668
736396 -259288
632107 480067
-540046 109249
-633114 23500
-87475 975498
-506326 -922713
-442764 -114224
730297 726339
-99494 576936
-531107 877424
178472 63820
-366165 -735814
-631251 -192194
-763149 458443
142148 350807
339895 -600796
-302492 657508
-214889 -422026
442587 840784
668830 666170
541443 767985
-890356 150977
415664 883628
786259 899419
-264168 -889652
-95732 -752612
261205 134409
-903257 54277
-857518 -243424
178899 875070
-695327 -678855
994437 606212
-835383 -842064
994061 389606
-573587 51640
348549 815374
121659 -678168
4479 362553
-946035 -42291
796500 205819
87177 467013
663015 889038
400516 -142419
-488463 -347758
558729 -613562
483684 -282831
-776974 736127
830012 892407
243646 610493
-459648 -37882
214115 -993026
-451428 -153436
-420730 687342
-808992 -514224
184849 635782
631093 506072
769489 680498
451979 -988678
376047 422430
324707 376519
285997 -102325
-871923 -944808
22623 953877
819808 -43255
-326594 128592
738653 -374875
-289038 781734
-329999 -230174
598055 -250644
336021 828133
-431815 -903962
441792 -22553
-130030 164299
635025 77615
-56713 846693
180236 -247893
872170 -323274
-447091 981952
-551431 -997212
-141865 -962479
-75279 985065
174327 46729
-703873 -262502
-954445 698692
-341380 -659155
-815127 799361
456316 444011
-975536 192626
591906 435573
-265108 -881367
-396030 -844760
-688682 -177156
692540 856982
878699 184998
-397956 193568
871349 520858
220500 331265
-88172 345330
513212 -262181
67443 -451122
-962372 -366693
-126230 455157
955593 817823
-316775 252648
805880 -737844
262216 677716
-959740 -446684
736993 445410
-75880 57810
853142 -148497
673132 700623
115996 -468230
-863257 240999
-954806 905772
288293 770576
-221563 -219117
-71174 -272270
-620794 71898
245776 -89289
-164523 -722856
-405104 129121
287077 414977
-317406 126584
40313 -741308
679077 216608
-448784 -47530
567861 -56481
-677502 762933
34806 -641444
30928 -653671
616260 -994528
400259 881363
681565 370945
471621 379683
-622887 171824
-355531 126550
-450740 -133663
711344 -330510
133735 977836
-281176 660870
921036 -555814
815538 295117
415946 -992299
399740 383622
566134 -862229
51634 -15830
-204424 -844533
-874240 -925818
252862 -445302
134154 -254283
351736 -22233
959951 -873140
654789 -83688
-204059 512946
-61089 -573910
-380491 152566
-811915 -521274
533373 -155708
-200201 -182346
501808 941624
544065 -671614
-693612 90343
727637 -677697
-501868 636065
373698 -440876
283744 -537414
576151 539191
688150 -102240
798494 -816047
8154 880189
-381368 270980
623319 -114829
674731 -668807
-704698 834515
889869 -900375
-516192 -577602
51375 -148375
162235 802295
-165674 119492
573934 456589
135268 -442377
-533768 554812
-142412 -235257
974941 214426
-336434 -730827
566333 -754733
-719950 -486932
-990004 -199232
-468817 890050
-287647 47834
-464819 -305767
465085 654502
-734175 -283618
-338114 657884
780646 154116
-848951 -514076
326843 475061
-269563 -195596
-893507 -345699
270016 -599472
855005 -792681
578325 -215323
-57348 -465953
-598602 -696781
481713 113184
-111922 7821
-625986 948109
676049 785454
-80124 279321
338777 525143
113099 -390654
-924954 -238543
-131414 -648049
245427 324554
348278 -716291
-798633 472188
-856482 -651971
-66032 858748
709363 -427010
-846172 757485
-260437 978242
-184413 16263
975175 -531997
566496 -236979
236677 974812
-461232 -987385
406630 -514910
-865243 767252
717327 733164
539442 -193502
-670863 -18309
604180 266581
-123080 -274086
-171475 869672
580309 861414
-97118 543233
287754 10045
840577 744427
-36426 -542952
379848 -85696
215820 895557
541964 466854
392614 148008
103630 81597
315237 -800097
725299 908140
341825 -11135
-111480 540766
786403 -222282
456865 660512
873545 654337
646034 896236
886241 -530747
-614611 324094
210536 -524004
365886 471985
-556266 820591
-18602 605384
670192 688671
-919898 -307861
169811 -738208
565378 453556
-873804 652507
-206804 960043
-348025 -453893
-402009 309773
-356763 672520
650175 -331391
918710 -35994
854195 -338780
395919 836174
-905207 -113427
-860346 18105
-658228 207620
-872125 -165661
-675942 494125
-521265 295121
672860 334584
814066 -476732
424833 152824
-170845 -245907
339502 -813597
799064 659520
-316876 -968196
525621 -709688
436063 -622624
-651627 636203
713962 295536
-990560 -463344
267433 559768
443151 630495
313068 -452257
-141861 738764
257973 747426
-298640 62445
-825648 453352
610865 412563
596950 933587
-756589 160102
-617492 -117050
-333519 -188337
-364777 249253
-530964 639097
798595 36690
816124 940889
-543112 337632
-495449 364274
413212 -189399
411303 -639529
-203422 862954
-236956 270286
-632117 244005
529331 -27278
-533050 26293
-799126 243747
907432 887554
107589 55132
264229 818637
-450651 -111261
-638297 -164716
-910405 131717
344297 -354874
-244107 680177
-746633 -39616
-346997 552820
777215 743734
-318404 -817895
-878925 165837
-859399 173183
43267 381027
715951 514429
31352 -434651
428247 -46088
453386 -672972
927155 -13014
813885 457223
457657 -529406
-189642 -223030
-968207 903105
32571 983515
545019 632719
266317 -887171
124641 273859
951749 -534003
