5000
303629 273573
-504074 -505663
-973863 -442084
-860778 856025
890893 695560
-776787 -445402
-803966 -513341
5817 -631995
-318077 685008
-409596 -134967
212708 -871369
661861 -470560
876248 -581720
787458 -121998
859296 16482
408241 472678
-119155 -704332
891193 -971575
-701918 -702937
-662172 292456
135170 -318671
111663 783683
-756757 698550
-893998 -511272
613326 910515
-698190 -139045
-913719 -661622
-881543 863145
582028 695484
-143321 908265
-612489 106598
-566339 -749986
-622345 -380262
-806958 -606641
-555190 63245
-713890 25258
854484 -691754
-690642 222478
929181 16748
595223 894958
567676 376849
-611231 372709
-783818 186813
-415996 855321
-62798 522788
889974 161510
561395 989393
-969576 21312
178391 -167575
623361 -489786
-807036 251441
-936507 -123496
41526 751402
-625247 -838689
-303176 302012
487469 939983
-713869 342207
-927579 -9784
-193736 -164193
586275 716875
936211 -243408
457043 -272737
975306 241441
-933880 144128
-557786 -151667
-972856 -864271
231619 54724
-826818 -145442
-837831 -121206
667498 186610
-362982 -292109
439791 443899
316444 -393915
324848 -53784
-169460 219958
-622079 -341103
-492070 -884828
58788 684729
-240007 331013
-732048 -586627
19297 -788098
-720467 -691887
308140 353166
14904 724031
135944 927068
-671577 310987
-626535 340681
851391 -774366
486189 -727357
727690 420700
-477192 -284105
-172150 -170394
-754451 653253
339662 412703
714957 946303
626379 655188
683476 -854888
-978130 -666130
-703994 -459033
-750047 671410
-613399 24531
710944 -816161
-480797 -523768
853643 -32703
-811910 891410
-344207 163978
139621 -905836
911647 -85153
211505 276358
-661316 232429
918718 -187875
-207873 -207351
-616877 221646
803456 245912
-530596 930191
706496 360141
977977 428440
-212737 -568639
50345 -920805
-87489 618495
607224 -5495
162258 526733
589825 -892097
749560 453264
959825 -711242
254652 872390
-59930 -136803
371458 881438
-729155 19161
512801 -340940
909494 -679244
155831 147637
-737309 679999
-211251 -450155
-339524 -616758
-326450 919153
713651 -141645
611638 -34283
392086 -913422
-949394 189889
-658234 45524
252290 -129690
400087 929736
-595329 -980705
-152584 -780926
-65992 286158
-562802 -525059
230349 -952181
-709562 -726339
-138235 127339
127666 -379227
298949 -919501
-827336 998768
-519051 -347645
371024 -748855
716278 -855475
-262605 338418
78491 860995
-994462 -790506
656970 -616415
-371227 11348
568604 407042
-655893 784222
379047 -884973
810909 -534861
-734816 959858
-688027 414405
519983 158819
-852169 -561290
-61357 770496
689789 840081
559806 520650
-728522 -622226
774809 -175923
758494 -179245
-847025 -236367
-541334 168211
-694831 95770
-229238 -247271
-389015 -68402
477557 607148
-322171 19554
480887 -22639
711212 904921
-834267 62164
788082 -336244
417058 -914736
889361 755334
612931 -165837
167341 399236
-985369 201183
806910 -95061
494757 -946028
-617445 242437
834202 722294
-454507 -679436
949848 137998
77456 -535358
296008 -345503
853269 45236
886260 617298
-583186 120637
54898 179166
-541188 203221
592849 535604
331870 627747
645323 922759
990594 666330
957305 -885470
824870 275597
934273 -991063
797128 -943618
-297536 464899
476367 851247
618665 -688848
-846540 373416
-835206 -578054
536508 108863
577146 -891180
-28320 -397575
644996 -855186
-604758 320096
-229791 141243
-988958 511291
249821 -985014
-711405 -94959
871970 890605
469254 -83344
538378 173787
871133 589889
132423 143602
640701 -211344
-95906 354796
-980157 696771
835026 -484732
-228243 -625255
-936898 -221663
-364856 924980
60689 548508
244077 725806
-465017 706355
427121 -163840
962980 -257677
377011 -676672
-378974 312618
-642896 398960
-162204 -553220
-230047 -133695
966888 -121333
446846 521116
-258956 -226521
371622 446404
785234 -365203
-217763 -407621
513600 789653
720125 771016
251281 134700
194960 782992
330558 893551
-164077 -766778
-843557 80909
804113 289364
-105899 63584
-5561 -259209
-756179 63213
105249 -523792
-330645 -899008
890015 -119506
-483359 817467
-341615 -98931
339500 375324
-874330 18250
397823 -991965
674722 -548067
565862 -161627
-64051 706945
-623337 883860
910738 -63411
-937096 98699
-262330 -422134
-474243 631086
-88997 -564236
-349327 -524029
-685782 -281744
-760157 291861
-971566 547820
-463477 -418492
455410 11645
502960 -663242
-116090 789006
856497 -379713
-969427 -40309
-318908 -79806
-834650 -814906
214328 28267
74959 907727
831328 -666721
-534507 324401
-992999 610751
-890486 604009
872101 -642969
-566799 763291
234953 -690885
686082 997581
675499 -684467
-61907 747954
22844 -96625
792726 296055
279524 -574980
-666513 851532
546459 316433
-237991 -549555
696146 518881
-1848 -143273
323605 -139498
704926 612267
-57729 704548
576512 -178130
-529536 -880981
-972319 -393888
96590 -434296
-788621 489411
-958648 383142
-699019 538349
-692129 735097
883449 -612189
-587023 -246702
753618 20269
139959 -368156
-928974 965010
-11911 791264
-140796 -595459
489544 -869264
-946629 -409153
-48088 -998686
-409081 -256298
-993998 498549
985587 -685249
219484 -744664
468641 -376499
-457441 -583080
407215 -520067
-414166 -961265
212914 -463285
-549142 225128
909042 20690
389312 365055
-608846 407377
-493088 274455
378607 384498
273141 261894
-899191 -144440
947955 -967642
-87958 -706468
-187488 -485120
974620 321
-11586 -788927
-959468 431943
-992032 67925
190719 79198
-374042 -671654
-455902 -920450
-716520 756956
136524 674219
-829762 19951
-913512 -317484
-425508 -941599
-773866 391678
-931200 911220
972636 988303
404789 828090
69319 942952
-99227 -237764
24933 -514869
-864916 570551
682953 645773
-826348 -508518
149397 -306021
884237 -529329
-571397 177231
-889391 -29427
-206419 756663
497685 341531
698130 121733
-612271 262874
-937249 622846
-357895 798212
-465402 -992319
-217686 -729018
874643 945153
-736454 776018
332470 568987
-878395 -668362
-784011 42581
766289 604325
-905343 -433
-296722 95851
593582 -869641
655361 603336
-610071 148093
-20259 782604
13018 801531
749780 948979
-464039 -644165
-756057 -861595
773130 111171
-65951 -789918
-696635 -745063
-293601 99869
-833343 -244523
-520245 -658509
211549 585656
-684897 -118590
141297 -783557
-575234 21881
-744576 170827
498346 358972
-229836 -832773
586216 864042
-96888 -175219
851334 9265
626387 466971
-359373 -866189
-806473 698095
-37397 -134241
-380142 -620077
201944 -192444
953850 -350432
-367326 297233
512797 186820
-139070 162450
-347220 936615
-564005 -3759
169357 709350
-184586 -409284
973915 -957699
323216 -666818
-714277 -30849
849420 -308485
-600892 -356535
-24754 -487420
847315 -80499
382018 -115239
197552 -421770
830696 650836
784472 876582
30738 -444557
334359 681968
-715351 -80271
434034 897456
-938960 -178128
-813483 -84057
209263 -150239
-959360 602311
-771763 658519
-901627 363019
-989225 697570
837484 -751236
62572 -574133
-670951 973257
583090 -863383
-195893 554184
122275 -232516
-398236 -338275
-603898 787894
-541100 390269
849222 50434
-997290 -10229
-22421 427498
42183 292887
-615281 -204102
-158080 363205
-67454 -553245
693725 -108427
-86408 -377075
-153 -909019
-293301 -12761
-98742 705053
-527335 925685
728495 560079
-540626 819436
930011 756464
-409288 -499081
-651442 -207287
-676258 57805
249190 -723504
-281328 477744
796244 -951545
41105 153301
-859601 -332158
359155 568741
-205605 -919528
-937443 527525
-990047 -200422
357599 18523
585486 258092
-152134 716621
862877 361445
236177 -701365
-652856 -387890
989378 -424381
-510162 -191472
-949671 557355
-484354 148079
387227 -123773
687425 -655410
-342551 -88960
-980941 -436578
-177660 -394013
-192548 -131023
880592 -806084
-343968 -364915
168540 -632961
-722866 -992918
696534 -273087
-654293 977952
656058 -370464
512021 924936
-648899 685129
101190 564781
-135360 703369
65875 250784
-164218 386425
403160 558558
536774 732737
-418585 -286351
272069 835717
-415965 -597095
-435849 71970
-457791 126237
-240337 882574
-530234 650551
204313 845743
722609 -398794
891374 818781
5332 -780531
80087 291586
-316515 -864194
-966134 -449693
983155 339607
879165 -716177
-174809 24909
266222 -849921
-677967 -53412
-191583 581930
958125 -428049
-253116 -473168
-734074 608600
-748887 -14902
28398 -183628
732397 777967
564588 -374550
-272252 325467
626695 747777
-532252 -170887
-5981 391549
214192 -237500
717508 -231416
-959706 981586
-143216 -472067
787255 -327998
793307 -41516
825535 867036
610078 261973
182310 29349
544579 524044
-205907 -571349
-723673 253383
-44485 153992
-922649 494045
848206 -484894
-268084 -721519
837827 -364624
710047 -73168
291495 -589744
-537189 548489
324469 -302935
-312774 319926
481270 135674
-614761 -13147
-317876 859628
-865352 739950
944160 956118
-588226 166629
-792683 -742317
-353615 205330
-476361 781625
-328097 944009
-69973 -942860
-405747 334603
383554 110327
793223 -482276
-853312 977383
376940 -137635
-430841 -358199
851882 906354
-866998 -512484
412224 -48340
214026 568629
-547355 -386949
342126 590731
-845713 479029
-308964 -389172
-195810 -647700
462916 189349
909656 -208884
-729099 -557683
-631732 -366700
657020 -547752
909352 113699
-287948 -398468
-28407 -913613
-150482 -244532
818558 -473416
36486 245147
-737463 684095
30583 -411956
-74608 -780004
40677 -582593
-764971 554279
-625133 -329803
-949767 -200553
-634759 822098
-921123 -621777
-157278 633260
-425910 -641379
247362 -555470
-838678 -149038
627638 521111
14390 -465475
-384177 -699673
145519 -291435
337984 -958822
253887 991384
688744 -657197
457997 -97538
74805 861901
715325 633244
102312 -529768
-801966 865587
-406889 834931
-90349 -389774
-346416 149172
-804056 407422
-731899 -245254
-99638 523730
-353360 -465558
-189406 -468107
928605 769614
-484299 839285
561039 -208740
536368 -311865
727466 916829
173812 -508037
-48018 731966
-663950 -169300
108803 -477608
944469 -618051
-396140 -374642
-416930 -43715
-328370 -885208
697089 392529
-797875 -172934
-224692 537462
482159 691360
-313535 461018
425813 98236
149550 -795093
-768825 427937
-423115 361410
-917328 106850
-233275 458467
496517 106453
-242294 -647779
-779828 454848
-843654 206324
419649 728606
906100 -760897
-836302 454019
-157514 52900
836815 -446475
-737762 -94610
309379 -932305
-906614 506736
275683 -531603
-568189 63126
-869919 368226
-756899 844845
498478 135532
-587813 320313
-887789 -960705
494026 -829268
534029 -474856
783546 -336896
942313 -408752
-465381 467231
611001 949197
-685793 -721372
-271980 -617612
750986 -565949
-794201 -800966
-868630 833893
-312734 287987
300485 -353811
-324810 -801069
-34073 631023
-628638 -217256
-763282 217810
-108718 -949912
-972111 982062
-830411 -511929
-136438 98981
-351687 -874249
-154595 -173067
-977340 -722684
-274361 -311661
64773 -631327
124694 -597398
-977029 -696750
428154 -12359
-993964 -872663
250014 -994079
112629 -633587
534154 287592
357119 -697698
-872213 370170
275495 723322
355540 775563
762099 299516
535555 323112
683970 -315289
-847497 703809
244085 -27038
509415 -579515
116162 201886
575818 235161
499423 219018
545368 554559
-753386 887587
-823601 -916957
680386 -213945
526151 655664
-620958 -765009
-651738 506211
-311082 -996422
771070 -397925
-716814 548981
525419 55685
-167347 -750293
143796 334189
-34718 -988382
-210577 -843530
82676 -433429
437376 337830
-877497 843011
632212 -774101
-691896 885383
78128 289724
751599 -480558
-297342 518145
320287 -505861
-279808 606018
-151287 586425
438763 152274
39055 -60491
338772 770387
-238057 -816353
-309018 98252
-409148 833401
602756 4496
-124077 239933
-689757 -625745
712538 -600399
-921977 -610362
-540494 -808109
-438032 -759218
-180091 343412
803604 713558
-481190 -779514
560207 910160
-575419 976121
486234 -489882
226388 -521358
-734890 936017
253950 -874804
-328234 484249
797888 -944907
389625 -882512
-343862 -804066
-496053 -24916
626658 779121
120150 -75944
741888 961805
571389 840061
416715 -792343
-610248 583261
346329 -502364
267696 780368
-152632 -463450
292800 640119
165076 419364
544129 1693
-634688 -601310
964194 428899
66755 246114
446549 769777
-850694 -840262
-224240 -971935
-307848 146934
405943 -930917
-346915 541440
342520 -10247
-607638 494180
-144089 800170
734704 -454893
540419 -781683
-231228 742377
586909 -881240
26375 -301620
398258 -862144
-41338 7420
-881665 -562263
548666 -526855
-605580 -451173
210465 -105936
778254 959935
-440563 409590
-395443 872937
-960555 985303
723995 -586997
-357565 657656
414560 827443
731619 -315903
-510247 362768
-981969 -649009
-305379 -740010
-987082 -87393
247104 -673871
806460 -301738
223769 455136
-920169 251187
235138 -13363
268872 271498
-176160 884922
-663929 784001
-359009 471803
313216 -145817
-78987 37513
763530 -978346
-380498 395991
-293306 -223792
85310 977860
-353020 -153074
12652 986305
843298 794454
541384 -622431
-728091 88098
-903559 822468
-882313 257748
434384 -991906
321144 164591
-447323 879067
-601583 94807
-618955 369683
818963 252374
-389849 -489349
600696 779000
27534 -794480
-375392 707291
806863 552368
273991 -801596
990080 473268
302070 908283
641265 553847
-134529 980755
-549732 -548568
292784 -504404
521963 985464
-437993 189923
-998258 -288246
-666772 327392
635018 983179
762754 -780794
365666 555607
440268 224801
261386 804795
-249501 -327576
172059 805699
-117116 -154777
-836415 -311964
-90048 633240
560603 -626111
366669 -230505
-988625 -236976
-84783 -224546
322899 -173653
61866 -480755
-446996 293358
-92683 97474
-648408 475787
367944 -535341
997756 -643238
-485505 -575443
480710 759009
-118921 483478
-489138 -384362
969478 421376
307489 -284376
628570 -61617
939708 936540
-402151 809786
-423603 -49914
-490905 -207529
608412 790835
502039 135526
-422049 304591
-704067 -686079
-403335 -871406
-370373 -389017
-403915 914736
501472 -899188
-969930 -601905
-867260 787182
814192 120011
-781047 -943186
-629405 965575
472310 -428824
-848960 391323
-549914 307628
-24874 -909201
-760570 -794194
-380700 750046
-403782 -144317
-858317 -725155
-192819 775545
912927 767114
-734112 224470
-263138 237291
950399 -13248
-431854 -226848
776942 684255
-767941 530717
-29234 -811529
-129627 -441538
404721 560270
922939 956815
344291 -550103
-928787 -811206
881125 -316555
118779 -210689
183667 515515
496078 133060
622263 -649343
-709188 510656
-305100 -172635
640757 -400662
870782 901044
-211088 344562
550056 -787214
-16775 873179
-83492 -634124
364208 473454
313870 -683720
545684 595782
165455 246292
-928739 -835211
467721 827746
954278 -111474
141713 -260148
609351 -199046
502437 186162
-531512 654596
261686 -218288
-488180 -208815
-315512 27414
-936437 -270374
-508485 -976243
-38447 -798945
-171252 -365729
-590986 742210
-880778 -543552
735673 939332
893440 166696
-461952 731478
816179 216498
85213 -658728
300457 -431425
-729214 -279369
-32633 716852
706827 -519903
-997974 553669
595148 -962259
-560384 641838
187917 -473232
16110 -518971
498856 -922473
-402168 -667755
149202 921664
131584 503877
231431 -417116
-956662 470964
717942 916052
-872966 -425390
279022 989080
640735 866169
730115 -689531
-430306 46266
82991 857224
297782 224127
-729577 -991976
430318 661817
824813 -469668
603513 -377497
783474 522059
-968792 -741942
-313918 780879
178712 810860
-877200 -89950
-277739 679293
-470427 -975935
-449558 -691627
-27639 369607
351681 720948
795612 597155
499235 997290
-672188 -478607
145568 -128747
-839277 737326
-541743 -574260
930518 341335
977755 -684227
410681 -937405
258579 247865
3758 -684356
895785 -492294
44035 -26905
-278308 266045
362406 773023
-837274 835631
793481 -208848
966721 -648496
556747 751791
897029 547390
649220 635083
113612 874501
344635 -62025
976735 573338
-463549 116361
619648 2174
983798 -97251
-900377 -540736
545851 -452864
261476 459500
-703923 -234246
-767914 188255
-290396 -486295
755254 701966
775599 670663
698839 372595
-294428 -173010
55689 679263
-107129 716871
888366 973479
194769 -2346
789177 -762356
-886189 406691
948071 -406254
-841860 -131818
183569 -689531
-505583 757426
114737 246714
-987085 289048
146130 895522
982960 980679
-400042 -519610
-231307 -726784
482550 172944
-670990 -613298
838913 194306
295585 -987724
825174 564840
778012 634829
192460 -312184
-534925 -388248
-927215 -529545
-257416 -490696
749360 325631
-450223 43919
-696945 -771064
-438274 -826551
-329722 -596803
-44809 -546246
415975 -577941
216666 959727
-791098 113568
-174200 -643898
148505 63226
-814022 150481
758105 941184
-965883 783985
-817669 679881
457882 475906
-820554 204065
-457731 -52120
418875 541836
120795 -358068
783161 -295173
610830 -918275
557673 499491
-135838 565750
78137 451895
269569 -527964
-18039 301433
122959 680035
841870 -998947
-19021 931174
-977614 616727
253904 147079
21142 -943296
-901213 747707
294069 -165565
-408397 405540
-838169 762696
-588174 743111
751561 446942
-816835 -67555
382883 623636
926577 623900
-479565 29652
-325809 -369923
530206 85925
-125047 -673105
-744519 -155769
-210969 92386
414458 -671225
606553 -536273
302601 -585840
478995 590189
859746 375481
-156363 677476
-890391 207463
-505386 923244
-614584 775669
604420 -696396
-122906 252689
220308 491772
-412682 -995368
-905184 -948564
-971560 -754845
436622 385391
182262 769662
460135 231352
-773609 -482610
824840 -965772
-753325 416597
-763628 307227
-715479 -317685
-246389 505490
-884096 743365
27106 363153
-459695 -262885
-121513 539390
-786836 -686773
310803 -14633
-368329 598899
418839 168809
-969085 698288
-135624 944617
-357296 -248831
-989475 -278578
554930 -648458
-438275 -232977
509435 447490
-898951 -934021
842136 221800
374298 -152731
-700078 -324297
750239 -448874
580087 69628
56946 882977
165339 -900020
798070 -920365
-947214 489797
-6080 838705
-945439 -99282
520741 201104
491048 274125
516059 665046
-712275 715916
-196755 -572653
970984 -517543
-423495 -858902
876068 -155834
-786309 244420
179989 -300299
-918222 -123800
-124778 -877231
784994 757025
-79637 397912
-855632 -447625
410053 433690
-642988 -255917
576620 762731
-998983 -641690
-931790 650081
-381584 -827619
-317289 904236
-512676 164952
-230223 -379173
-550886 -522900
-252052 -174326
292893 -525171
-129901 325665
358328 806309
847592 -406287
690888 589347
-710091 993789
52812 -787822
-224995 -724808
984273 -902217
-411796 -874672
70927 -245877
590978 -500774
-813210 -620697
-691569 -792052
-684009 845699
-370695 191090
234837 -158362
678143 -698434
980474 236482
-474195 367823
226471 -313210
-985792 533815
-155436 -974428
-95869 -752288
-65438 -738872
700608 -751401
42047 -57363
173894 -395734
795490 -459647
-694378 -597163
-774795 538243
381177 197439
-925155 -549597
-642453 608688
-328806 745762
975566 681781
-483260 -265501
949382 522408
232180 173569
17442 581182
-701198 -467751
-438253 74021
291115 -160546
822262 169404
339865 347897
-873574 -768894
-11557 -762585
946332 -847978
16613 15115
412171 426194
-153767 238856
348311 945781
-985240 805129
-265138 -540049
-436085 458200
-964721 -371143
837253 -191542
-570552 -505402
116235 368243
-546885 524451
879409 -34931
-68613 693156
-18611 690741
755074 -341179
902260 525591
489774 -368640
705552 173964
-63313 525953
346236 -313257
910036 619287
-908045 -633997
-627517 -724048
489996 -729997
738606 253996
772088 960501
-128618 -736504
833624 -274249
24642 -419307
-247926 539925
694400 -486370
935442 -51989
200813 66330
453663 -228074
708868 289438
676733 519965
980273 764041
-192465 -152371
579025 967957
-476295 61007
-51115 490167
443376 -643358
837818 -241385
-526613 -325588
492892 -238876
-860420 -442711
861470 388175
-510404 -637842
-181453 539771
650357 162827
936220 430988
445504 282610
-178577 -886861
740590 82452
-331444 283622
-520185 -73230
-725286 378094
44326 441519
446788 -769300
76738 789293
-89350 -574244
-923446 -591534
-861825 -833095
-877945 661419
509615 12428
-211332 -495863
-851392 288721
-132650 301129
-680809 -764918
306099 798593
986136 -87652
-643836 -990885
160712 -804973
-865222 71347
822871 -207130
747758 165383
-160337 -699759
-359266 -289949
-967852 -450607
933897 690806
-982147 192658
753528 -455475
-482711 401099
80774 814919
-375494 100782
209347 233672
846648 534123
-466718 -17456
117767 -855469
475667 590920
-863071 638830
802383 -713040
596748 410433
223850 626437
-571369 -40050
-126934 -440701
-167402 -27377
327037 936382
-560654 -413037
66944 -560333
-120330 416115
11009 -868399
-212896 429935
822089 -690729
31819 -663698
324135 -441810
673681 -578238
226413 -277928
-624581 798642
-860266 581093
-61484 159541
-409849 -96055
-828045 -341698
132921 -681869
473282 -915992
716735 99408
987073 993419
-664818 46071
-66795 -980814
-210587 223903
-791557 -712003
799475 -225732
83908 96311
836065 377238
-469677 -250833
375549 358533
-793356 -769126
415331 813421
-48780 264764
-329022 -763603
-321146 760564
-824029 -361149
178829 -256162
-95341 -263458
-33073 -34870
-281511 762087
-193697 -249084
640595 881420
528852 474936
444968 -920881
714820 214375
947580 -391174
148551 -448244
610251 561310
682466 -447447
-264222 513918
434621 567816
582316 416688
-704799 -903293
-977358 -789548
592542 -919111
-168838 27031
-231314 -933459
451621 655971
-266030 -985373
271507 126307
389875 -232113
677469 634222
-243908 -516761
580796 -333564
-841313 -766618
-811952 858280
71458 482673
-306804 -796906
-670476 -294048
339653 -803372
-485222 -571228
779963 -684565
-179386 252852
454916 639218
-920378 874414
-388789 -413935
-542713 -943387
-251047 -969063
369831 -924519
-814131 596249
-345886 585931
652787 -876920
-408839 -108427
734965 -882199
435014 -440451
4624 709020
723456 -247602
838831 723543
91482 -662791
698191 879307
558099 -593296
-112422 780672
-37071 -401052
638811 67601
336603 -710647
-110760 -477947
-554554 -41725
224694 -300889
999319 591859
328002 -768650
-982838 -649784
-748660 504775
-782372 290973
-272710 381522
581522 -424200
894128 -718483
795094 935904
630558 707170
-949856 -998437
126635 -525682
700581 -991352
-420178 -709955
-781980 717064
698928 -942648
-259542 -94160
-98098 -537971
-628967 101164
-782227 -330803
310181 -786661
-364593 -52112
-737251 663256
217137 393106
759476 -552345
976212 825168
-198548 -24448
673642 590608
-736094 174692
600292 242895
580652 228906
-383424 9414
536629 121284
277932 317586
-386839 -215865
514032 79499
-787256 953985
-457039 -660369
850936 984048
-732098 933543
333541 -201963
-746622 -833301
46818 -874869
-875845 -989856
-113270 150838
262932 485995
-637713 -95078
-821446 108314
37548 355874
63684 980061
-893806 491994
228122 380321
342227 -321778
-432209 -78363
756794 -227931
590137 279565
956437 -492923
707148 -694639
808581 790986
718582 -314756
665166 168713
-913847 -929445
670943 717558
263801 -353768
-499306 722566
-809727 372795
823832 880080
-382779 402365
86454 969023
652962 601728
307813 -485401
883007 600808
-748976 -905837
781424 -167753
388874 72252
161874 -779772
-54578 816226
547399 765025
341707 54842
318024 134965
-62437 -928684
750803 337204
-926671 -90496
216440 981383
-539819 184835
342663 301419
-777144 417350
-459266 -84643
788162 -659392
-654918 -911655
-774903 993077
614908 -302893
-371480 -661716
684578 -361076
400169 46717
790880 345945
-19625 643589
-881669 907886
-132161 -521472
31240 639423
988703 47477
-585252 -110407
-748622 -258352
887629 310060
-694013 67049
-355618 306295
751272 -385290
399695 62536
-341186 -967643
-326826 266429
-991076 -880616
689717 271849
247308 282016
-40412 838649
851377 -742095
808014 -964316
-120766 -908056
815551 665258
-928492 -816266
748096 772464
-148811 375898
-329158 -810349
-339174 -505306
725838 -175136
-369225 62212
-245702 867102
-355604 -794243
475583 -50192
-216548 99747
-557088 -928482
-553141 712145
298492 -333531
-270737 -392650
413195 -87336
307209 180985
-341849 -609243
59225 -824150
-262847 679449
110408 -348528
573119 951109
642884 -787923
-766107 -933086
-841852 -680753
127920 552387
196961 -135401
-933772 -138684
-434114 583123
-411414 -468696
574433 -387975
-953435 658822
172801 -887940
-484208 -789295
694504 727687
-182184 738375
950487 -21014
47490 130429
-70756 868786
382278 271816
-484978 -152997
-735893 418450
723162 838139
806009 -483222
-636391 729682
601674 736622
710607 -354556
-814950 -193908
479083 -771281
568112 880421
-706967 965692
752007 886231
754496 872733
947389 -656306
-808999 -101166
-68483 -758730
-797840 -864113
-397586 -216988
787310 -371115
-722401 443260
-672123 563800
-758294 -210468
599214 427974
-297176 -605834
-243776 -953552
-989204 455173
209903 802511
724306 430993
-788930 900947
36484 915684
582235 554526
-241389 -862450
979234 -165730
-802129 127132
-224465 227835
737779 -884080
-184592 -422232
969277 -595669
320832 64084
-653848 -603853
-817006 -973194
-390790 107609
-462306 669623
-106491 275245
-949211 -385098
752552 870427
949807 872330
684828 978339
-664101 115976
134159 864887
667300 -769958
488559 -734065
727435 435433
-985714 397468
121063 592428
-304515 606075
138827 700473
-591944 275138
254328 6926
-667974 2348
764894 -937797
445324 -406565
-967098 542051
277291 693098
48864 -60912
-314894 940388
-968529 -939564
-781233 684669
-988393 811232
-229052 947882
481722 652252
-375725 -740596
487344 -786738
166950 680908
204918 50561
-29387 383859
-482327 451160
743884 -488176
-683079 -897237
-366155 92454
834811 645161
-888778 -841608
410810 861662
-676756 318711
829881 -551251
-446258 849103
-686213 -101254
273225 -209715
784717 961021
-935079 125594
756459 277026
-428448 -546060
-112721 791720
-685929 -415782
884986 607001
-841611 -844182
-220386 -849901
719483 -923318
627118 220313
802099 53615
-179461 -328999
646288 948556
524868 -803227
-767790 282270
669645 -613656
-751783 -462217
400451 -196512
-375438 -493447
-998863 -692750
158174 -193427
358616 -976549
19097 897292
-444979 -671010
984141 -574384
446446 -731797
188634 292992
-515856 -967184
-610746 -765876
56259 184132
104790 192644
872652 -993349
585333 -489589
-796985 670690
-546545 -166225
31915 -115194
79341 447772
-959922 -651285
-976988 -902859
420475 363344
369724 -585336
779573 743410
977928 -965085
-904631 239115
-646653 932042
628958 30522
-973194 770612
308780 979842
11062 -842466
-218466 434097
59769 -527725
-722859 -631878
53511 394949
634008 -693584
-382558 2229
-406620 73437
678479 84039
-381827 129603
-505319 -508058
749976 -125681
684808 -811945
-763333 610684
275790 501204
60316 -835213
244646 16365
-884763 405590
876107 -715712
-378314 -336474
322794 -479552
-555251 112576
30903 561619
-3607 -719921
-624603 620906
-930916 -528582
94448 -663335
-647084 -972295
915271 723496
836770 965703
630132 -946094
159446 34585
442228 157674
-558268 -543358
-909324 -119010
342855 -897611
977852 -451441
-47699 -922238
122018 -1262
-502290 -373934
46620 -716776
-585936 -518841
-768395 235513
525422 494721
-467227 939152
-190778 -294322
157320 501856
-394731 247945
865421 141187
-963835 206007
482258 279992
-641705 -831387
-341743 -164296
-219446 561013
19320 -459533
562360 -659277
54642 982781
-513623 725130
-286188 811102
-385810 561307
-744864 501359
-208563 21992
229956 -834510
-197369 -845502
-308886 324479
452016 -801136
271085 -272310
580675 -450773
177853 -49570
-816114 -324470
108529 529774
472343 -6064
559491 -336411
675239 348763
280284 -408149
495202 839659
-340328 516322
-92418 -349767
-787140 -608082
62093 587955
982 538369
892859 -279116
-452866 -560251
-146192 -499506
-454992 -444370
-668144 428504
-265302 -989788
-23504 801716
336868 -931581
-33550 329734
-275812 -220220
-399559 504232
769194 999912
-215737 136117
555461 -191514
567869 -18730
968520 -779942
474453 -114684
-674224 -471715
-189094 -808629
455718 151896
289011 663922
-481905 935340
985307 -627323
337291 -331362
-377509 -205488
449086 -449552
-629426 -722298
-103233 -196209
758839 451446
408324 -54330
346374 153099
-841721 613482
-977549 -368826
512742 -583843
-692201 203015
-524464 -138776
369374 -208553
-822114 -850180
-506457 144612
764980 -394594
163208 967103
754774 106883
100363 148331
-945954 -25157
-901987 -929469
-720126 -77227
-557668 -889001
185060 32334
574427 -460265
773416 2476
-855050 944447
-896873 763069
-202940 262592
11530 230967
503732 186357
-552802 482185
925895 492368
-120666 702869
420722 -559210
52016 782776
-115497 -227662
344820 896788
79815 121556
491739 -921560
-988315 -907700
309937 400267
-729058 879
-944080 376559
-661225 841382
296287 418978
979809 600291
-21577 -207988
295286 -708736
-309817 196724
602621 316067
-233118 911909
-845824 -1450
-12305 825557
686437 565359
400152 -94707
100402 348860
939233 407377
850465 -815191
977553 338489
583894 736392
788576 883029
26131 -901291
332033 -578645
192976 -581231
-528309 868934
209405 793109
243095 131157
529992 -873951
-861028 -294432
-730707 -264998
-342607 -579650
-908873 405369
-83014 -22483
449523 235717
646038 83398
438595 459236
614881 433833
-595006 639909
-130425 -980767
121479 609089
286227 -686410
-876125 -939978
879727 275624
-512619 -615329
800233 -775244
428393 -622456
-229814 -808654
911540 331140
-333768 842122
-441483 163797
19343 882078
-809151 -72980
955523 -194662
264870 -353289
640860 -692959
697663 595940
-584000 -530876
-742193 308458
438041 -519028
262650 -904178
154294 269698
-168330 -466942
64013 442390
-532284 324471
-105339 -427281
175489 54117
-185436 -969669
-801439 -485375
-794047 473640
282077 19110
-50023 540213
-498760 447624
-209254 -54006
639620 288137
574872 -243638
-583617 -493704
-464787 -412528
-705868 678135
-318647 -538090
280725 -269345
172783 -187564
-213880 958093
332574 -961369
536144 972694
43383 -925878
558243 -460884
-301329 -863967
294485 479996
211169 -435564
-356803 241109
-632963 259513
-232729 380034
872807 -148279
357801 238506
-533581 -11982
243051 -292289
-332510 -437438
173476 -596123
-65066 -481679
-217181 -766562
-467322 836073
-614550 -157687
-570615 -568101
-346820 44524
524881 988683
81516 -655505
-96141 511721
-247052 674566
975367 852829
997561 506083
209554 259305
-373448 -753232
-243341 -880208
799226 -369227
223724 -64644
-203670 615792
323461 -20737
975912 -847233
-617362 519633
-820523 -195823
121171 -611667
-80793 -483763
-104637 -842447
56275 -279600
-188242 -645076
-818920 139105
7151 -861688
914207 513306
-434894 246011
-800471 831366
-537391 -285059
101838 -469509
-391783 589113
742487 375132
-356885 -217435
-852117 -65643
528851 566746
-300783 -607047
-448238 -541805
297449 -81872
-855757 934549
-837697 767858
-425418 51357
-729320 -921850
-89356 458210
210682 -901481
-11878 -972756
814011 198387
102061 -706795
69452 450721
-640943 900273
883554 -513521
925783 -522968
523767 -674052
-967115 654057
902963 620573
108043 863499
320832 378578
699963 -709449
480322 -88712
-161852 102471
-862671 802468
-225199 315880
-399300 -904130
-379095 404477
-667890 578606
-897625 -596662
-200110 720206
108141 865143
207153 869112
-384742 -970872
-794757 -31913
830538 -162905
-593117 -357878
-601338 28690
-171486 132483
-5497 53208
-615996 42767
365774 59948
-599378 494246
439678 -244644
621932 603434
-610690 845184
-667189 -657537
-537464 399981
633120 -885079
338643 -149376
846287 -424230
-831258 851890
442547 -159292
453142 54125
112296 912612
344699 584326
-959346 614425
-760752 318993
565523 -113044
-723573 -684662
582845 342832
-450016 635660
980470 -97714
44191 944646
-2034 -615066
-736782 139596
-530098 18911
-340743 -736598
-167529 542012
203634 -179035
855537 592833
514183 158682
-686870 348475
-747847 505954
-735319 203966
199929 -956032
-622312 789795
413459 907749
255854 -152926
636494 -188104
-24322 -444290
-934000 -343272
-440168 473756
-855111 -624364
-325574 -185155
17747 -538666
-217608 984245
-771424 -485357
-495026 188562
-875647 352549
-183254 380195
314136 369680
-706044 -21300
140157 434297
330249 -213287
-868013 -142642
374012 -931078
-23726 -844836
703571 706199
949374 714154
-120928 -952629
581439 -38091
362707 640663
853492 423571
-961200 -611854
875935 -868110
707208 -670257
-280327 59495
216802 -565155
-926341 -482494
-472367 -868528
49437 -986162
258925 541599
433853 596253
976115 -389237
-337009 -700972
785718 -596034
265552 306564
-45419 -174160
187527 245584
-535469 957616
462420 -51423
-314587 5863
228030 -652399
-774582 -759953
951613 370139
472217 547577
932469 -523086
69300 -432882
433152 411900
336074 699858
320727 -970805
177159 -260432
-689827 30411
114530 -135943
-669804 -60972
-306034 -555157
-966591 -810415
363438 -601678
27681 -616110
-394273 528984
871235 -326637
-764565 -288785
-788540 888447
-940702 919362
565212 -687007
-335704 574701
-510113 -577077
-870633 -177550
-240939 -483745
506629 77635
499881 -83652
219303 569484
-69775 560778
855670 -537757
-305997 317647
413121 -930306
-512059 -800567
1362 587872
151252 187141
780388 -526068
462115 -936636
-605984 -818861
-707167 -261799
461601 -339941
116942 -456180
-557202 -137583
124657 796602
231126 -583046
445752 103973
-876302 570355
-189097 139341
558959 8603
734932 -21769
588060 915903
796128 -669739
568063 873618
-963855 -275896
889772 -459047
-575987 193766
-606695 341320
-718472 -784112
-814348 961628
314243 663200
-332697 -296724
-854931 623324
425048 -623101
825504 -392965
453372 -770861
-277446 -704966
-950543 -698614
-772701 -808741
-466376 -144870
883892 238606
847885 -914160
-146005 -869588
-361972 280333
-469084 283279
707194 -538039
-208377 -649354
971935 992836
696201 -249492
805961 271710
-721711 -53191
187692 -855186
959301 -170450
942241 -828082
-452979 -54513
439984 987624
985511 870246
361499 556574
-413004 -769266
-620512 241339
904876 -733499
918748 566797
-472944 -670804
-570415 181461
-46213 -758917
158172 -288863
-459308 -503289
236667 231295
123408 407182
-778882 151215
912937 -950090
664276 506993
-803577 -423891
-586125 569455
347685 -242555
717682 568693
-194296 -839369
380083 637678
259026 -456517
-397510 -110065
34169 104119
152569 914997
947230 50645
774122 -113017
-397714 -180800
-689974 396275
272835 -484033
-748652 985403
-664562 -675456
376998 920385
-494975 365576
-758644 284947
-758925 -166647
425461 932764
747020 287653
990091 243444
-706784 -72501
-661855 476136
681639 -195565
107733 -591674
667062 -309243
-112330 -494265
626431 -516216
491172 518311
940240 31839
750433 713809
-904838 -767463
-105088 151463
65774 -200324
335356 -343651
90351 -621303
563022 -592450
-782185 436833
-627264 132873
328489 998206
565957 -560053
-388951 -831993
276176 -304605
-549103 656754
509616 986094
140460 481136
397304 73007
134467 -324655
23563 840220
152068 -738055
-96670 890594
-640717 -796564
-848037 -295946
660171 -150459
-51586 -163403
189991 452921
659085 251352
-63359 350331
-756188 631969
923540 539058
513889 513617
-453022 211851
-72299 -928316
-393417 -211617
-318585 -882055
-155095 -17618
-124199 395653
-284178 -45226
568509 587745
153168 176263
483687 348436
-127816 -651183
751888 882609
-303526 -797389
-413542 119513
-829159 -416116
11346 342106
455554 429441
-399772 -589661
-658863 -694621
834050 759453
312830 850010
71990 -836580
-388674 680785
478208 -902505
230080 192106
-752903 -296233
-872009 -172718
-115368 -18907
557350 -975692
-928391 165308
-292518 -183457
-748144 852450
691988 -48190
317595 -776852
285353 856940
-215294 -986714
-512983 -262470
947836 -46409
-592999 157206
-239510 26761
-304272 -473755
-990742 -106153
-664089 -983983
-993544 -663374
843664 -99544
874676 685684
246343 135968
-923745 -79112
-958592 967779
-700010 13424
-797844 -244727
-410109 70237
393681 -57780
-434730 633027
-915529 443217
255752 -510
-701009 -419906
958439 -601602
44854 668643
839173 906827
445874 53872
-69252 -275429
973926 -171331
493237 -836658
-821510 -670090
-317072 -219987
693524 194535
179382 -300593
524079 -124592
681161 594867
708446 489225
-360109 464772
-532956 12259
-511098 -919889
189022 564019
-872616 993227
-345140 578989
-534402 -613643
-937448 456054
-811069 -354104
-954243 574215
715533 -268832
286133 211399
15686 -914871
772542 430466
610621 -191662
324531 -827482
857255 779365
935758 179734
-238889 265795
-692506 818368
727082 -883220
-522757 -140642
92041 542763
970706 506132
884860 -670088
53868 477186
-271548 -231803
-45586 582826
130943 420527
-674111 241709
-333119 -531772
237597 105938
984917 -685165
358282 -734046
786774 963177
878588 -562567
-961623 63035
511184 -33100
-408086 61515
489577 814427
-431519 -515990
-496044 54263
-891738 383689
229458 783143
659056 330621
-681583 198178
-104495 -930203
-624173 -465903
414971 879039
-162445 639698
863267 629135
-977449 19964
95124 -424938
783098 -545076
690868 694511
-311745 305368
-6520 -820330
-817454 -528822
-811328 122602
-407836 -563709
-880654 -615243
-344146 451456
156354 199790
222550 -317059
155672 -802912
-496574 872856
213157 654464
407984 -676920
-402180 -954273
-776959 -721557
-779494 -581292
20751 -72525
611726 -251641
-513433 -535655
869190 967464
45515 410864
818061 14914
-617680 912621
699355 -418915
-156954 -270353
746109 690928
688644 149117
255929 6871
-46741 82979
-440519 -188021
-177693 -264295
245739 836942
570756 895642
915628 211214
-18515 627403
-860315 986392
-896113 -974826
-552705 988010
212470 -857346
-984580 -891137
846620 -294083
457040 877068
609100 -862758
928664 997951
934645 -994573
-611353 716968
-954912 998218
879061 -288125
73768 -172217
720115 821289
-25457 -488348
300320 -906059
327605 409200
209940 68997
-795576 40507
527092 265826
932888 -274136
950874 -263394
28227 857831
-694389 -361794
-574495 -255628
816863 564604
951183 694012
538605 765994
-785189 302515
573739 -521843
-884042 549362
283746 368226
-838096 855535
-44055 -164304
669158 -345008
-689158 -160377
198136 -792601
638251 183961
301980 -434663
-796417 596758
-322857 930297
-773261 707474
123320 -969214
390301 972728
39281 -467841
-746550 -981368
142271 708207
-268080 928830
779408 81806
-755354 -638841
-207206 -106681
-497854 302946
790411 824017
-704395 135000
596057 429416
95902 -57337
-585727 -16214
382156 233490
-762416 -465372
31924 -980061
479682 131494
-465507 41077
289579 -831662
-517382 382815
140012 357720
-810073 -668090
-687176 800876
483802 36006
-667392 -13566
-704619 679636
422776 392205
731869 135032
-834397 608530
-222145 -198523
234577 -221913
297298 604699
-421562 -615070
929602 413716
-808319 -916917
-950533 321376
-824570 61797
-172827 904399
-18591 -726488
-812062 -668614
830480 -829594
-310242 -203880
947725 -889186
768432 -503069
-504956 -701363
778901 -946249
-695796 66058
-772252 942741
-976161 941364
-519911 715229
-206270 908465
-636586 927356
-830725 -67912
562332 358039
-598470 993367
704450 910611
386526 118355
-830035 289119
811894 -859390
298949 -78397
-207092 -732107
-146978 -542452
428490 602244
-953624 731427
-205229 788855
-209930 232334
352818 -389704
35380 795670
899505 959650
-830003 -472164
807609 476192
-211336 -87100
-700439 -598861
-654642 -847646
-353064 -71257
-722497 506942
235449 952885
-610463 851021
767709 110935
-134308 -883293
-751314 -451179
-190855 -421870
937593 557523
313277 759028
620797 464901
-296322 151914
-869833 -388624
491244 469456
376923 -530229
-239307 -390578
633929 -267870
834020 -687149
109069 477627
607976 -511941
835995 -969947
-640859 522619
-331424 633259
17481 -557880
-639571 -716088
-82048 -298962
794070 569734
697040 814694
-912328 -593688
-684565 71477
-161590 -362339
635979 689636
-825197 11075
705891 -511566
685142 -981148
-677061 997775
29858 -510786
720572 -794653
703338 -369721
-95042 -244028
-959401 707728
435229 567350
363681 916617
688516 216457
556006 98215
-362960 623562
641619 696047
397765 541336
316779 -117711
78933 -608065
150972 665367
-404457 -905939
-152855 -587912
-435291 -805346
-337042 468548
-418635 -933603
-897739 -591332
411552 -38529
884416 166107
-969039 79841
659035 519158
669573 611737
-956646 111471
54455 533063
-995290 -725061
-601384 104446
-431982 -853860
-994973 -933413
55239 928148
-173122 -892752
-554965 962185
260696 898552
-406933 522604
-416163 16162
-6909 123899
541521 -492005
-739855 352282
-554408 719691
188367 -354478
-457573 599934
-212730 -308001
561634 -382480
283149 -957672
40336 758858
-957587 -136827
577408 551902
98138 -24479
-253733 -483733
663871 -888957
-194565 736394
-483470 -540459
658898 760604
-971761 -85133
-553376 -125448
-413963 -608391
-283877 -53545
-567856 -281601
-93644 588194
102392 -778575
-750909 799108
260885 321066
939406 -627747
692781 318340
-118995 996039
-854196 -149529
253307 -572578
-549348 -518984
-551309 712291
-180286 100938
127257 193333
-238958 675554
-319627 546677
-665485 -699742
-440832 360975
-371309 -508063
-671358 164788
403764 544875
747312 232930
-531568 880647
37294 211349
-292869 -279745
-768112 -626331
50963 -839556
-433404 -709424
231662 717432
-975467 85546
874281 -120006
161014 893448
-730767 917455
-304383 -431861
-659822 -515189
938419 123452
3041 552537
765235 978714
273376 -632714
698670 489807
-134885 878324
-986951 -367149
-432550 -652229
-163182 -6255
-494685 931917
420085 -565359
-866676 57277
-751674 793475
444191 185176
-680667 -575518
913645 68010
-497602 626742
431547 935177
538052 -608818
487411 -863932
742005 397613
341805 861009
-911915 959812
-812770 348152
720859 -493660
-539616 518355
-741950 454981
-875393 -373321
-257207 -544887
605514 385557
316377 254805
245237 -610668
-269351 734145
259563 -782516
-534611 764893
439274 717958
-605055 -56391
-62799 634254
-88060 -735283
-97164 -825429
576412 655600
-952647 -635106
820618 -751853
-38354 -796419
-455460 273763
12140 634388
998348 140217
690056 893572
823474 222565
659241 917102
717605 -909033
850667 -123493
769218 -672511
175144 -436219
15658 -267782
-764633 707076
-748934 680376
-540576 884274
-597720 77449
-331527 287421
732721 594927
-887920 157694
-840272 -111396
-504027 99933
969395 -628525
-535575 -311349
-381394 -98524
84126 -10104
-28065 -136111
-280073 -846456
-92265 638931
-861840 -673540
278530 -379529
624335 -820952
794607 -455236
676755 740497
-739460 -140500
178528 613674
-4048 859798
-108505 449458
662528 78347
839828 62472
350942 126438
208440 -290983
247381 -957955
476255 -341141
967573 958837
228002 -327172
266136 219592
434919 883759
-881259 -537133
3618 -386420
75618 807763
-475793 -416116
-802846 -827415
-504666 266201
110835 -902322
-643144 575808
578503 177795
329715 -162370
-5691 -933701
-42578 689242
-987065 -547182
-686576 830157
844387 -850627
711259 -983244
-310916 -652306
-15196 259820
-851224 -878766
325658 -837121
464097 -9796
114075 -449222
-741385 -707778
-542518 366747
-839496 -472812
937817 -716678
-877742 -524123
917307 -540525
-617632 527467
773154 -978953
97088 -429037
-994909 243627
194715 762611
436151 -300386
263226 -481990
-622248 -490273
485164 33599
-953540 800007
699565 780337
-103642 448932
545778 234312
219611 -883797
404005 -825131
-609242 -24991
70558 -474526
-86955 -517332
543454 -576090
293283 -303150
-398062 -122065
-497300 -269642
757905 -484650
-8793 -355954
-771761 -820672
-315611 -540274
245187 -289408
-924811 880813
-872356 534924
-49325 751129
-198312 553182
359120 866280
-216777 585842
-93286 -812292
-195462 -962219
-257018 244262
-217320 366504
-616023 -851981
460836 -793386
-947574 -748825
-206872 -939164
148067 -380875
-681291 -567621
235232 -375079
790863 -754737
150189 -522956
-819993 785416
447240 463642
4672 809767
911883 795864
217949 731585
859353 -725272
-168505 122588
143839 560730
28612 161373
348321 -520369
-861779 114019
-479353 -494452
-435443 -909975
-481756 -511414
510077 501130
-597440 918616
249405 540219
463819 844495
-734720 140856
818666 64431
999754 869614
-304603 997490
136671 -191040
952968 -15780
166087 -373199
-799170 -429583
-425670 180977
541351 229661
-533643 592498
206233 -902801
547497 953715
999784 808308
-695878 -34544
991467 -29707
698835 -914436
295307 -978233
-951115 543714
680246 -620527
-911315 -36402
734761 129593
-642742 -253184
775987 383000
451642 377152
-607094 132286
672526 -178187
294747 -41510
740333 417625
840261 202327
892472 203721
139385 -375703
129377 627739
846998 873014
-204372 -666697
938037 -358865
920113 -588704
-948484 817590
-27539 -770375
-493245 855719
46433 906550
518230 -395182
-601673 -858035
-47691 260723
24224 525070
-450788 -970183
754449 -132612
-309939 -3639
556855 -978199
-990295 -965217
-310141 847506
56653 -735408
643533 -197341
-921410 684004
-681029 692509
-103136 36195
853701 -491026
-540530 -260617
-512422 261409
447656 844424
433868 -13230
-750583 -182546
-515598 1453
-458838 13866
42080 -826947
120948 -405276
-866396 -367733
950172 237404
749173 59328
103607 -912969
-128494 428907
-427152 936248
329069 478443
-361143 451216
-779017 -157050
915968 -516042
433464 866171
576568 472606
-148707 145502
591655 315087
289952 -505535
397838 -321664
-482245 -784274
172598 769168
34743 -405494
-655129 -312771
-502377 882762
-52446 -382570
173655 -864903
-13489 337144
-395773 559715
143751 1661
256633 -163950
882370 414439
164393 -1358
-60229 183175
-364252 28154
-362962 386795
-351800 550406
336080 -425681
685488 187528
737992 522509
506850 -733494
814205 825341
-904129 -769642
-278607 -226884
-685773 173029
250799 -338907
842492 191797
110797 109498
571396 -952872
784867 -368336
-279718 -173883
-592215 775408
588755 -791445
-633593 -269018
-672835 -799881
-395827 610897
-665512 -540612
-508319 -634529
395068 -350137
420869 97816
-307680 -284443
404604 246838
938791 824271
-153047 639657
-15933 -540004
-689893 -298738
-147614 420706
-197477 -889834
-858640 337745
472041 129068
-539859 636953
-703257 -334886
607043 -37539
-204317 474288
-15179 169907
-209152 129375
-642560 -980119
-62134 400063
-209536 423291
-504768 129681
-949701 -39621
926760 529139
-447193 593961
-150646 298323
182255 767130
-490290 503625
800954 -72435
-801938 324071
511119 885847
-145417 896605
729999 -824489
543525 388423
-581761 -164974
790002 60970
-485894 303343
-676979 -919224
-719942 297254
-398978 -523875
105165 -27295
659107 -433058
865448 669181
-199932 -334877
888096 -492172
-204819 -940302
-473447 89548
-258800 789805
693508 887065
-179500 -290446
815676 303892
-311808 792586
186637 426990
-863555 858132
-939865 883917
31715 -523306
468965 -158610
293816 427308
-267865 -211852
-27544 739937
716912 558212
285609 -137444
-219360 905731
-491980 659129
939458 -456461
-822972 -199804
-513613 -783288
372362 618021
13195 -342328
-204589 678698
572585 471096
565045 564029
-10651 -178359
-618356 752507
-335712 173856
-307125 -963993
823812 645188
-709718 -287961
970704 -152993
-535912 -770956
504192 558655
-584801 -381526
-894243 -110908
-20535 -332094
441009 962685
933044 -6183
-294921 743460
734836 309006
-398776 983435
-160491 626094
953800 613252
-925975 792658
32276 602103
-28293 -454112
331990 387794
-503248 -453196
600044 -567283
-898857 622876
952272 -673979
-637785 -314656
596210 -140155
417664 -671315
-602867 -150672
263540 762413
406377 215946
388449 -470083
660716 -773745
-331243 -899396
-47880 545371
74944 676244
269705 -471174
524911 961686
939134 62399
854004 -196922
-945022 -189146
-154950 673294
-184481 -91059
-260139 -561011
517407 78586
-223648 761529
-811927 362025
794386 455285
-215738 -85021
780667 -451919
-105673 845904
159534 330557
-191875 851364
91554 -988401
268652 181894
-781133 -862416
-657024 -569824
205290 619725
19860 -852016
797841 370805
-610715 350395
-653965 888081
29884 -810324
412454 -260236
-456260 -147331
-186335 860782
-815240 208324
-296671 -858239
-617226 -587866
51437 -802042
-671660 -813445
-911222 -767259
-249350 373133
-510978 -882675
-741890 -630013
-159540 -898742
512312 835166
-146684 181791
-625373 -827487
-412676 -54562
497849 669053
299133 -313751
-67688 340073
-43038 323161
-613324 653185
-198164 -286549
-658973 91692
56600 -174940
117894 129840
398131 -842196
-773417 -931070
389544 114529
-871730 -139631
-461242 394899
-454064 -552666
93551 -154219
-813289 -686719
-716084 -310271
570858 -421743
713790 803807
-123390 -436242
147695 -383835
567206 -467123
-960187 53377
961289 -707189
-299341 -440688
701100 773390
900015 294660
208220 -687355
-284181 -484779
-602737 29458
344802 -11316
779834 -843994
849935 -429527
-995753 279607
650608 782743
-240587 -526142
192886 747971
115755 913403
-21931 -63575
820929 -525838
-333045 938775
-694755 661305
-359422 71010
7522 -380838
-387555 207925
-182693 155303
-183800 966242
237062 681925
-521041 -541607
-215541 -433374
562984 -596721
968203 143401
575854 768398
-683694 559939
-334383 -883596
569107 -249826
-991622 586218
-439009 244682
-691589 697473
-526648 577068
94015 707996
217385 -233818
717465 -78452
597642 922741
-755576 518177
-93159 -983986
-444771 896373
659000 -304266
-512597 -255055
-872435 -741627
-896425 827143
473043 440721
747749 -174016
-263628 -875208
-754369 -772206
444180 -398591
435088 793013
828427 -308384
-347194 -829025
-288899 103926
827350 -705901
-108206 360064
511327 -388344
997658 553994
233170 774333
376083 -247381
-614666 -771519
-507748 -999078
700908 -264462
26072 642429
194004 -51975
-76259 -518949
175887 183499
671352 -484645
-136981 -527402
844524 -938976
-283899 285427
922448 100830
559828 -443509
296310 -998443
-125475 904144
-963419 -776632
-162835 -890454
987124 912745
-875101 -377919
986262 177267
5310 -782555
-440366 126155
-449371 485123
406156 -740872
530122 340727
-773613 654127
-968050 353185
842454 -102594
558097 -817788
-980991 570359
-136275 -574740
592644 -856963
-90931 612101
-829311 -490959
531733 -105568
698047 180154
418960 889192
216025 -605965
612726 758963
731954 252653
-319398 917687
215673 -183788
895189 -614860
285199 -469280
-426885 -585366
-448869 -834683
-745779 275093
712021 122061
-633485 789221
796704 -902156
-762962 390342
-222594 -679211
703532 -574298
574677 -787300
-938819 -56825
173155 75039
858447 811773
-309909 -734822
-252080 -129529
-804276 -815139
770559 904890
-87229 -295684
-551747 642407
-832138 265925
625721 461082
-4861 -995991
-968092 -399469
-365172 -853212
-234840 528656
-657135 194003
-442526 -256859
-624327 -965951
-510800 91735
-656608 -462137
-76777 118578
-285075 830869
603717 871180
-771747 -593713
841383 -863824
-853886 -28358
475320 -602556
-279207 914129
-481365 543112
-629506 -617699
875402 -433061
336017 -631504
-298519 -816116
-297897 317642
367367 -710699
-134081 973716
-161759 819930
-301532 -246465
787453 -757386
137955 984479
211438 881134
-238415 -828758
-146979 -417068
28534 -635329
-328747 -976335
197601 -889254
-626720 862292
66326 667639
-946315 -455415
-353432 -632615
804706 -50046
-923741 -380225
892265 16626
-330359 -768965
356341 -286232
-313238 -355268
445448 -893735
392460 -354965
919520 -829856
-775687 715406
920934 -724926
513708 111575
-850490 599348
939919 -952721
97338 -925812
455280 646941
-380819 -959846
426759 495699
-290833 -290854
75927 -807149
10160 -993729
805899 239133
472343 666651
387020 -639265
78371 -346771
716315 905958
-902716 -179132
599516 418490
222257 535397
-250597 -663631
458488 -37791
-715506 -974880
-610551 921288
419277 14184
690902 699307
448718 -700911
649586 -57428
989715 -8302
-881170 402511
987083 112388
-992145 -701402
332352 -776536
-393680 77302
-99170 593181
706692 368366
-292632 -760494
248740 -347881
566197 -653263
181537 469889
-941248 -565028
-331361 455669
-401564 -49891
518085 -254915
577590 -413466
-68422 -393294
-595979 -977017
-574568 801672
615933 580343
622861 295521
-501702 -457970
-373452 -312213
-136195 112833
-907723 -387369
911590 -222190
874740 -858377
132409 350372
-44258 249345
516576 -159208
-869468 764452
19118 -443634
-764357 -350173
-389615 -482108
-582247 -832121
568274 -75987
-586417 525613
978712 -101828
508098 -120677
288884 -738470
-320250 -602265
556842 -827270
-513283 457291
-479427 226761
-25623 865823
-107565 -644235
-463249 196520
907827 -516798
-418905 -655999
432443 677275
-567800 427259
-194705 312732
-139807 638893
351150 25759
34851 -789961
812683 -711528
-996945 -10195
694796 -436723
-513913 -933330
514701 298492
-428164 -837325
311434 -642876
-128014 -948922
897083 481560
-477803 854698
64607 293585
-396182 -649866
-747935 731441
216398 -603514
-554719 -241578
-530100 795726
-370631 661314
939352 -149992
-693940 833654
-893742 410335
475732 -624250
125566 -874140
323902 -525316
-423165 -176680
475629 269951
339030 -300156
-315087 926187
695310 -243245
490668 736765
726958 357805
535572 -703136
-649476 541461
-304952 -268386
-386244 493482
-41601 937328
-23547 727846
328264 277049
989701 -444474
618616 348656
-142450 -317910
930713 953927
-949216 -652049
-399820 -832254
865736 897077
-915246 -311739
-90875 -15022
-20026 -949893
-965958 -800288
826435 -382479
-336 -966216
-899248 -556946
-92289 -115884
-299327 758905
-390594 -307348
-936005 -75334
198548 267927
-31364 -817823
992402 -733425
-696541 -683259
28586 -781400
-722236 -11296
-105367 -408825
958993 686923
-394858 902356
-257989 -466831
-306590 898144
-485250 711223
-837418 -8966
708206 303775
258600 776362
765264 75473
-155815 -699691
-771377 392565
-962438 -682481
-973321 991305
-532644 682063
-279380 -94065
-445561 -400033
264132 -71283
-919474 -654986
-577412 787969
217293 -504533
-444859 365981
-993666 713905
445622 920149
488432 -125503
-743099 179584
-636888 -787254
-548912 -983350
147273 454366
-871568 -475153
335394 -664312
576768 -668936
840013 306693
-551906 293978
972731 470664
-838542 -607878
-705979 812720
908618 -438251
-286232 119548
-871611 -42025
-460034 -848697
105679 43131
-606558 987837
-163101 -97607
-269854 -54742
-534830 588615
-902325 80842
-605261 94422
953895 942856
-287472 -59867
857661 -238922
665134 104460
-977748 -525404
-714142 639956
932005 -121800
-920118 172302
-131898 -306967
519759 989679
-521141 -721652
238353 587709
271032 173106
733655 -643431
650372 -768120
47235 193695
-72784 -474457
-988681 2893
-236672 559240
-782792 -228628
542631 -550046
200944 -997640
-497178 -261742
223573 -404077
-843268 135227
750927 105983
-350485 -557071
953460 -471147
-741531 -501712
125641 935335
-640566 499265
-519438 -865638
-983178 -522648
827861 -119331
-734828 5173
-639058 98781
-46864 -401214
318853 884657
953201 -809686
702521 419991
83041 507793
994304 944591
-180594 -804987
288072 361784
-48521 -182325
634026 341276
838270 946817
394908 166517
642368 -969892
378278 167053
233105 -992591
251467 -847392
-866842 -716334
-170553 107313
-138837 -551091
-797099 -353723
608632 127114
308615 -213911
383497 589673
-408275 -727059
-864876 -221182
348256 -372199
-370095 300941
312528 294915
75138 -886752
195316 484820
993887 358234
554563 524469
-345304 183700
58064 -487870
408875 268137
-297122 -428202
642137 323251
237049 653171
49807 249827
997553 684739
338706 768262
-834825 -549260
852592 772646
404405 758848
-961781 -593968
-209420 63511
215368 -704334
313832 -129218
219989 192310
279566 523461
-702804 -22447
-381260 -49751
-37359 760722
-812544 -985413
-300867 -773936
731583 652290
604837 -437203
198939 -925656
-807928 58860
-27290 -702472
463056 -835984
-427271 -878495
547677 160140
-989944 461384
606921 182148
-629778 781161
-433284 -696016
-206282 -653358
977998 -669451
26769 230647
-834950 -304039
441585 -946939
760307 859041
-109452 -60735
376981 -531611
459051 337818
155997 -519063
-998233 554329
251278 -436511
445331 572853
-215476 -622067
183107 -727111
-583673 -546547
-917221 -291434
-64873 97191
-832058 -522780
393367 569003
-115421 873860
497761 444731
854895 -122
680038 999310
-216752 -896584
641822 -103122
-266792 -918923
173792 -136404
621758 620762
-735062 -894057
-530334 884098
-784752 -741368
810746 877426
3188 75120
-438729 460166
-454924 -945157
-55377 -20343
573358 333232
152083 444857
-929492 -624853
-51020 98759
-904134 -262991
281959 239287
-636103 -715518
-64813 547248
332785 525347
-44940 580731
143139 574432
874683 -815349
422022 -741709
339388 -890768
199310 227330
-410165 -130534
-571098 -691232
-20435 -643202
781036 -443491
-922938 -922902
-909817 653427
-462081 -521975
412190 357226
-258665 170934
-696343 22862
-851236 417561
-98781 -516359
883335 421829
-943442 -827966
897639 698706
-693849 966504
824173 249727
599749 -371533
-311714 495843
-93570 -464384
748035 -986809
-695358 492284
925615 483395
338608 898318
722452 394826
-849630 -917346
359728 -461849
927210 -845133
-878958 -762405
719580 -320719
-912545 204237
-411962 -461339
-588309 324517
118410 768595
285168 -147029
280480 -420652
275988 -326236
-20227 798630
931179 362357
-655843 108959
-122249 -194171
-976603 -896039
409818 507287
250998 -232229
209425 683505
279688 762689
400692 -85480
231565 528135
994163 337776
-289475 -973670
-116354 -541221
-777753 -349967
888848 -902639
-965467 859176
-285305 663406
431029 -459813
-426521 -417225
-143447 626391
-366072 131304
178268 -122102
-618087 611311
811144 433341
100210 762465
-543926 -782882
707616 -143849
-700506 -515375
449712 -616306
-200661 -335610
621206 -634194
-621721 429583
236222 -594149
-870773 -853046
195905 893321
947105 699782
959703 506368
180154 -916139
774561 357200
310654 420329
-457027 -728959
-194927 -786196
-868777 -604819
260809 -45929
-487400 697256
962133 -166921
-416670 -289640
-71039 421498
744552 16634
-825036 694915
989104 -89890
-449789 145424
170316 646883
802991 987529
-796694 74272
-153100 384826
-440831 -722322
-311679 -218243
768845 766286
-593474 -129700
-950126 -578129
-628734 960951
-708550 961918
923921 -556001
-338543 392086
-528648 449703
894511 -843586
234382 -540418
38272 -636385
-389191 -321477
167920 75135
-358313 -976525
-61671 749543
-21953 771511
-242160 -844279
860214 -374614
746336 -567091
-668475 919139
-810858 432566
222090 653057
942684 685512
243976 917607
-66079 -860755
375607 -528730
-100052 217369
274253 -745025
155271 836123
-316479 -24042
-350542 -376881
199098 -531037
761778 -840177
-441766 898564
-549554 -542071
-308884 544350
717887 -229102
478916 377612
861341 -632078
-241706 503892
-271933 220900
-244480 508341
270910 -587126
756233 -949078
-908528 -885411
666438 -725010
364287 -778520
376202 355679
-400500 544225
417201 -603326
-324142 -849252
-336524 407281
985580 -296863
-190896 285435
448102 88353
297741 -335521
-755956 269038
-261027 349044
135891 486730
484421 -32119
902228 144165
-49903 -44264
-660095 -862706
178318 -944518
-287094 -134300
-63004 617791
-497266 -792431
464959 533769
132584 -533789
383093 978946
-400272 153827
907178 941318
-363895 504830
241672 -839152
933737 200208
331823 -497676
-253682 -928835
632922 560125
33483 754106
429423 408553
464498 -917107
-913703 138672
-861228 -151460
-394663 -138980
434720 -339005
704268 128315
-270437 153734
289160 -55585
-480232 978433
702263 886552
883653 -957231
297973 967531
-135261 -263531
-332873 -117740
-438894 352792
975848 608512
641805 993003
600772 724404
129400 -257015
731399 806321
-361190 -881287
92574 590537
-558986 650315
172860 -910103
116321 72502
-535829 -665866
328570 -64802
-477538 751896
-993425 425589
336734 366529
-704130 287622
-82251 273656
-547168 146068
-840332 -159035
-122134 209289
244244 -556478
434092 -922529
-918210 -651920
596999 233666
-604710 922825
-554293 -143792
566101 247148
200198 -224633
611309 -801425
-158213 -259078
-241928 270919
445704 727966
265535 515184
-914610 792201
230981 -945372
305549 -739862
404503 243602
-207558 848792
-195580 -14501
-176766 238133
29354 -950107
-972496 -903330
715430 -818888
788677 -512954
-843247 237236
41976 -863753
977863 161615
-938297 73436
78363 -444962
986507 906781
-136819 -130835
541764 756797
-434926 -888879
-774512 -515078
-22396 -799922
654029 -218931
193393 94962
-146718 517774
-320500 -980072
-814139 -703137
-503501 196707
52912 -732258
-426402 970673
-990955 25464
-720953 -595396
948110 -766217
916816 -577159
-434166 928435
-22198 -569501
88294 697971
-258742 -847196
-593659 -3245
634425 -880703
671837 806541
665488 -576679
-108247 884394
-508051 -854388
-79301 37939
-674327 489139
259421 405147
-587387 -904730
-538620 33986
-958696 -167657
739259 565138
-86167 538093
-544116 -624785
-141748 564904
563679 752582
-776888 -266568
234124 744610
-572023 -239941
-614343 424458
698559 -953656
-789023 332601
-160064 -394905
-512400 -648846
623846 -98748
269969 -472237
814113 -573065
266506 888528
-473547 -330078
-390612 -1002
-654516 167033
727227 -359762
-362739 -7519
-163415 -196750
-787465 -743291
-228741 139793
-672640 -370671
551499 554777
-204691 494358
-265140 960719
-750620 914909
949722 -67147
-569026 -517682
358721 -489166
-623492 10982
-348145 814036
-747696 441152
878010 -396322
-311611 -213466
554255 902019
783634 105351
476962 792886
-336298 -93252
866518 -28729
-31604 400229
203553 823890
-200669 380737
16565 -330274
79629 -448295
489860 462490
-539488 -668487
-516428 -68893
-938827 -250375
-373273 -911201
-322960 344256
139793 38489
-518308 657229
-172845 780023
677185 300655
735529 805945
-67700 -153184
-591558 212921
-637352 383196
453141 -228859
-901931 -157012
-30330 -536563
483047 435353
-724813 464228
455918 31489
414538 -218410
919436 -204602
-580188 -219941
4965 -319807
-202100 965461
-130976 712723
632766 609464
39406 -120023
-893396 -592722
52296 844264
894970 356381
496597 -974944
-399369 -745738
684834 166242
-359808 -2364
-929171 30755
-919040 107051
266787 102737
-120839 -221903
825352 140552
-988635 -920824
767542 120117
-660314 846789
858766 412755
356383 445846
467372 76561
495933 215543
415459 -489930
-896782 -399181
-783496 298528
239056 -210495
-269426 -474353
-614160 -959323
504991 111596
716508 187202
207314 691731
-537926 184775
-855542 769167
443276 433259
-292097 73880
271133 -391713
-236027 -717879
926086 -79166
-358644 -104754
870609 -884619
338205 782342
425545 792352
-923489 -353208
-317328 229997
584590 -720910
183322 -586181
914204 583758
-870681 447689
751307 -22337
-455224 -79020
225212 984581
752 -171728
711592 462315
21798 279137
151103 -795639
-561252 -614146
637007 -539339
424759 -973556
94932 828968
-658651 -268924
-791815 -908781
830809 215477
779431 -274983
969913 265372
250571 338157
-971377 732295
568661 713780
135431 -865100
-991041 680998
156314 694273
-686924 479869
-176463 397039
946751 194244
-667856 -195301
698178 832661
387514 -101847
866358 -518792
-355518 668603
-534030 104498
-520449 827821
894479 130721
364712 -910975
605781 -514866
907777 -791965
228903 797935
417576 -443570
-218488 -704442
778948 -208494
187339 334073
969643 -922833
337441 302598
-95430 390554
-722534 -902910
-735628 222278
874182 -752471
676840 -178427
-86229 556271
735900 428680
68500 916649
69044 432197
-402995 -568451
-952785 -651156
266715 986604
89104 802241
-67356 681321
-255913 25983
-365090 -390820
-189689 -393394
411825 -360874
-341701 -240009
565817 -728869
116282 -576876
581967 -883232
634035 818491
59223 53042
178426 994818
453631 -128016
-62830 -784899
-692208 -910380
-751818 -273557
974621 836300
-464585 -511072
-51460 -415997
647045 -612248
-211631 410050
894841 78605
-823451 159941
495636 -6890
95050 385961
-670796 233832
-289081 170077
-613332 462460
-662052 -426475
265202 605733
249329 551524
-630779 -397471
-868778 809310
-593228 316780
819315 -171553
-325341 -583658
-106778 -90364
-669086 258747
956196 622582
766060 891904
-518461 345642
736234 268831
-815620 161846
235329 -479377
537448 748569
-84773 654463
664922 -733797
672694 -244417
883612 80609
879739 189947
-624263 445608
-985162 639779
-888107 -907265
-289084 630715
-321596 -449793
447386 -673328
232269 212935
-883615 -561918
334623 111380
-228094 990376
-578454 -85107
-383070 -444258
802334 571565
132314 408453
888979 -146276
284826 24846
515028 -599809
612199 -717061
-186617 742184
744497 306276
-968161 626548
-133822 -422222
265908 233313
-591421 -735949
-854102 -470279
177404 567080
17740 867752
789004 -247988
33046 640251
847711 -50407
-897833 276857
269469 243746
-727697 -64430
-380135 479203
-39530 729789
460132 -890657
41239 -228749
-830100 436041
914441 988074
-512961 -850154
-778576 -140237
430803 -889217
168396 -402217
140773 767696
263963 60015
266935 -724383
448410 970299
570168 -883436
653576 -128073
-561727 -86178
765269 -7879
362377 -180585
-253740 199313
777473 -292381
-701076 37207
-229691 206734
183495 -390614
635790 431280
-563749 -460114
317948 753374
561161 -749417
600605 -806358
802931 -35440
323650 210093
-387093 -415331
-56841 709259
-446907 260757
452593 420820
650069 351479
-907250 -9981
-980435 -565455
769208 642805
708595 174625
969055 -208829
813559 34263
82937 829338
808296 312225
-309989 604651
654583 -389848
-248124 -613728
-133682 752082
-323952 1267
510909 -191050
-469972 -716613
-162751 -33751
303596 -487253
-396171 318672
-462219 130831
-177138 851970
-849172 106018
476363 305664
736627 -937052
-135951 940012
-753108 -265600
-293004 119213
-534586 -416263
755525 817578
194643 -400790
537601 -839836
62810 40389
-899822 -74389
-612973 -483972
-996189 229073
-678534 820065
-66929 -237244
89393 668680
375534 -95169
-287073 710537
781417 626095
-366619 622307
-994694 -163102
487157 -86472
993557 310514
457456 546638
316541 -946888
653862 895529
285924 -845469
-976080 688748
-425091 -22610
485417 -217820
-288143 945260
-763177 631091
51925 -912329
-301147 -589148
-425012 824234
822131 515807
-224859 414512
140136 924377
797289 971285
373430 217681
121794 839378
65950 -861679
-910263 -386574
535371 -204261
726384 -439615
40736 243359
277990 837064
177086 150687
-705055 -728298
1386 93096
208643 -129891
-957568 183665
432247 397041
594099 987816
-653222 823678
653599 -885880
2591 -153089
-86574 -313606
-202487 -330377
-873812 -863279
464081 -454427
82841 307643
-851560 -870758
-675917 -695924
849100 -502621
-570947 -756642
183961 -635574
-471083 537436
455546 208962
159118 -375176
-875823 -213184
81061 120334
-306509 -958861
706075 -3311
538721 800746
690039 -531942
610068 -225031
297676 50121
723124 434823
-135512 -548291
-437583 -258873
719687 468177
-254330 -702022
99701 -410185
106484 301476
698156 -159773
629242 320410
67793 702957
198032 125773
447975 578871
804182 -473614
69152 344721
675462 446414
-454814 -384419
-757820 -518477
-571443 668645
-421270 -367452
-719865 885773
-453597 -459370
83354 -291862
-272112 -852535
869620 -931946
-501158 -111740
932435 -23359
360542 870082
-175439 -378745
-75302 -799710
-494975 789471
-539341 -925397
473001 -772389
-160611 110092
416144 298041
300785 -516878
495840 752879
889980 684969
-306659 767803
-40085 -445472
844653 347027
-77493 -508156
501274 -513247
724777 -933691
-408610 -156521
871672 449170
-877693 -98365
296200 -656974
-991167 821892
-568753 540861
-650125 -467245
601763 743487
307304 -48722
-582968 -313899
-409594 313785
-289282 217055
661359 -693799
-857017 -43613
-922788 -474325
-613803 -870729
-342884 977359
-411354 293233
653862 -491560
-463892 -260541
-941514 109022
336316 816362
466206 218682
87028 496895
-313919 126191
-58182 -753095
-687075 492537
357143 -199689
-240920 -465649
365818 -366638
-94881 -575043
-111068 66764
506567 441342
712684 -217714
535033 104393
-708077 -883702
606194 429549
693909 -509079
-795925 892708
-677983 799804
923926 878837
-379340 533255
18667 -399070
867307 268420
-688597 -937566
110343 732241
205624 6991
279292 -664525
-700963 331492
157316 -757092
-607253 -709412
-241804 -583716
195604 994042
-988510 186888
-840539 -826365
414624 345896
-468584 -829817
-421774 74510
-272924 966768
-319319 624275
840515 -979180
885820 -321368
-814808 276946
673478 -583784
578141 -682074
-167201 950893
444271 -899183
356629 -591623
95913 553748
814447 805791
-752763 -654608
693323 -488023
924822 686614
-694890 269758
817750 -799861
144271 759171
-806415 367434
-279293 -259623
230473 -32520
-445075 870361
243337 -536752
-50148 506486
-197147 -675174
-58612 -937989
-662551 -41695
840760 121015
-283777 887701
-75247 -381728
589803 -55596
124088 -464246
-264549 10623
-218781 -915096
-711316 -607041
-987114 275416
-154705 179600
811257 -600445
38977 518460
-412633 -655692
-332639 -466557
-159357 64287
225792 528418
313020 -637755
527621 953136
-564650 -223255
-898211 652556
-255012 -110120
-699439 330142
-983697 -278080
392327 -800665
486599 -130777
-953238 -118541
-296040 813567
227213 106806
944846 741356
965193 66381
-162834 -209433
749923 -518191
-171580 558705
448434 -66837
-526135 956435
-820680 -778952
-776772 -63356
497068 383360
148842 -775196
-598549 -162653
-147497 715130
188233 -138011
125583 -537442
480891 786715
-730294 794673
873344 845846
-712009 -800412
300942 872375
812827 172382
-976230 -329628
-736410 -847733
976614 639710
542650 -81555
978124 -661316
429448 106226
992131 171480
-932611 290027
-585659 917591
598187 399294
-535354 881157
973281 235934
533070 -909010
-271345 -963102
-916215 -52205
468186 -737658
603968 964169
227869 -396378
485481 217848
549921 309806
-808841 -824049
796042 -287232
-819524 -758885
-709231 788293
266096 307618
-947134 425302
-614996 810038
-546830 460470
-479452 499696
865284 -516072
-978797 543832
-768437 279767
151158 -45160
-140892 873049
-633771 112670
-363353 589841
938764 -487017
194910 -760837
424572 968835
-659772 -964632
898651 690771
-84106 153094
685671 466532
-770614 403698
360442 43923
-418363 406938
427658 -894777
-817157 497751
722080 -782475
-844974 -851922
-528756 -466153
999996 736019
368670 -346501
422555 -170444
277045 -563102
-417873 668082
-567507 668797
915291 -712601
-671371 384362
-455049 -688265
996539 294435
-634794 -471966
-116769 729157
-50721 509353
-861552 -36737
-584042 684694
145830 -774827
-567115 985627
-587053 999397
-894437 -233216
652479 -211093
-912042 875883
-609343 713320
-214541 76062
873996 -197523
-816485 888601
-568887 254691
-926712 -321788
-443392 -943633
-12254 -176584
-309224 -809957
-505526 -207672
-338492 -580385
-613334 -28731
301753 -890891
7888 -946809
103684 905443
-102210 -872489
526901 -152735
746136 -467637
-192291 482959
283105 -45350
-437204 782881
-988740 -996811
-109916 50459
-251784 173869
-168233 -724929
738954 43128
-582730 -238367
-988563 698611
-823556 245439
-596907 -130782
468877 -760588
633845 -591827
-448098 -60906
-327644 -216489
169893 -350074
898582 878989
-258294 327532
-723746 -235797
-583193 -419872
-965483 -215178
-956761 575925
-180880 -85162
-977517 -48558
-315542 -179395
-314487 689822
-829555 -696213
-609526 -834990
184186 -19562
620319 -984843
-915956 -410899
440052 631219
-30553 267886
480297 -796229
-420051 -389883
490166 200485
312137 -469541
-805200 265544
-264502 -757135
-403251 -448853
-336566 -281351
-853012 -826110
-881643 -421534
-749816 577858
9656 83258
-617871 376386
932009 -336504
945403 865684
117272 -234750
246678 871638
274067 -509312
116324 418143
809962 -189803
472033 -747426
378198 -62982
763863 -872936
-816631 -530791
-645755 446235
-799649 -513054
741824 -101115
-959795 625181
128932 -482750
379517 -362701
-796133 888768
514213 -284187
48733 276567
-375882 -447175
-793166 642600
-29907 -943766
365029 178008
-978949 -540118
677041 -519256
-487729 326010
240669 257531
-180820 211668
270036 178123
-510123 -71178
-558992 -56157
628131 346856
601376 -22523
-255068 -149842
-740888 140743
947375 91723
-867391 990717
-559590 -380853
-508351 -956876
-727862 72997
-280928 -42817
322244 463919
407432 -31020
-987445 279205
-920874 515637
615799 717928
379190 -85762
931046 991746
-841074 384319
-204138 -428135
153430 -998207
312139 548795
264254 75669
18085 459474
-258287 507915
411948 934435
643685 994583
192813 -774357
544997 -746266
442372 84213
113872 -332589
379735 -852341
758273 -37155
588738 -552878
-876332 -717597
31156 -160346
229388 -62137
-18206 -459325
-395421 -346568
831446 251508
884055 -869168
536887 -559950
-145462 -793789
-326116 -754327
259724 -497579
-336309 -118416
510278 -63561
47974 -167173
800257 -85931
288200 -801758
978545 -62052
647742 327100
898641 84231
717073 865960
-210135 790140
505664 523083
757013 61761
-459198 269633
-582899 -569308
-485636 -276392
-594960 -567052
-69547 -809203
-271672 371952
-408067 530108
-762204 552674
806659 2226
970450 -483213
621716 77143
-417518 -902562
745319 -7547
553519 538434
-593105 728293
-801696 -524287
545417 -715335
886555 203159
550204 748566
-449995 758243
801593 -271145
-469601 -211203
-536142 602544
-113193 -242967
-45794 -800745
-166435 -867890
607158 853430
-887738 -899058
-545078 232309
-732717 -118365
537317 -396171
-59020 88321
-391398 105509
357191 -700942
-651013 679406
-395230 -788333
509860 175495
-819907 -906135
-356603 -711553
813657 -241392
578627 227925
793140 -178283
579737 -141989
-885239 -117393
351303 -977505
968232 -266227
141351 -414722
601767 -959457
734871 -285711
798256 545771
748861 363777
618439 491194
-446566 -852130
-498628 -853906
-726354 147608
-957440 490607
285041 658967
-529919 -73494
-904621 382845
-664049 727283
-929932 161013
-732297 -767177
927059 -89148
-965730 -534053
-113058 -88834
765042 -83556
-350910 -949836
773567 640222
-510423 226830
-304213 239667
308641 -532227
-65900 690185
375138 389440
-169408 -253262
-635520 -601765
-167525 30902
-510884 794084
-660986 -215034
-891431 596866
362148 -682786
432105 818748
-140562 396469
524107 947936
-68585 578031
236333 -897868
-597584 -332145
771916 -79319
919709 -169852
-29861 -142156
395505 50575
809289 -450051
254842 -222856
-881787 -935259
414415 -230920
-390060 -603990
-673447 69319
-13624 684966
234980 35581
106379 -526052
176523 597183
-890036 62135
245879 -66414
-212993 97865
971566 -181359
120462 -556674
308107 -912737
-813829 -260128
-966075 -506058
139456 -454911
-122648 438763
135119 688009
-987832 844882
47402 -843370
995361 -238560
802273 792643
-591059 -870520
224126 711315
219032 -347165
574505 -730785
845797 590288
826432 487541
-677687 768316
-510934 34606
-900481 402313
440485 688100
-586683 -801164
833056 -669575
-759636 18842
416040 985048
176649 459293
-656289 -951595
34515 918197
708021 -514841
417059 -797638
-898803 -285445
894930 288386
405977 -540450
901346 -802135
-535317 -364116
-57216 474659
-446684 -894806
-271610 614127
893887 -224565
520737 93824
-865804 -120012
-834946 -838687
668488 639341
-156915 -632529
-467736 -533356
575207 -619736
-602441 85514
-317410 -733342
644289 -420510
-76633 440048
502033 -450734
690075 -933869
967375 -316628
800300 861779
-558976 -493268
-646999 -248275
24902 -993993
811258 -942680
-457923 685652
135984 933360
950958 -120838
244641 869171
320049 713186
-46993 722121
931984 -186273
637753 -538526
-406689 -107446
-773256 -454767
276820 -961137
-139852 -852327
255282 -708750
-798332 -336103
-347273 -519511
876249 425626
-702787 545372
78001 -890106
-870720 -458755
-652564 -947845
450923 75905
-978008 680239
-948771 -418771
552723 -524798
376841 -524352
18618 -202032
597117 872732
585137 -295378
-106855 912818
-501653 137375
-821833 -746029
