5000
-370776 1986
696495 -516089
449726 298480
-257146 261245
456211 -603889
-333465 -863293
421097 -674285
614872 -69337
-543476 -806473
-459002 -988616
-369337 786778
244160 990341
21647 -239850
582831 -274647
-893018 982329
383777 5834
-809446 -404533
707043 -753923
-57825 -337813
45643 -850904
950903 423235
-773380 392260
-552616 249916
-947754 -903519
320926 39640
743283 -141891
963960 -17099
186937 -957925
175657 -610055
350280 -910882
-115972 648753
301401 897362
382132 300959
-622426 936125
289213 417150
-64947 56319
-970252 -500526
-748553 870253
-455776 -937910
687982 107467
355328 316732
644337 304776
797275 896758
227530 115281
-356024 -75230
37220 -939578
5574 -197061
-665415 -481002
857776 739862
-988692 -273608
807399 536121
518372 179672
-588356 589710
169572 -658746
231063 484239
866994 -913112
-204416 -886428
-810616 842566
501564 -27497
507241 -686240
34965 -860898
-554639 -292006
645901 859178
782841 254765
-923032 430651
-477426 797049
806749 -160620
-872092 -705054
524787 638238
-604100 -140613
110581 -929793
978296 -384408
757602 -64850
546295 197734
810222 522849
911308 509948
-721202 681524
176591 286460
225863 -505711
369724 315607
213273 262725
229279 -893767
-640537 875340
-324624 -859288
-418114 112625
492845 733997
-779247 51862
196431 579720
-150672 -401096
433172 894957
885921 500478
54279 -167720
610019 -406158
-630909 -782916
-808682 91080
967862 269008
880214 -930268
520954 -262799
-476260 -896011
-6976 809257
-146212 -554375
-91472 285073
777046 -297908
-8534 10762
11012 799994
-152232 321988
-778646 873972
-321875 511544
-739340 -432126
-564117 730765
255619 -447445
813731 -788375
-50027 428492
-95970 -444061
-976729 -237070
-721207 -650472
393390 -175785
-125379 -389834
-22088 574479
-550378 574064
-882041 819739
22007 -608663
104973 707330
-703780 205685
134533 -822826
-426648 -323293
686563 -499719
-936194 59080
212946 -565719
-544359 341402
-131241 -212371
469197 -888991
938948 -449361
271704 700287
108494 690691
580504 316037
-28307 -72981
-240809 244619
933036 503759
-353015 842728
853820 944757
659190 -370555
552942 657200
-804217 933516
941747 -427283
-270132 -160008
991865 504659
470475 880263
640540 7125
930512 520937
155733 453662
858129 658128
-116894 376198
648629 853907
-593269 437945
511527 53994
147608 -415929
-830130 -613634
895632 341746
242641 319293
386393 -591889
-16067 -830922
49472 720428
797844 -694036
-239060 -693822
-48633 291208
750302 -61531
-671683 -874514
-338576 330144
-302349 -122902
-774635 -738167
738629 291082
645874 -330011
812111 -771485
531368 -266189
826699 -472463
-11241 524215
918793 288777
-294559 -775030
-750142 -146308
-424144 124961
269458 726358
-35166 -354891
865172 989658
-671203 -299899
692984 769874
745188 897585
-588811 710529
-693087 -580922
-447124 -486821
-385021 -72525
171158 459325
29977 -563388
-649330 22445
-519973 -324010
-536770 481694
792875 129830
633795 109064
-322519 255171
240995 756016
449972 -365120
257489 523010
-266352 -995878
940745 -997506
678300 355674
830347 868367
-431782 581847
-938797 -880772
-483879 -785297
-475386 -483124
352793 638436
-888926 270277
-811517 -800165
293169 -899518
604392 -62784
584311 -737780
-946896 562930
836501 -934462
-758867 344335
992100 -707651
-536582 127077
753172 933088
-855649 -234393
358682 -832878
-178990 -578963
-67775 -74520
-296456 344849
-839617 -841669
240041 -729177
65352 368629
-439912 663879
-192555 -306149
-963491 -505175
226370 -204082
-748622 496553
760778 -31371
-788714 450427
-391862 -241837
942886 483486
506339 -62967
491816 399908
324157 988876
12076 -451335
-394873 682194
284237 -532684
78372 742943
-316880 664006
463777 -832682
883921 -174751
120233 911164
236837 -90986
150252 478605
-39989 638797
-982413 921452
-761597 447461
903282 196650
-752497 578263
346555 -248573
-61280 -140305
495284 -407670
406528 312877
-77747 -355432
305156 394282
-151350 409179
-578355 -487896
861692 64800
-471632 663610
799630 -122743
833187 -106667
-401029 941388
-256831 474671
-534561 503876
113866 -659021
-837499 -591636
-193368 300712
-987399 -73609
-307124 761170
875746 -547111
590198 179700
-370204 624703
601760 -633491
-485762 565827
472859 -862329
-76849 -373176
-833549 882270
504325 -820244
758618 -103316
-345808 -530888
956151 -182910
592831 -511910
51965 946789
632042 696776
297142 242058
284061 719840
-839242 -334089
-92071 -408489
252042 -280264
-713197 -665361
588660 -450424
-957619 587775
-509514 -676640
562299 -144401
-378322 -591569
-614768 -358049
468959 -383226
74663 462510
133890 -550654
-320231 -101860
85404 -648320
-550045 87514
651799 850840
-660030 -226063
555322 858641
999281 -573173
-749751 99078
493809 556060
-515503 64627
-166360 -18797
575414 293315
489284 -741017
773160 810032
-698441 -385993
870183 -324723
873011 579480
-916987 -89824
814906 -759370
536008 -572366
-389028 895574
818563 -344655
-153556 630821
-466375 -160192
-103112 -728124
806429 -319279
-512061 -879997
293929 168287
-621115 323308
-316148 -312394
980116 224034
-540666 -709141
-463143 483809
307313 -77369
-159772 887373
974214 595379
114425 -473826
62514 -799239
-237276 -161290
-378490 956386
-48328 32795
955473 -426502
632882 -454245
-255159 230825
647911 -666641
492528 632901
-680216 -204838
-549560 352370
-671432 -499745
-243414 866529
-266167 660927
-279513 -256657
-541177 675445
496023 26559
79138 -545250
-404013 -238777
366050 -60404
965147 -571241
134648 -829474
620330 -757688
-630884 447237
-697721 671422
806373 -528586
383744 -463222
840968 711427
586477 537804
-640973 -565613
-412832 -936843
336744 -489555
-221324 461313
-794696 967044
-495989 -468717
944903 785634
19029 18400
15207 -445011
-146199 99522
970012 931727
430861 -917652
-874972 -218588
726251 110826
-395368 330940
111028 -651277
-446045 -235426
155547 959164
-213389 293068
394121 -641618
-42804 72461
712306 958098
842957 -646798
-395915 77723
412890 858874
68901 144977
891348 942132
-152211 978770
-619028 -559061
-625217 -245804
-851715 39412
-909804 -396970
-943757 -672880
-859443 713420
-66684 -355715
241553 723303
-67216 -179347
-200875 -904253
-679278 -453006
-12832 -247442
634463 -977570
-429724 501051
890073 -765372
-754894 403637
-408306 -51960
-257296 659888
952546 916871
488745 -285738
-967860 392635
836916 -778080
636519 53766
-44866 256169
300217 -424466
-992989 -373496
223013 287298
746300 -415448
685838 571870
643153 -961053
355641 -143340
-55447 783521
483804 345838
555270 -632695
-902666 -225325
54197 283025
-864502 -758825
144426 -611490
-75208 824558
-848623 -435062
-166449 -223232
-645385 -817929
-374617 -811896
-126680 -728555
-261676 -324941
102429 803101
-241877 654255
715517 -628928
-447343 -148859
-982205 -251373
281098 -799238
-201522 386899
-527200 178048
-597151 541142
-95597 862281
-155736 895680
-928510 -487973
-466821 396694
-438240 -842603
-211281 83575
224707 598052
-371617 241246
249204 285973
-968659 -343554
995899 136871
96941 -624592
908344 -13169
-246905 -77002
-315103 -982773
-709731 509936
-176014 238117
-974335 473403
992531 -233037
-472210 74308
903265 80056
533889 299971
623649 -647851
-109016 242194
-446512 248233
-475314 -182170
323462 142864
-732820 20242
251134 -597242
-299274 -867625
95316 905978
-69119 -101981
-639437 -589232
-771917 -220187
745048 456237
972989 -253458
-476613 312953
-78915 420637
-175712 -291878
55968 285307
753932 -323539
-473706 847853
-111949 -813468
309031 -342317
606889 409817
95595 -371035
-208380 601621
14929 -31796
-59032 -941475
583325 -305402
-947975 -394325
180520 582185
684809 116657
307149 25516
514528 -702246
-487426 -634923
557272 -633721
954557 -591068
824437 150371
380882 782425
-934108 -885445
669317 562291
-101579 -478397
-485439 644165
-948340 434266
-209102 -267664
943101 359051
-420585 380543
-545632 8825
-859041 869072
235822 -21002
618143 968277
-572882 -97733
492968 498166
-895180 -636221
-379518 828466
321728 106354
821075 -930400
-968371 907315
544442 617586
-36007 -846089
461123 56472
-262491 280818
946961 -766479
597612 250188
-973398 717135
749956 -368651
255481 138049
-725627 -231903
-840555 937917
-285693 207296
-336440 908187
-974394 156998
906281 -896842
-356623 -154626
-9732 827486
719472 -817257
616300 -131854
-482786 -66921
-826712 -393301
486966 194893
335092 -731661
-764823 -142647
355588 682254
559176 897899
-166529 457569
-249276 -89071
962732 -731120
-317850 817318
-662725 593655
-932628 -869065
-882809 698184
-315392 -212175
-869427 -422782
-165953 -551294
-959832 261863
450829 707674
830211 116152
-670767 -68575
394077 -590247
970770 -328147
5565 291032
827282 640387
248247 172719
-267681 -365580
-537729 -887704
900952 -63203
-76849 -873631
862626 -224190
429507 -39289
-325771 -362060
-800448 -280265
-186186 -998894
876557 255626
-667592 209951
251493 895785
-754529 -894711
95981 253100
422783 -12830
-690906 831231
795087 -298598
865711 -620043
-289841 373226
-279111 53166
-159476 425064
-934983 -41491
71601 244027
19130 -346152
953720 -468762
-870833 780711
197209 -961419
259700 -312527
-496198 898376
-888364 -527213
896642 26295
439096 534675
-212033 880403
-877010 289358
-303915 -58075
94554 -456015
997019 -590405
-547854 -894155
639334 -764596
-860603 146724
723567 -606671
-77851 225212
-215800 -525646
-151840 408471
703187 -211822
-264786 643958
-63688 568140
843000 -299601
136474 -378272
685525 -912378
800632 208162
804068 -127895
-779501 -864730
158292 231548
885640 304241
-75771 965026
-185175 -240178
211724 -561683
-510753 -199013
414304 -480850
182406 -623535
649775 -262132
-647281 960933
701926 -740274
982171 225643
739455 951587
699064 -566994
-701814 364776
69714 514653
-173098 171360
83322 399665
344073 -732666
-470904 -814699
846510 -328936
-23550 -98839
-832247 -443444
-234099 -426790
174264 336520
-87408 910856
304013 484086
855560 -29973
25526 84269
317803 -98699
-846256 234114
-180302 -985022
375923 407915
-487155 605412
-724631 -635465
-21060 -300096
596298 421616
-260913 -975881
-465522 -36734
91905 -345441
-466205 -259085
-448792 313975
992551 88150
304677 400145
-387727 699361
-470377 -176199
61221 532093
501402 -480144
-734881 -836246
109862 558581
-8251 -556599
383736 186453
-20702 728983
-597070 -240065
-24707 -251794
-599883 -357487
-28356 -644919
795385 634589
243413 -576484
938969 195746
-167107 694646
-95594 82956
277804 -205278
-894763 -747233
-278415 -316987
742005 -740602
920106 491739
705253 837412
411497 -557508
-884297 362448
-768188 -312869
-86448 30454
-313964 -893711
-798293 -980809
230875 78238
65459 273038
146811 -532568
174305 -370601
-521397 -316399
672027 -958268
-709061 -461176
456792 887141
317422 -467009
499137 -895895
-866241 484598
804410 511872
-673924 276084
611655 -275915
-988503 -958155
728879 459840
-251320 753187
-579105 190649
-796854 482048
78898 747246
-296599 -442350
272907 405160
491843 -875678
777767 -141502
160591 -622866
152751 -578068
-459996 -672543
618174 716778
616980 -574585
-624389 587192
477914 -12473
795662 665237
580955 -568658
512127 -717865
694251 -973987
-305330 -738177
-18056 -450712
707046 -286475
920190 891386
-596747 -888266
-930351 -764551
497568 872034
270327 604785
396524 450211
-891284 279797
-140565 -520368
-137719 688082
90708 -75294
-568844 -356729
340411 -496875
-946807 -884067
285088 -682149
674802 176592
771362 914370
-82210 -727823
-555717 934619
-241828 565492
777382 -556115
-968915 -850661
498769 -7480
-203372 -606392
176630 -993055
232404 -531973
242031 -157099
-430313 356785
760367 -664642
-528458 522177
-673316 -795055
259542 760413
12466 27263
-235397 27030
779306 -332186
468268 906805
75432 -499962
-206203 887133
-773734 -868851
193101 929003
-138733 842926
-384632 -373274
720059 32182
-952689 -975470
745190 902077
-322917 788165
964982 -511385
-523391 777442
615145 -108611
-705808 724996
373563 -201664
-961695 -280151
252269 -892979
437605 -574438
897995 923992
-950940 -376670
967791 -257927
-680635 -79171
490376 51913
932089 365325
993013 759200
-947586 864399
-939469 252876
662846 293454
882251 -743858
-551604 999528
252622 -590027
626040 955024
-500679 -92797
-490607 -696301
169725 -595668
353575 312415
614111 599221
705305 -482184
210377 231440
66244 -127738
-183765 978017
34349 -298317
-988443 107291
-316573 -793639
359091 457942
-446696 -260639
-317447 -915137
900327 -663727
142528 338989
-563843 -7814
-678661 -909569
417699 -464275
106884 -60366
-922830 -302247
504007 -373303
-882802 -969640
360901 -575376
966756 -134986
989620 -434553
337875 -350814
-464830 -337853
-429995 -497629
-772583 -680143
368561 -391097
28389 489263
-820523 -276928
460026 582782
-28492 -943383
870697 -692660
-655204 931950
-417398 635982
-953206 -262391
378890 345624
-267571 897800
-926609 2766
-230018 -616907
-483462 -515071
-675683 896695
-527087 -664527
393672 373516
-723486 891509
-772268 618043
712662 277239
140979 -763889
-331317 -374109
-589228 -326999
-906711 -358573
-635680 -780705
953914 -577193
-763973 -444076
-357330 373198
198949 263561
863127 423494
-492402 -311677
-175763 230920
-38149 -885627
-402721 60691
-540927 -875887
656739 529950
598134 -326247
-542379 -114385
-750026 512658
-840372 574266
653749 -530364
167358 -926561
510436 -704960
786246 147766
741587 408407
956564 -540147
-457500 678504
-7096 469880
-344288 245803
-102502 452784
37024 458490
571036 -125677
971438 -601120
770836 -958038
393498 -400517
-937804 -766799
630238 892473
-416262 987609
240074 806945
-717889 722168
311333 -499036
-366203 549578
746481 -469190
794310 191931
964148 -520672
-95575 -199888
383156 764344
-844340 175270
-739 -414737
122550 -293226
65224 -940714
851207 253586
-218851 -296222
-669475 495340
-717356 -167043
38860 -376365
68156 13452
812324 833218
450031 -715187
-15405 680104
256271 -657809
-522649 551208
-453007 944449
334609 943382
-899710 369471
-621452 -609787
-995022 359847
-431041 313214
93 -241593
-436771 -936459
-132999 16973
-652421 119478
516557 646270
121953 517065
-889571 -605601
-380760 93799
50545 -63092
-511319 996213
-767923 400388
-137581 429195
-378071 356912
-683033 960659
595614 -185569
-717025 -685796
875955 265036
362100 884464
644305 -879312
749609 867264
245535 -262116
-463782 648580
472185 19267
546928 878473
16500 920217
-374595 -317417
883293 886726
-260088 -945152
933736 -326003
-684619 313890
74883 -935089
199478 -859314
-893740 -916288
-935244 -673096
-299023 605511
-564850 -420808
218871 133362
904443 -455143
510953 459069
-581976 -154954
219994 471687
-338895 -551525
-20386 811812
139701 -734315
687294 766088
-450578 460506
-200998 -432837
715453 -157761
-899469 -259910
-257332 -844306
206331 410683
-719240 512928
471509 472404
-709504 478629
364905 -230244
119197 571006
57785 904177
864123 -58870
758532 844585
252633 -882589
313221 -958800
-75963 156623
-219270 897100
-39126 -769029
237186 207627
-7873 -945029
621879 -930390
159850 -83511
-496485 640510
196975 935272
-778206 698379
-406996 759554
998623 372430
227778 -746105
-702345 33567
-208195 -125398
46927 675191
-996170 291755
-614018 672926
133008 -672586
-232185 -182073
-652185 847321
-131467 -991553
67830 -652290
66425 -605329
-623058 -891410
-945968 248818
-291119 -43815
577289 -318575
-480274 43747
-738744 -756407
-984525 459971
855076 -493104
215503 -10032
735018 -423307
301842 482281
-929070 648655
264352 586397
-791688 -772966
185296 -737683
-977055 -641119
-177573 63999
-329840 -443173
-701559 -888700
835430 -866041
-474395 -347057
-996188 -570490
293310 -348813
-86054 209861
-608887 -93360
-906571 -832966
252486 -950095
120514 -283204
-618206 -170620
-92792 -239057
-435562 -908455
653779 -690989
421608 -188383
-949730 -499501
363403 533568
-427467 363757
-857990 803232
902329 -848619
130204 359529
-704098 -250242
-962444 -999531
-606036 393038
649815 -284759
169155 -431043
404817 -848446
400089 -466884
25380 944019
-367538 188784
400757 765430
-6247 666464
-668231 -881667
335061 581195
-713391 -85342
-367995 -745481
-317390 -420221
721540 -777109
955389 722515
-407194 -651272
-234331 629081
-188382 46656
-136242 783349
-74877 -83788
-380291 -350729
214940 872999
-634725 -240974
-828452 -210100
-116300 -919109
199951 -153055
848391 -624991
475103 817982
112616 472501
261677 778160
-685548 -341747
309891 -100082
636995 -424738
-539730 -79045
514987 -152425
-409034 -197768
761006 413025
-138397 496828
535254 -61602
-694703 945745
-367852 183870
225206 160605
-216159 -515339
258411 -539597
-645197 261162
546671 906631
435619 -264410
800584 380278
813467 898657
883413 702051
-633397 905026
722194 -563354
-412956 -379706
-992371 -814164
974107 801010
-984087 -665291
744965 610470
355477 364400
-626968 -534250
211936 -395475
10196 -856190
-522534 391673
-329526 -594051
-248460 177061
973813 -478943
362048 -670981
-671361 183828
-161914 -365376
700131 -555370
-930378 264996
234254 -656286
971296 431939
-134783 -32020
264747 286962
-608021 458017
303934 -139306
656256 -584930
-523060 -206176
717124 864281
38170 -558163
683383 203915
228151 -327925
65187 216953
-992309 -823012
-895611 -723488
742592 691544
731584 336340
89088 286437
386198 188459
-528591 623568
-654329 286868
724801 -363309
-250749 968577
-784919 345481
-814454 -130160
-917143 -747631
-217201 198483
89318 151971
97529 -190440
245973 243515
-584858 827432
588111 690586
-114916 -471400
486511 -257309
-52396 607070
116806 -937077
-670775 971248
-225499 848833
-100227 742157
-882315 83271
766997 558762
-191418 976647
546312 -264317
623551 -731079
-411963 686322
908740 -721576
-63874 520310
938012 329951
235277 -505187
-587296 37382
374941 -542320
-700186 876901
124004 -120195
-527376 66544
-121539 -514263
-257249 -539532
-916620 -479504
451918 988938
226872 -386537
-292410 -734955
675722 868321
-26562 -341876
358993 923767
-925015 -247255
-285056 383981
528895 703919
565276 262926
-764398 -888760
-215983 -559627
724480 134268
843030 533141
673457 -355296
697391 -773411
44437 -185390
-220543 -893171
632397 639976
-267602 838069
432668 -91251
-666491 -899436
-42649 707100
954194 -767394
196610 254508
182078 967710
962104 -638272
-787098 -735382
893071 -270695
-976410 558897
169383 577984
136079 -126717
-903325 -776073
-19186 -885387
-741297 845607
-732833 168905
413915 122663
-836684 179070
-315664 -734745
595907 -746521
-802196 101668
706266 -205355
533226 -706243
593008 -844227
-329088 833560
-182301 373407
-250536 501191
-420476 -312004
454107 -585516
541142 -119873
75992 333608
869622 922017
84681 971302
-117957 -239306
322668 -603870
313932 -296314
132842 -700775
425336 23643
474410 711724
173897 771967
814275 549916
577688 -651439
303908 -660498
-9439 166322
-635733 -432476
-322981 -96313
-299312 547438
-967783 41630
-242485 247469
555861 353046
223499 -939980
482964 -829426
511671 -944345
-944945 899609
278182 895732
439858 -690948
613970 893561
31915 -378594
-633229 348043
-351500 -328558
304308 987595
779650 622362
528594 -899570
141560 -229924
-977885 -888438
950417 -768840
-972733 -912621
-95203 488425
-650861 -515671
-9588 595171
-421047 -4655
-968697 -986719
-112378 -238760
947721 -106593
707016 553472
-967957 489202
-751784 401185
-855592 -239918
637900 -723017
-614232 364443
664821 129982
-220128 -524482
-333700 -348433
-880280 -25797
376898 -721775
-786307 24689
646010 -859056
678345 249537
-423028 658768
-926293 -671034
678286 419649
250319 -622750
-835394 667338
-731446 493461
649620 -822117
-252180 -600913
-525003 665701
491891 -860883
688019 -421783
-612474 -245961
-627735 -17267
-814293 -440619
-141608 -551119
955978 465564
-770603 -454242
-753515 515283
-104912 -152136
553581 -673879
72488 -841697
-973181 -638510
124226 -811771
990404 -553093
-188633 -641536
-886758 -712651
-940820 -711840
-631747 564668
30546 -8720
-187060 377333
801369 414709
-264076 -149334
-169524 -61495
-660770 -292004
248939 -11538
417906 -50100
-293044 -683203
460708 -542341
-613750 -15970
-611803 152062
492715 908991
-726539 -577663
-107147 55886
-788014 -637720
-410555 -639250
856258 226703
815591 -230536
-389731 -371210
-599942 -722041
3312 -429460
136188 716894
-289091 245966
978687 -668430
-232789 975478
-855541 153672
-807723 -147843
93532 525470
836847 491118
-726902 -721149
196427 -838013
421164 -784402
-480471 -580841
802896 879812
-594817 154537
-111727 -947903
-18201 241493
-120436 -651642
780245 135846
33329 45130
-66669 -818708
908010 299472
377158 -158835
49362 616086
-260194 -724774
31908 -877537
800871 -10790
698450 -956570
142912 -537912
849166 -466379
584783 243104
27152 -106752
-882297 -876635
-730700 -926452
543437 988992
-906809 225130
-333165 -884165
-681864 -63609
-177195 -306999
-456485 455581
758850 765081
601206 -481126
-22656 230300
695709 -690992
842417 445486
-798992 880918
-644074 203736
-844215 -825725
571325 861982
-639067 288906
-197180 -608592
904768 -327166
-757369 -107323
939435 473722
407650 592241
-651588 -424376
917459 158541
-525924 -408587
913153 393160
75336 -947292
405700 798918
496665 -811522
193197 -114027
-460762 675532
811783 -136201
453533 578858
545001 -528706
660448 226095
-930565 -557472
-449084 -963535
876459 550664
644424 844587
656749 201171
-128842 -181927
223108 -34919
-700334 146541
-73835 51457
86251 -118704
-871120 -849489
-760207 -154884
-815730 -991974
118235 572088
-255117 1404
346743 -390103
124600 -925421
937447 -740662
242234 -362543
-953458 -839777
988448 -43228
435182 687676
-424734 113765
46978 214221
-186345 -286118
551072 -536360
-106802 -638270
-79282 -860659
285432 873033
-338176 694697
79682 639156
-523956 -927903
974132 -465474
643015 226843
-479636 -580164
786063 -888622
99362 889348
-248482 444745
-956079 -348850
-960413 650629
-332626 372531
459809 -958260
248963 337789
-61126 -192022
-884 -554425
-861058 467323
585844 -63056
-611326 -225949
315689 -960895
875850 613376
-728427 248796
-566421 315343
580700 242671
-87133 594287
788301 881923
136902 988320
-370675 237075
-176949 -4888
-21789 488506
-845104 512148
-322395 333412
307528 642470
-808366 -337125
-174328 -75335
34089 129849
-650641 243466
848021 228979
-929211 469948
-915830 1864
-995420 777523
-288490 -774086
907170 966077
144635 -679106
520977 -756629
-839371 -592641
-108338 -825674
202442 -848079
954040 686515
397669 518779
-194485 -97583
-460015 986017
-667760 656763
808020 275864
-256978 731524
184589 -654458
964319 306255
-171479 278898
469505 574961
-798684 -805800
924769 -789418
234070 -648642
627232 955085
688164 110551
-504948 439987
949815 -378266
322277 -166744
521957 -603471
848820 -384967
96008 -876200
121994 -985346
153792 -539104
-675501 357545
-542612 -856714
-65226 688570
292854 -423050
606431 -27533
-611190 105544
187163 -344176
-393289 455140
-350637 470223
471987 829806
-292504 159744
770997 -57971
-263122 207457
988203 883729
-520395 977886
167573 619966
962174 -478428
-413507 -583524
555480 98034
-424858 406447
-891466 -373748
111520 444323
-940247 918011
-112154 -887810
-629800 -669410
411957 962356
974143 -615947
314757 272686
226774 71567
933902 -839967
-530442 974556
-923929 765941
-75378 946856
-80402 706880
806674 94361
-214436 -970290
91706 227422
-567837 -657169
546275 -177983
-683232 124406
836805 -365903
-157908 -996923
875274 953609
-238935 829043
-967051 324332
690316 -973108
43270 -69959
565868 641309
474257 -526296
625603 -960124
-636817 529215
152716 576488
791075 -12283
-21089 703045
-760536 -144639
-819271 -919598
-68989 -376977
-413274 -616406
-431321 -664327
-669839 291490
-416236 500611
-241364 788388
942547 -997173
-214697 962977
-142534 80621
-459422 356490
-27678 19558
396164 444586
825668 520287
-837878 784360
-589371 -550514
-217717 -363537
793373 -490262
147683 -689185
322717 225279
921260 -88255
-411053 698984
-288092 10065
-564008 -642683
-769278 -638440
-672625 -849984
7438 -637592
-919606 -26208
990135 983831
-223296 -806996
108871 -304278
-265244 596825
-894968 -423163
-113693 -677716
201602 -208767
-189701 441264
990967 -331483
476881 -462659
-947726 971627
504123 624336
478387 -393671
-711802 -228918
441635 531926
250561 593066
983811 287760
768018 849585
-465201 -661708
82973 254184
-872185 -135923
15792 -687735
-194489 970623
-323786 -567416
-355052 888007
146647 -64660
750680 -184796
441763 -305082
512373 -778091
-992438 -331516
-632161 748482
782686 -460158
286807 614030
802627 -809002
-330959 -269310
674362 -830642
2601 -386573
868191 -478779
478732 -186239
111608 -794280
-763933 233320
-862281 -37785
-254193 -191362
126238 -505927
-812146 505401
-776009 492712
-967650 -912489
-727095 -708945
-816659 -897173
-180551 -91762
553537 -889687
60373 630759
-146016 -733053
244543 639853
-27926 43071
-945028 -748952
-562790 928538
-265220 217401
15592 -235008
-585958 598375
51109 29281
-312232 938470
997276 -17334
187951 -92453
-23373 628782
16341 -943180
910566 901374
403317 707665
-71480 297955
385514 769328
63589 879236
-7512 -236788
-997273 822971
-535152 -369054
270101 173993
-114304 -962559
-591391 -808235
514357 -884889
-683206 372176
-760724 251408
-775021 -141789
-38076 138037
-627336 861612
570151 534894
708557 -91101
795290 510073
-8469 157270
-568759 -247103
822110 294979
-635460 -453245
-105518 -472161
-373383 -708485
920571 -464548
520921 974653
-386593 426821
929018 660521
700450 857658
-357030 130450
538756 857644
829397 -639785
16578 -834426
781482 -995632
-66503 323368
767799 397032
880461 345717
757298 -340730
-584185 -682972
847675 -782660
-689606 688859
-473198 773269
-967027 -719750
-92927 622824
-833160 -678197
272679 -880268
62689 -831641
649101 -733101
-80238 172655
-741727 -456381
142491 378774
-477448 664072
811796 719983
341211 -264767
483366 415379
-594825 291969
-46288 -174648
391244 -298388
68564 -289495
376951 -365249
827656 -855024
-25159 -898543
-502622 290515
364769 14690
-4538 -488577
786325 283064
888045 -602200
347562 23118
-233398 980393
512553 663439
616706 -552496
388318 -998138
973813 342250
-30918 989969
391430 167229
538567 -462148
-210524 -491979
-332172 -142486
529836 128956
249962 -719028
678079 480792
-6813 403072
-950111 191796
-354843 661222
176481 220458
37650 -126566
378335 95820
862673 98422
-758747 536011
842975 983534
4967 -752664
785453 30624
-34162 893429
208192 -677690
162669 -116439
560422 157286
310632 934908
388345 -245831
261020 861290
-119088 -896418
482214 -64027
593295 -225898
-71903 743334
902871 -870284
-200077 984061
-451067 -374445
88427 -479233
780519 -323137
711853 229341
-17400 -312855
779006 -227021
-713923 -43390
-465285 869451
-639359 146339
-724166 -54649
-972869 -816474
251209 67586
370396 274043
-217360 838296
6146 -821243
-901433 -29266
77727 -492950
-319174 -941839
-947560 451676
-665167 327548
326542 263792
169040 16850
-482073 -611314
26896 -525195
554279 138333
-293535 -616491
172782 402725
836884 241032
-372596 8827
980910 -469529
-310635 802252
998216 747900
554966 -497969
-796485 325181
629609 642841
-435924 778311
-102021 -745785
-365045 -574481
901827 615168
-52423 -860680
-808711 740118
-438559 295642
-876091 -952670
417692 197428
331786 216511
554145 881450
574170 924509
522614 -224080
553066 253955
640271 -891098
177179 -812040
402018 -252642
181672 -145338
804195 394902
-648116 -270038
-547094 244661
-502879 -83982
-284124 671004
871045 168636
-839034 -479201
562033 39639
-528328 731911
-551657 -417930
-342087 -870964
37950 -177548
999675 952704
77591 405001
-197449 -218711
634609 437145
-840007 -531998
-608280 868143
983786 -940433
-92044 -689961
51871 -189270
-971899 -142680
-251989 -784308
-141619 717647
896091 -299557
994658 477695
500124 313764
675607 -100259
67039 377569
957352 132074
261866 -279513
-484548 95519
134463 -192878
344919 352229
261126 -85477
-459331 -97197
359292 821842
-197386 683893
-311582 -554999
-128798 -763807
-717478 -319912
-576175 571245
-726455 -410572
-613436 -293454
951408 165518
168140 -818535
-760873 68493
808684 403086
611812 -370031
464173 -486417
869600 -496656
6513 109158
-73929 321778
-358991 398547
90919 -39123
-920710 424097
-189735 -419846
469773 327129
894735 199330
382751 443607
513090 291054
-484234 -120523
-791185 -949426
368935 -784877
573680 159134
-95391 791345
-959274 713973
774061 705718
-691451 -811037
629860 242581
845935 -647703
451101 -226205
-471652 -976758
195505 3429
400480 -452752
-317179 103454
-427789 -15460
463847 -813146
973401 -646379
932251 170666
213911 904488
-603213 333724
648524 -153801
-922969 -64456
-168944 -639879
-525908 -231630
861145 -122282
-505185 272864
527899 335282
-223812 171924
307260 -33470
615707 542540
-481852 -831989
-778681 88017
-996361 -759934
82139 -834326
-988911 555493
414416 -371312
97982 -569155
603290 829349
-980954 469005
267276 111853
-443816 -202853
-593821 523917
-838596 -291557
-694577 738732
246325 -337651
-820205 -278693
797038 -344574
-890219 356645
862652 -714536
27502 438769
949639 69500
-935027 -536649
595124 681940
-82417 -137110
-519334 242796
-554633 375172
159797 231015
30161 -529979
270312 646500
-642287 -30977
-598436 -286605
908874 33245
327212 226203
740961 381194
-39226 -66963
152170 11101
-230893 -4889
103209 -573070
-951589 207743
252742 64214
819792 -452507
-749771 -998960
-760119 -971992
20639 907345
946413 93289
-856275 -598546
30244 -658462
415135 -409773
-257779 43572
922437 -737710
-155980 -616929
-478319 702009
321910 238872
-317572 -557458
-941935 -976787
-950479 81964
165422 -592315
283677 -474462
909768 961895
913155 -770917
-829761 -865450
1385 742291
-145124 166171
-486034 -271141
-492484 -28894
-710780 104386
500679 233204
821010 80845
-980429 -132771
101438 -964425
833666 -55333
-621032 -631896
14052 717440
-471628 864928
450927 168855
-311067 -30897
-93525 -105208
422502 893638
-995164 -440725
-122224 216542
-553010 743099
571850 -401405
-273701 503833
899258 -314775
-749145 -885944
797494 -705857
-554708 -90166
52814 576470
795883 417936
-568697 -119973
910547 143388
525637 -98808
-507183 419344
-517078 -217202
893308 -137225
461022 -261823
-264763 -350376
-159162 -109590
-474585 3473
343954 -485065
-645086 -891473
295870 -215531
923641 214312
37702 358714
-579689 -755322
-136261 -281550
79431 -949004
-359102 -558528
886042 -808518
18758 385323
872976 335956
-80284 977932
-103242 297352
657705 -249125
-209240 -381341
-826200 -317616
859304 884504
-843548 621531
-552738 563857
-89573 -952767
-455448 -484763
663181 -435868
-414828 227444
903850 524320
-429235 873520
224931 171313
-564926 -744729
-416608 -608346
502181 284043
246958 945173
-850142 51466
389613 726170
707568 -638013
-647991 -826598
232795 118990
-934036 408373
-328382 454427
178808 -456600
305870 118038
498283 -362870
612272 -334935
-676342 293311
996431 -355940
903445 177237
-996180 364155
-195646 58675
-431530 -940416
615509 153546
837282 607367
107769 -720814
-848955 -621273
-556221 186236
665990 788100
87689 917758
-599857 -716817
874712 -404659
-712677 -501972
653895 785949
20165 -403080
-599187 19616
724955 377825
-459404 762799
-153455 791127
69115 -386675
875483 -31350
-177683 -980075
427099 -679280
-516221 523823
-705918 -880652
446655 -51364
-334922 -859257
-45236 -87531
726182 761618
-535320 86076
-745902 536448
-153091 391225
-98247 396043
441604 813258
-977942 775911
239917 259633
-859563 -999648
-175481 -286881
-603628 -701252
235578 -668921
-199463 -947678
655162 519777
659595 -811940
-683144 -235349
-946955 954
423968 899587
-25829 -882267
635675 955407
202756 37543
-840135 494947
-510189 343245
-589643 548241
-619301 -729107
-596391 13152
919114 834350
-61363 113633
-87455 -227187
-169747 -330858
100775 388303
-534078 581734
-350190 740703
323976 124879
-172507 278050
-442980 -907248
157981 299625
595926 739816
-795653 -245453
-509754 708570
-236268 -201806
-184506 402224
441139 534017
519111 -680807
284389 764305
220107 -841980
816893 706383
-450483 -404412
-541894 -286611
832410 -642693
816380 537430
343359 -429830
-183244 159909
613369 31958
358054 320200
323517 -207389
972626 804798
167244 -14857
-482777 732096
127579 -761154
337901 856045
529633 252325
-947333 954051
-383753 -470357
-620491 -203518
-911385 -3875
-54750 -975040
206937 -858363
-40543 -196983
-262392 346386
-396069 553801
-410483 -387791
608620 307908
519814 -161485
-232412 557251
-195466 -687859
-731004 983728
-520179 545641
905559 -170862
-642724 -840926
804404 -605825
-125865 -517154
-790786 793974
-131371 -260340
497003 42290
900704 338932
-98599 -678996
473871 939096
277306 -378363
-65996 863252
525486 -467482
472672 32380
431534 745636
420226 999616
-934410 415970
-194301 -613229
407420 213242
-231937 869006
868663 76524
-33454 -243933
756826 -622750
916321 770832
-997706 -96870
-842347 808890
-570576 -419729
-309231 -177174
-983188 598637
-715068 608804
422766 56486
-709064 -600468
-133726 -288293
192699 -886803
-870358 -831438
-8718 -901101
436679 -526032
-641603 -971754
575150 477696
211155 846409
521299 275677
130779 -280296
-420246 506634
-228759 -892122
-784918 -652919
805048 -618179
-413674 -879643
-616354 -462892
299164 -447619
-913464 1950
318496 -207304
-394190 441387
897168 791809
-986725 595830
283208 -492959
62276 145705
-897423 -341901
-993510 -843202
-687759 -780763
-343691 968932
584368 524757
-907144 449799
-81090 -16937
642702 -541428
812147 -6943
392137 -506845
553287 -437782
425203 612128
302452 339374
-498375 102250
-344125 956208
-390925 268713
-464363 876266
250534 310292
93576 -63980
-571420 -543370
-649011 -484279
830022 -786842
-809184 90687
-512026 283328
-542028 -912209
878291 384290
-64047 859195
964215 524527
-71177 279464
-202128 -388444
-285606 593236
977275 289059
-56578 909474
-712788 -559486
440352 350556
-126304 -477537
358415 613827
804415 -518808
-651332 -63806
-272271 -142072
706695 -805478
1494 -265670
-765200 -922438
-948695 -814635
372367 -952667
-956605 429304
119531 -714025
967489 876055
-460249 -229983
617866 -458065
703043 27497
986158 845496
570224 -697959
-119264 -682009
-941834 33543
849708 642914
-169345 -156909
-535523 491317
257932 938948
843514 -99770
385486 -160018
457331 60697
930905 -536207
377315 268622
91462 337650
-714285 379806
623931 36156
-279444 477445
118294 -871644
-416276 -411806
551314 -240259
887859 684185
-805402 -846335
-462883 399992
190536 121151
810555 -104459
125481 328640
-573411 37628
23797 -497243
760270 633658
31408 -891683
341268 -256805
-753946 -720127
41845 964053
852244 -710582
-467719 182751
905674 -473525
64148 735977
-463725 -192455
405546 376384
-518979 959344
123445 613055
-426948 -139966
742893 739687
235824 -19389
-512764 -275339
114781 821491
179492 427637
-995620 -689511
-229835 -403284
879691 -320196
-26416 971667
987413 -754540
-168329 -315743
154644 -700642
-228762 568493
-436484 -342960
-515614 441705
84886 844184
294482 951662
-538755 908411
-352526 -83172
-718373 -914009
294125 758310
641019 -760154
-139852 -118110
165103 834445
-780429 675899
-871620 444597
320326 527460
49295 -122401
-461933 532824
496779 -932342
-782207 -806628
894845 172370
164766 786404
-907133 -657148
632977 -293710
-203061 600898
-935621 -465361
-937644 740647
90333 734335
-759216 104344
964852 -615170
-30348 -679243
427756 -104011
-521753 616557
247436 -878810
-544792 -519820
-840179 250619
-219754 -306677
-796133 -186540
-869435 200241
582355 -861352
581316 465595
-405163 -648243
-225554 -544579
387514 -659507
-522155 124279
-541161 -861116
-436981 -675943
135642 831096
916674 567839
-213792 761283
-962342 -177845
-85802 -687736
192892 -385844
498777 586557
834592 -354803
-751095 -111880
-89108 712362
275612 834312
-46562 397487
-301698 452148
-342695 -109033
-116713 -690470
-70741 -747448
-244023 689169
-867883 829167
-832292 -188084
-125817 -673513
-136071 -691946
-927221 442938
-444649 -608609
579775 -176898
-810374 277628
360078 -104698
-107303 203133
399865 -235055
-974118 316384
-574782 248837
749596 -55959
-425673 519089
345500 978217
416259 -644632
-591972 629596
-242542 546525
-191102 -236903
201607 -507957
181861 774976
-366103 -96977
-595689 -658917
283852 -186525
590537 573208
124232 -176556
767630 994236
-531374 261007
-615677 951121
586190 -604542
-920652 967012
19025 418316
618466 -727182
197576 -338482
128939 208434
-788826 572222
647126 -537406
685709 -300633
58991 -172157
645754 918030
-414544 -197007
-5221 -984559
-186279 -430718
866379 -551696
-105914 -531212
-63441 373312
199034 -974110
-270850 681666
725897 -601714
-193029 469550
-627959 729253
693688 966894
332457 -100706
-352155 -662183
756526 -165241
80048 -46149
-929100 40146
-290892 419919
-530730 -893633
232231 659158
556211 539715
-117299 -35903
-163450 -76039
174091 224794
476510 964516
-535746 -908197
217576 -853907
236071 -937208
61063 -194815
450110 -405212
-263259 205467
9410 -11409
-769696 -855329
-286759 -64840
548266 502971
-75037 -807614
436653 601044
-195571 -126655
815994 947455
-547646 387027
-186879 -421976
-382070 14764
-550763 -91086
855023 328770
-610021 303430
-86774 494155
639995 259361
-194085 -716779
-848545 267756
-782766 -887530
11148 180360
939064 718916
704062 429411
-874382 648325
-942632 -275129
-791386 -314844
-210113 616483
381845 -841848
963810 -150112
644303 884985
-608311 -801308
289087 -44633
-922124 653769
-566368 -904498
961582 55308
685446 443885
524821 98074
-116188 381089
-99909 688863
-309039 89436
-217112 754080
263104 251183
-254372 -831721
-178783 162860
9174 21753
-855006 821127
899379 -35865
826726 -770425
-379955 292521
4273 36282
414764 177831
897145 -933070
-83296 -709942
764421 76029
-805373 -475181
-655327 176090
433920 584207
-587914 418267
-869629 -735171
-216712 194218
-941989 -394923
207801 -161742
651534 -272704
16194 -265711
896554 399899
518348 -787108
-561114 569989
-399100 481844
-899294 -687187
915700 -201394
-743164 99010
366973 180469
955135 983640
744220 49461
930405 475200
975522 196418
77946 -568488
902400 481141
-308527 250398
-990528 439893
909567 -630200
-906968 -118526
193577 716661
243691 -580147
539772 -459783
-653368 109657
329498 -277244
632851 25321
-381824 -359635
484193 172901
-997721 -44643
-38486 -780199
316218 657145
914136 834192
885865 472539
731820 -833270
-461141 995850
516110 60689
673057 259920
-943401 -540295
268058 963767
332421 -125163
-339131 -762709
-510480 -320694
697261 674793
-458871 549251
736136 -41537
442046 -163165
-692041 461483
564190 673685
-673264 -772618
-695026 -98673
-14108 -747425
878592 -664798
34694 -312024
701928 -245030
105517 902440
993205 -543845
-214098 -986750
649824 771125
361801 843602
635078 121766
-696277 -148664
-676169 -568177
-546035 362363
-364921 -660755
-186713 -924064
-404384 695645
-960296 -676465
565885 16478
-860359 899700
310549 -780222
74305 798977
354816 -827519
851343 -557812
-786519 -232314
-651370 -442946
-539197 167566
378070 -328447
-873687 816819
369074 -815360
645326 -427030
567651 110010
602624 329408
612354 296247
-490940 -272635
-101012 607856
979025 -695720
-897902 -456146
384498 -978941
313967 223443
-851011 137037
-521248 -410856
874156 -244902
173131 744891
-908843 -418184
-725424 18455
600428 -822716
149219 520493
328457 693056
-788435 401511
-941229 -378433
-808139 811352
-396004 -871201
646086 -288092
-835687 751823
-698837 -915172
-6376 563278
-882087 327428
934185 -827977
-340520 978442
264712 960481
663512 -322812
136676 504709
537156 312942
-282110 -935369
227818 656932
715030 -173551
420824 268550
-590579 -284253
-535971 -26889
361937 -310202
278728 8010
878342 255612
825314 610028
499745 -563740
901982 53531
-275940 -141935
623724 -827361
167019 -259293
-993264 285659
971654 -980354
-656187 -111325
-481084 299165
549342 503353
-229770 558950
598557 758878
-661938 233673
-229088 -462949
-545451 -982585
-712227 -865196
68041 231990
-545463 243878
-651123 -164470
-319581 358899
-132601 592361
966908 677148
-185168 -747072
326768 -417469
-415354 42903
-321595 84019
-883136 -747775
-638836 -608198
709016 655911
-4453 933935
238278 808780
-984030 305180
-317644 -367086
202520 596856
-944138 -13112
-884584 426785
473996 539431
282906 952562
559595 -734633
116223 -603104
-278966 929572
375378 473911
-665889 -130331
906977 893151
-457236 264992
-411214 -613992
846402 -574486
735061 -266439
-607907 763792
204077 186844
584629 -377185
-526278 541824
168895 489440
-231644 -975181
-989618 -650481
989993 -725675
-994662 438490
749176 -920950
855302 417153
-656707 -317786
45862 -242556
480500 257923
-426282 -129419
-591830 842185
670769 860183
901334 -215855
518927 525326
-469732 58015
305409 -439505
-700432 420622
642848 -630050
724825 508800
171022 650389
727182 -999597
277717 921488
-323670 -548538
-981034 737177
842356 979348
525117 149590
-900141 862722
694870 771516
-847312 678875
-438691 330881
-870479 96599
-502922 222903
-824923 226707
-573106 216259
-751990 471074
-606612 -119423
899250 -318528
356611 -281188
-721917 -337739
669897 -419263
41482 -201413
-901928 -593291
609724 -446211
714714 795072
430874 -868644
797367 61559
-99604 348220
-314241 791038
685993 -639430
-841747 -37512
659134 -75945
508405 100354
419880 228596
-264920 995024
-115007 625905
164789 418632
-89079 931753
-337086 373039
427284 -454387
-919469 -307427
361909 -140371
520466 -699879
748887 -462582
811653 -475246
770858 856698
-432613 -986855
-223710 -381163
-829608 643075
219092 14496
544938 -687586
176262 471662
69533 -116419
887825 811539
-105383 575338
-536845 671007
-704377 -847466
746894 308750
-408799 627772
94791 761884
803136 -403964
737381 -93034
-307412 821083
954039 147866
887959 -545398
100703 848293
844272 -713310
-622451 -212619
291763 4387
147699 221266
-775988 -228104
-999683 -260700
-245807 -392539
333689 257179
334319 -793438
-794237 179925
-364870 -991348
299321 195240
904491 353639
430616 -557849
554278 393522
39445 -282712
36264 -443422
921163 540472
-286373 -981493
893788 -151150
881186 998966
499431 -577530
-251916 -159268
154652 -760545
216270 238953
-249488 -286197
-952212 824381
-738571 74755
-503914 109412
831533 -273735
-173688 450466
675931 508393
757773 761915
898573 -870820
996468 894025
-167062 42731
-919635 590233
-981357 -29700
481643 -500313
-129748 755688
-559744 -258668
704546 -107480
987996 -518706
689286 -544601
680816 -366391
241777 -112246
504692 622612
-973352 -114545
317895 757269
-580338 -343982
454822 819984
587860 -534996
-198074 281848
-164100 -447741
793104 78613
107095 -287316
-144248 613635
649973 -976977
-827261 695649
281981 174913
864771 58631
-906899 377733
989138 243933
802584 -902644
576954 949541
488718 962522
-582302 -513348
81072 -123643
-940859 444276
-141468 -591809
-444988 116801
881629 21139
-888982 -37319
-445207 -856238
-901222 -221956
-863719 835475
387215 88838
-853505 -729291
-619490 720782
-34317 166446
421776 586275
641886 681322
669539 -237842
-39530 682749
-693311 -706577
251997 779130
-923625 4185
-399890 -284522
969538 -800067
378083 386421
-965481 215693
-845424 -954850
-21420 365644
-944877 -211624
825147 348980
-889310 -923452
886625 202930
605245 -649590
927471 -646687
-911671 415442
843006 664097
-304975 -346717
-160613 512444
-221526 -385530
-630261 -425570
-233638 -261984
514982 934674
503698 20705
485781 -835833
-874795 159658
-143092 -441720
464621 -24181
608579 -351757
729097 84816
678840 -195719
-209929 -141099
-200445 618909
-688428 694358
-702185 670828
360470 -789811
-547906 -720055
-944577 50758
783618 -52684
-67914 149396
270238 64491
5375 58770
79254 -475678
833024 641706
-658905 769313
-249643 -372596
530305 643832
-781064 525085
308944 -272910
-918510 69063
-568858 91423
732010 -934106
-485985 -421281
-380563 203591
-996230 -993172
-940495 -347889
-963855 584612
-296500 992871
296625 -938490
759042 -428234
-192602 280488
885962 815436
-533154 884612
731510 434186
443178 -610387
-603436 -875606
183056 -182836
44253 -721871
489901 -297020
195912 881006
2026 -926266
-340067 504668
797458 729827
788760 -498739
-962737 -9615
132806 -947417
933141 260826
-268128 -974885
-896433 54749
109013 -672814
-881972 -373302
-132413 -324571
291440 -792303
-323175 -964505
-53520 340413
-942532 -896587
702744 -168948
-673233 -564987
50785 -613236
-972660 930303
335506 -468717
975036 740629
-79902 772908
-601700 166486
470393 198526
770581 -567704
578226 656531
-372254 593691
621730 -722974
489002 673988
888176 802066
-268864 -448261
-651288 -811101
654727 562132
696377 -791187
-267291 -318084
963416 173667
154282 446601
950630 -684981
-753237 434937
-330024 -777277
526441 -989327
682683 383634
468399 -820253
-234642 -596266
678214 -348385
292279 450452
-972490 -219951
-923383 -587417
139116 320763
484496 28560
-957148 681279
-500299 533209
27293 42769
818726 417172
-649864 648363
-95746 61426
306024 30664
403401 477741
-668523 450188
-53531 857515
-301776 886408
229078 -217983
-333032 575478
-836626 505502
-250719 68523
-378111 -44335
-727689 932795
-675186 982613
466042 335980
-18051 -185354
-367924 920898
862914 -208875
369019 -330272
-293636 -255897
681154 -118129
527991 -243465
-457246 -292605
565392 954837
-5059 -460206
467838 766831
-69813 590827
-918326 -575436
-870653 542020
-208054 -795967
-822123 17968
733327 701174
-270371 77997
-932192 -157993
684528 -210359
-62548 -497751
-788963 763110
429414 -1655
-849408 12499
383705 626411
791391 321183
237233 -521371
447777 -263035
617827 -782462
438170 880597
-695940 -743312
450645 -73756
-302000 -956005
-601984 962852
592070 -121958
44205 -258351
928916 153106
-808442 780494
-419532 385282
-835531 277019
39024 624258
-85053 -687424
722257 695380
657529 -573052
-704213 814727
193609 -770599
450842 418509
719450 760568
619741 590683
-696033 -468537
-998366 -724938
-225443 -673836
-267656 -8342
-485880 262431
-876821 486870
-612555 -875615
-169162 979422
-933856 664074
-277550 311801
86272 -29058
104642 -911681
-907348 -613136
-617557 -227288
-235944 3607
-730971 -183167
418349 -385594
-543800 -816485
-937974 305422
-804056 -761465
407593 453275
-906194 -856003
337380 394633
570075 629875
779620 470513
554388 561322
-447346 -409900
-193822 681565
-90710 429360
-40971 -425605
431866 389409
932192 -604841
820776 42572
-49902 -983414
-408910 158043
18481 428588
540489 294477
-975582 -355197
439904 -18605
587195 257570
-906034 584506
169742 -582488
633355 554178
-721121 632554
-422416 656150
364143 -503841
178453 -77181
-453225 -136082
978753 862783
569787 -474377
-985282 -878726
-871261 935856
600303 -15283
-114467 -359692
-932137 394775
-382656 -320547
862307 -227037
883756 679961
-364581 990826
876541 613084
944382 -390374
-960979 -635116
413853 353559
672640 -894296
412762 -162841
-107322 873570
345335 363342
988359 706720
-674583 -161494
-825529 596301
-658648 -201105
-46323 -452521
409445 -991400
234654 -857717
19254 -238896
-414317 -755107
150251 -906077
351202 362485
827694 505389
732009 38589
-538055 787764
164591 -37713
-356275 -29097
-685902 311979
141565 775403
-290266 -55899
-517614 752993
-796887 702807
774161 -335864
941034 840396
-198503 -59345
780682 -376606
322528 -606653
-767002 -894804
-410340 -175141
-150997 480665
21485 954174
414087 777873
782935 -7074
937920 -62770
-819813 969197
-384786 754714
588309 -44911
-316827 678923
-992879 449635
624056 -675724
974625 -20875
157785 -884934
748350 -924784
199919 611166
19021 230251
253217 -376951
-811981 -104516
632727 306838
-473521 750922
739767 387452
359983 364298
-822280 -536798
964760 295287
-297319 974798
-541888 -957218
1439 -323482
-234676 125494
-47596 212180
72809 -252130
725025 -891783
-624454 -365577
-178905 -901702
-18711 -466989
428338 -785852
-533972 -879042
-21347 -336368
581594 18516
-337531 859442
-854838 -368581
1896 179115
391239 -274042
197247 -635866
-495157 250541
-350063 -155531
-610997 90372
254483 987517
-249730 38551
-302432 -555538
670878 940407
28160 -101953
62485 -935562
900537 453732
473630 -805039
-164726 655969
-911700 -312234
759387 -196410
-203677 876539
609458 -103922
639532 -716714
269646 -897756
929583 809524
6603 978257
866814 -761183
-921643 -878220
-901244 762735
476420 497551
-19469 -798253
-613942 -653918
654242 -379836
330193 864934
-519892 -941670
945003 -5010
566619 -474031
959726 -816412
-455875 962145
728771 -350887
93937 -334043
-733006 -141922
-597430 288947
-424958 905644
23315 588484
-396545 -248862
-384917 212485
224686 -47459
141982 736203
750076 694475
-381451 543297
882703 -647717
-877833 349664
264961 428490
505554 734475
-173368 -841521
822328 236116
899133 17904
371243 303810
-991211 273141
699298 241075
-413786 -805740
-678492 -243843
299585 520773
918890 16868
-843618 626930
-166562 -15211
433407 835745
-104118 -862664
-421535 528899
-383278 -548847
977376 703749
-431175 -372536
565562 811029
877279 234837
22237 153086
721567 451097
-906629 890160
-594647 4368
-485510 996282
-84296 -266373
613714 -238755
509748 -81785
781072 -403270
-813127 -623672
-936422 -855457
-563351 -771984
-848276 -93979
-697884 -228875
-106065 25809
892034 643616
-14894 -292659
-75191 -780422
-824351 -472123
306502 223351
943176 -401710
-611636 -50402
-69567 -870980
651562 -507857
353113 -893260
-779819 -588732
328106 -394648
731371 700162
357261 453356
257986 -867568
-142232 -481947
-683132 -554884
261009 -111088
-731131 134380
-916911 423709
-98246 178675
32309 595652
519486 -55339
-79545 90810
-549674 -15176
-356525 -311525
-813513 903225
819980 -300932
387487 -677864
-468672 -764359
667468 -911285
382537 -726454
164682 -214649
825971 -806012
598110 8480
286408 -718700
883899 -123270
209148 169148
891815 885497
368132 926995
571767 -783339
208753 632244
-215162 -585989
-153099 -318333
-99046 880482
398896 851925
900696 496783
792471 602090
-851395 714185
-427451 850113
150275 -190905
155555 600153
864224 -681523
582602 593190
-806984 -130384
-884793 -401302
-620344 994865
-914730 734268
-837614 190606
-868175 -177720
-924013 -889738
-883222 763658
678821 -472009
-449422 443686
-873908 671720
-803363 260573
-697287 30332
784937 175832
3144 -720147
632397 -969656
256451 -521007
-439547 -754490
908534 -828133
199241 -473300
36129 -495241
760366 753550
899038 -126313
110657 184339
154571 433261
-781415 895119
572578 934126
-791556 983334
-23603 66603
-511500 -740927
80938 936278
-601872 -825693
-255565 246047
-245381 -819087
-749506 -44445
-669253 42922
-931822 493379
-321332 16370
-523705 302619
480900 -574216
-840820 121409
393973 955377
-235877 167041
-174972 -852533
-970967 938663
672576 -800297
-134360 -284909
-655219 -61782
381048 863880
376328 449300
102047 -567198
-679964 198757
-823684 25325
-359767 335765
-697840 -512580
421625 558108
350258 -604445
-702394 -979601
-889662 394159
-960457 -588357
912783 600620
390648 -321276
386945 -647085
235999 -547268
-820524 -563619
-53743 590041
-680106 -893900
907609 -450976
-879402 -545635
275277 572034
248461 100506
-574739 381105
-23336 678890
-352615 55344
827671 647731
-511761 -441127
-168248 -157330
154375 822250
874194 428177
793479 804070
531948 -618092
442537 851814
523426 927695
562798 135343
863089 647692
575406 23394
331915 -336530
868639 -53887
198031 701345
-242146 -260345
-749428 463787
-718496 -825629
48701 825022
-524825 -157573
-187527 -235314
508420 -739472
-141363 -918318
690862 -505925
-599557 -704742
-641450 -889492
-759335 172720
-706599 116818
-47933 -494111
-949008 -593708
609812 525268
211054 -36457
403485 -351418
-948524 -312845
496143 -347627
769325 -927296
-326755 58790
-800360 -831515
-324902 -158158
935610 -670410
-453640 -207909
-180838 -106253
-588046 -498369
-169956 -915971
979699 392335
-23109 -603932
801988 87813
-568945 -844325
255548 742160
161884 958571
-882420 -763108
-134003 121350
-987422 167400
840395 44802
536685 251200
-146765 779819
-171555 -535777
850880 -785544
627714 178750
-20185 -798802
275559 547111
567763 -807683
-579665 -932017
893764 -53854
772265 5983
677696 -734343
360223 -160059
84047 611140
523638 -9657
543345 -945222
554676 554744
-896496 -294151
385452 -400876
978526 -575205
382625 -80157
-610344 493707
-767747 -578322
645852 618533
-209247 448744
-107715 289149
823201 -234435
-106929 744138
288913 -396697
539404 -510424
92403 38792
285295 18553
-649003 -249850
300192 -944626
54268 956014
-157647 -954804
482789 -354569
-227677 692269
513766 -104128
-314453 466488
-828733 -38965
-725174 -796022
723521 -825046
-472415 765263
760773 190068
-852295 -161258
-500946 551763
489377 -861114
-533570 -413035
-785425 927825
-429851 -207932
232358 -244270
-892445 515482
-196207 -260264
619164 -953284
326012 918201
-662639 967183
-607607 -127257
-806258 994252
875792 -578233
805755 635966
-451597 -824748
-962468 205450
926036 -674769
-754148 196525
907083 -426422
72253 813629
-775213 -571702
637942 -452021
-608424 -410935
803007 -69948
-97003 302067
-926155 435466
-214387 -412821
321456 -679833
-991397 -290488
876262 -962477
674288 -273932
-486156 -694721
913234 6108
574406 682758
70563 -776351
-876083 273327
303437 952257
171646 847518
-47968 -234118
-644653 -514713
875107 297619
489978 -334550
577879 -119343
393126 -122225
-878508 260980
-252439 -728272
388550 -918209
537432 384795
-756098 -735671
-268414 398081
-169880 364504
881794 55288
304315 -522527
182888 -662917
363546 -890062
-193398 757489
-245808 787554
987134 646388
-271017 354
506888 -855901
-222360 -435338
556486 -242841
482663 642357
604435 394730
172832 -22923
39490 -955606
302787 481877
-131591 79753
-543769 173073
302691 579773
-754661 559188
956018 -60438
437372 -505517
894454 -764250
-122298 779754
-762197 -325006
419696 -27644
302443 62411
693149 -604217
866587 -468408
348467 612753
107530 -271178
164058 811028
768033 -64027
331937 177554
-227330 227104
-765296 -270675
876985 598414
510475 62293
-505103 898821
-534393 580489
609044 -706195
-334094 -630133
586351 201590
-101574 -916365
-360725 930518
250772 267029
-153005 -138925
-651638 -692615
610275 304569
966656 33228
-786955 -495789
956107 163307
329652 936940
649725 -110059
-451680 -19148
224913 -812940
-268253 610799
454305 -522676
153371 -725461
992934 899622
334689 803712
-764554 -335760
-894646 -147081
346541 -839360
-643531 -348059
802535 -395972
92448 875389
209436 -801590
399747 -105335
-612339 -32485
431885 617120
453366 -717433
-29544 840711
812825 -806238
153277 -208157
-802343 661674
-249138 -578793
389637 697702
-336135 814667
-384370 418818
-533397 -449777
483841 633844
490054 -614347
739480 131987
870802 422438
-943125 243044
268301 13118
-415051 -210943
304439 -832179
848746 77450
519347 668712
-654995 256791
904320 747686
-545168 364624
-30585 -683735
270808 250574
227602 290386
902775 793205
95936 948103
848538 750889
-581472 -965518
331385 -197799
582589 65970
-538487 -470866
-980486 743949
596688 -856965
100377 7459
-173652 511895
846804 -338869
426588 678500
-735077 -831390
-704127 -464657
452965 364031
-759660 -40449
534394 480240
-751353 405518
411174 512913
-300382 -92331
921837 -591887
364087 -352559
327106 -680618
510496 -671305
404056 -182498
-2653 -111739
326263 -85988
781633 573475
-610688 -616059
20766 -196624
-496715 343228
-672594 -700407
614229 -730172
-302123 -611124
743841 -162786
226404 -70931
-655158 243459
-665581 389405
886156 -480248
-656259 902758
32318 882461
308099 -837047
-266908 -22772
963722 -326716
138412 -198926
-650336 -814310
-60529 15803
-285384 -466454
-165605 630068
763265 -715946
-377702 952293
-291459 419848
-487809 477362
-254717 455621
342850 -515974
148379 156669
734859 -135595
814971 739081
-429150 797712
409494 165981
-839173 358374
609781 -365997
-630927 336725
690932 282773
309909 990281
408969 572168
-984307 115391
-450056 -179113
895886 743158
478617 -727422
81854 -906164
-20161 -155701
-286201 39891
-308176 935009
-304236 570909
253005 -752555
-585759 229395
339338 -210866
-620269 -131785
511364 641017
71053 428846
-760741 -688062
-701266 -584180
-528364 756734
-64172 83295
-433260 -780644
-172051 -722269
-36223 69413
822710 -150738
551167 591180
-412188 -355427
-333873 -696243
-874846 90891
320367 878762
-382494 109008
-894199 568721
401167 -541186
95500 150842
-366124 -58960
-909006 -555458
-580019 500735
-650627 955307
-91860 -578817
117267 46223
-513405 -134275
966474 932167
584998 703795
-79990 495479
164452 -632682
954428 289028
-967117 783176
-891039 738252
-721762 332343
105594 368336
-875344 -272316
226109 -831152
-200341 982079
-726983 679186
684474 -515530
-216495 928307
535885 -898221
-528481 114956
-993078 345663
-926564 96471
-687390 447450
955924 -37072
467858 -329944
-337499 -85897
469934 443729
733241 739615
356527 -310688
55145 -899892
899105 -27852
-164954 945953
-34461 -361113
-432222 -51210
-423904 772304
726626 -19288
-230171 -178516
-638226 487038
134187 -577187
892095 84726
-782709 636039
590649 447510
524583 388836
658937 777937
141814 471470
406445 -709207
-441538 -907029
220247 -935604
426248 757097
551698 256441
-875420 507178
603471 275864
565169 -110112
118520 893538
234239 862612
-589431 -62283
-477575 -670283
501313 572994
697431 -801080
575666 948815
-497408 -596947
-792028 438525
-215037 409785
550210 -698061
-981630 -295220
897848 -123745
785292 49511
-602865 -556236
-469096 -404403
-715946 -906232
-40215 -340535
-530111 950974
-242660 348489
473590 444575
-725891 -736822
48164 152079
377796 594671
621563 -248478
248797 690934
219503 -922817
373543 -120356
639681 829624
214603 -701809
820572 677883
-311230 -510508
-14747 -857799
-467721 -968871
686293 -628879
-248024 -895259
-683735 329647
-152102 -115037
-536501 60055
337245 -937752
-843241 516569
297861 775377
502740 148922
386623 -101222
-381487 -781264
-226261 770977
-43789 358255
-937971 -552081
727363 -522378
-758224 -406398
-786694 -975657
-440964 214466
36475 -810790
385820 892966
885420 271074
-986964 -108838
-149015 385090
-775360 -870655
600815 -476917
457772 -959640
-267477 307968
117013 -950431
801031 -945351
148261 925794
-811023 512290
-712828 337996
-371578 763154
517485 56291
172853 601542
901350 798711
622772 -4504
-677726 396410
-325892 317488
-331787 72271
-436772 170575
-810060 -41903
-94016 -275042
-55197 -268195
-202658 -924162
741305 -560382
558294 -732036
-817596 -588241
-353919 -39537
-466953 820112
-555188 606108
-325886 -350691
-828304 847459
642942 987342
-161752 661021
731528 -433702
723263 -840216
-894823 796164
-226237 -60998
-498555 594287
-427607 -585504
-743835 357927
-987814 815754
-900562 -381896
142896 733244
81753 -450923
-835841 95498
-20367 324820
-709210 136225
202090 -654885
818743 771239
-846933 -60348
-327264 -956987
-613013 135475
237831 173375
415110 794403
-929502 372088
-491821 -844562
982885 -319078
330139 -700401
706154 97222
792567 -337044
298452 -151658
-766855 958924
342620 566992
-619810 -151814
737320 -44181
569110 -811166
-747513 -350876
619819 558846
-545161 -642411
-932768 -360663
-775392 -509930
482315 -782478
-443246 705506
-711213 97719
984063 491370
-898926 -13471
-666752 -276814
-667663 815567
769833 467044
912793 -503064
-143291 -87446
-50822 762308
-271113 756178
-663280 -409044
-39959 145365
649275 -123267
-264861 807981
807065 537278
596703 -949249
-581576 -501691
-718704 -191621
455296 493321
257662 -884271
236473 373472
784322 162342
-667824 -577295
995562 -521402
21375 -849416
-35356 -897466
-580644 711768
10031 -915525
-190207 176297
-51533 50924
280743 -199793
-767548 440324
290815 -385758
-989978 -172921
-332188 586393
580596 382834
119833 -211878
-269596 306442
124854 202135
-923759 -694599
76830 -66006
-832771 -463727
-798019 -476258
-476751 615980
-730392 838018
-922613 649170
-286880 465067
-698790 791978
491620 -330287
-374237 810792
636781 -365429
981921 -722727
589984 726450
484191 598532
83968 -967731
439603 126044
-255197 690432
-367658 143905
-424314 225169
939711 219629
771275 -57859
-450591 589275
235285 698079
-315578 915357
-140039 -428338
-848092 976338
-452011 -748842
-568902 712136
-98240 480344
187979 -298179
667626 4519
-825627 -35302
19305 -663123
178052 924844
144030 -373321
-786463 -179126
-406877 620502
-917038 602935
-940340 794861
10302 -818570
384798 998536
155945 174158
-613586 814374
-460518 818085
971820 649439
939933 461728
926575 -371041
368924 384610
957784 73902
920570 966894
431637 958750
185361 610589
789462 749243
-629186 690849
418155 888511
-385735 23495
-941002 -246404
-208542 -314277
866983 595402
-910234 196119
837631 276315
51350 -516781
140098 452934
936496 -770197
-689815 -78130
728578 217899
-4570 450709
206395 652240
378760 -570030
497328 660247
-504131 319111
-991624 218565
-982264 44023
-238197 232174
54337 581741
559813 -237641
-680444 -374684
-602360 -923597
322712 -473124
-307328 523476
401642 -672680
974934 -587162
612767 513900
-721593 922982
-268265 -646433
-956479 987527
716100 -1068
534846 -601476
-658511 -269770
-409219 749206
-724369 -880889
-992328 261087
306207 -278629
336758 -639220
6057 243218
625984 -718287
-912142 562424
825540 547069
270831 -341018
-654232 615541
554378 710578
937333 546344
32890 -550255
-83303 -119108
291554 420669
-951766 -483839
-299976 30602
320214 638558
150546 871669
-771433 -51907
664166 -788725
483307 376207
118826 -912076
-737895 -703783
-641015 -553296
-746774 389055
-294514 -832821
636894 -143329
196461 363740
-564769 822437
-423696 -575500
166071 104444
-681686 514890
337460 113795
-161152 -794494
-704249 -448952
256797 494519
907480 698403
-100240 -880232
-630196 251558
598309 628081
742238 -949931
-313524 -244495
-77793 826161
971373 309539
-741163 -65757
-130906 -315311
-958338 -441432
207060 -341620
997550 315176
446085 975054
-112215 -164277
-419391 575503
-523264 -838715
542543 -445360
384091 -438092
-408457 395450
-156412 -641618
442917 -338355
678140 -89900
-649251 -62647
-295487 675145
839761 -591223
-956864 -571719
-697296 -128084
828675 267788
-139410 -911938
-722238 702656
404301 -562416
-979846 -860293
151201 -592232
106627 29177
-435305 -892550
-229193 -630870
10284 -127472
309729 -795724
888637 80645
-955921 231332
-215681 -74453
104308 -536087
72403 51714
653455 -399840
505411 -27053
452767 -659717
-675865 -146633
-189765 -978732
436029 -255951
-430753 719824
474373 792964
-474320 192232
-584606 -50262
-812461 622620
-512294 630635
546999 -90658
-666600 -299118
-621429 -377599
356459 -670117
530868 979485
-726671 -92965
-928239 -777034
-478624 -466483
402948 20779
-676617 943773
541204 -673598
-12024 829530
-853145 465756
-682243 626517
-684695 -226570
514500 -475860
-911810 -930770
-93888 878671
-229476 -808630
-35779 506256
-546020 -32414
437350 403562
-624595 -658025
-810896 67239
-602836 -61957
-890833 28544
205893 -390449
249991 273969
136260 461330
471780 832950
-250304 710896
-109065 -761921
-231079 -679824
448704 -672760
-819429 51925
-895279 485879
712807 -931917
-328729 985954
719661 -233516
-474317 693782
-938208 523377
-606620 784088
447945 -109452
141635 367113
584400 -629635
-398210 508676
924034 -542185
-812628 -683453
736906 872713
-100386 399261
345850 716265
891967 175756
-11919 748217
818537 695637
664613 -589119
-336304 -568284
618836 186937
-611807 769465
-984783 780293
799038 -23631
773215 -353726
350618 -876255
624403 619033
-970735 -415628
-671693 291499
-879649 -727894
-542317 732986
443709 916291
-217826 -496693
-737586 -239889
-567906 -631963
267849 613276
-616483 823705
767930 -275605
118653 -3262
518196 419822
373116 -938215
18607 49996
784346 -94801
-1451 -915622
899700 124344
-367499 247250
371573 401700
-609185 911865
-168954 -451242
532085 900796
604206 444049
-47413 -691228
-295979 224117
806621 777968
146152 9393
-722062 743166
469592 833508
84912 -163283
-408893 779391
-715397 607814
476564 -77066
-314007 -298935
-649978 -966985
-672272 -971811
238734 109805
-487060 -21189
-466474 357488
-81968 -999102
454955 -608318
-321279 787204
-437305 938413
571081 -15221
427286 -81817
912015 347481
12870 -162124
-133931 363521
537313 -247286
395423 -744348
-336936 -216516
-434710 -18540
-707717 -214290
683318 -838918
506342 -242376
106973 -963596
514399 -538727
814088 -34714
-383129 -282423
594784 290782
563790 -50849
40499 -744231
-817004 365283
153761 -885261
889042 -819430
80535 -532586
-782134 -399895
438391 181637
308128 910187
-371637 179820
-252726 775284
567313 45602
-498393 -27548
805009 833626
-511896 333242
-90613 -209334
-176608 303246
40846 754002
-638622 305778
-975822 -432812
783035 614558
-907975 -394980
-36839 733817
302051 720634
953416 -206565
-265931 -273547
717763 -264623
848693 -926506
-735580 -425835
-283053 484486
410192 192344
-412841 879106
-364644 -636418
-945960 358561
752601 -839387
-849768 -283709
-25693 18047
-610177 502520
870361 -78088
554105 459144
-265805 -502899
764824 -563899
656466 -852350
-872371 907778
-928191 -697296
823786 926879
-216062 -460187
-722570 962921
-201261 401724
-136419 852223
-163499 -896807
-194462 -423450
-409132 -838838
601518 875242
-384580 317513
440627 -487576
393522 -555730
-823116 -518625
-22780 371645
-93955 -204123
-861149 -559401
249047 -137283
-919942 -518325
628314 -385527
688021 236536
843328 956811
983298 579463
-506696 374631
325936 -8406
-423755 448246
203164 -446336
-623658 -363573
-760143 73200
719176 -289856
-504913 -576290
967094 -43387
-868085 -255141
974007 578662
-278797 -311985
-439292 -175986
-740637 833123
170114 913840
250818 90790
443993 798210
325023 -4004
926471 -852150
127112 -803769
219788 -62346
-234909 -736012
414254 687919
513641 554330
-827247 991550
-266281 -458961
748180 611137
881752 -584494
60431 807662
-849899 -404024
-681740 705413
-638417 -825808
-714207 -2883
442141 -189080
559166 144035
314722 -89130
165275 -155460
897966 -381580
-320840 -847756
120322 147332
553562 -833206
62643 754104
-840147 -467828
-638977 -625104
338198 -386398
-770756 -673491
-954277 791187
571420 -828236
-262587 -765890
559994 -19428
-657035 -479972
771995 -962162
-717890 -782955
-105673 -713128
260907 219976
733779 -264848
679425 482795
321185 250010
950461 -275444
-211803 847723
771653 625747
-272887 715065
25205 -203210
345413 -341802
855347 846978
-263902 420836
780226 -852103
-988219 -745131
-120481 200070
397679 -520441
551855 981505
910916 -834287
-802043 -392893
328456 688971
-297746 717563
-276154 -669159
961814 -39510
904597 847203
-61843 -391543
-97946 822613
-839837 -995986
505338 -800712
-768499 -423243
602766 553640
124095 183234
-767584 -634424
557052 -447196
607454 -412552
-244290 754441
-129264 115844
944676 -160631
397910 864577
-32793 -252973
-256058 714001
-789663 82657
378479 77380
625364 -391012
-840006 485897
-782929 689962
-494968 292849
471462 527319
-277022 155202
-370756 435864
-836798 -845819
163705 -894465
-98716 209183
-149011 863737
450463 598111
-434380 705147
-920844 -647344
-527567 417728
-369084 -977557
705958 -536941
-937788 -35880
388266 295895
965076 -142313
-76292 312926
83355 775458
716965 465350
-406217 685014
260767 594879
-832011 -155650
167651 -223914
257161 -595475
280992 909172
-885471 160654
-153601 -645496
-630082 381880
-815188 -828164
458418 407733
-26412 734616
101215 61218
-294501 -27745
520081 58501
432222 -114103
911297 70195
975329 531341
353312 -716211
926429 935857
-571261 361731
-547865 -848203
317241 953881
435745 694500
-545407 900316
-709259 524917
975599 290614
476495 804165
-468189 -143751
-941217 -937634
-869200 -765181
304645 70030
520113 -856222
637912 889990
-699370 -204797
-59787 173410
-478039 -614683
-146447 -798136
-8743 829277
99120 -605454
-585221 554676
-553408 -733264
-102224 775053
956239 -560321
190423 906935
662873 809903
323404 668894
-6375 -49670
159271 987353
-741903 -453719
-50058 -613801
375009 82565
-256068 669614
-837399 -332666
-350649 -348671
-776258 155199
722682 821289
865851 -414908
949901 555084
-804056 -14654
-103643 518281
-219825 140103
-38707 -658933
-639469 329238
29323 -603957
-890256 15830
-819802 168156
-368516 771486
592700 -272302
-262603 218899
751140 475628
631437 184094
-812573 234530
-714392 -385481
553653 991303
-439099 736809
-365752 297530
821494 594908
-411042 436463
-975366 91456
952110 -961525
-175575 648410
-402083 -579727
722072 -475395
877094 858077
715470 -314008
-855021 557590
852164 -807854
495206 666650
61967 261141
-670316 887404
-43479 733193
-528608 -48484
324199 -617120
-783750 -746233
-854888 509633
-544794 -684950
-351442 458250
-705226 -141105
742118 731181
921801 -394370
-340082 -828673
-345435 -2613
-873946 913739
-697499 -564442
-141922 -697039
-283782 -639628
-155598 -515589
496072 980747
-676153 102912
79447 33686
-643327 675375
-539707 456680
216344 -958756
746328 873915
873364 -652703
-239636 800853
974729 -257040
404163 -191333
-402638 -156837
650220 -720907
34931 578887
357099 -814867
-572127 -29946
-685666 -519104
135915 -739578
-565063 -608122
-189172 -597589
927458 652790
710168 -726860
887142 594769
-840755 -770453
-530078 -951907
143468 2019
-210376 794023
-56423 -539486
441384 -175009
-321812 406715
-945786 378989
380163 -254179
439313 -621942
463245 -959204
194812 305690
-114418 562141
-269255 -289331
442870 -110767
46133 -546364
703183 -145864
246141 -854311
286835 636050
-219320 254294
531210 342139
-903503 -386102
656106 -421944
834328 -580358
566445 173839
-417503 -373700
593140 -624456
933069 161575
-293101 416336
-77237 -77150
200292 307021
278187 -619394
398246 -446330
537175 -265497
-280167 -205894
488885 -456149
75610 -632126
-858602 -328935
-807886 47788
-106022 -56188
-743425 328921
-952280 880997
410191 476708
206092 222639
86019 -782641
122639 556584
-230780 -228114
-258334 806113
-668150 410501
-290576 341411
496907 -558290
389238 -903847
854740 -126005
177989 245941
234483 608882
861212 288420
786847 196278
57744 248060
861753 -424839
-694016 641092
933580 669669
496157 -578282
-102526 -895030
887176 -115709
393886 560460
677140 231283
-964006 619284
-511646 193471
-400492 887906
745106 80143
979814 -244058
-970660 -52898
-45913 998283
-315902 488600
-969144 419691
177845 -739257
-684095 280493
-475822 -17439
-903114 -515761
773361 -773437
-602437 -340491
-553099 -230600
980543 596830
3877 -133467
671516 652320
-242318 919571
-492938 -481461
-874290 336460
596177 605911
-67233 -685587
252284 -797124
-584084 -924303
355373 -900131
-160858 -393635
66903 172949
939432 -68237
-601152 591250
-468377 -427072
565414 368258
-745787 -765343
-374843 -786571
-439240 818598
-540975 238648
282796 714310
471408 215944
392605 546472
-235440 837575
-709310 -875222
-913857 -566641
588752 -780476
564542 -61890
391481 -326979
-102900 254050
30380 784178
-260664 413358
158822 -889807
257548 -519544
625311 -121441
900082 -88552
931533 -143333
527154 417152
-861797 948208
920662 698663
743930 685478
292843 500589
-639347 429078
333063 898780
859319 -373189
-193445 -143460
-247334 983207
427793 503016
870838 -90895
-241766 700562
-222231 976000
-761403 167830
-684835 -991644
-85079 578268
437847 673291
-487702 274188
181551 -247330
80764 -584676
-681952 -359760
484260 768270
743865 -270069
-49817 159530
712525 738846
637776 664596
813717 954186
-646251 905844
-624372 622405
-653991 766450
336809 -330802
-720564 19081
-40324 -797758
-233367 149257
-955175 -537451
303751 551733
472781 271248
-256129 998834
-998595 570729
931389 887688
282827 157994
-82901 91334
-660179 292414
-729434 949694
-591169 965263
887780 708422
-341483 693397
363207 -304372
-985996 959541
89687 906949
-321492 -952958
744902 -508145
-708358 -553534
859693 -561563
-368681 577547
-751796 646732
-158687 -882016
443987 -379211
150563 377247
-889479 699110
-418355 842282
741151 -108659
-285281 688874
503 494650
-980931 409686
193803 -624402
-421608 71173
903358 563518
25579 450317
-669634 959668
309654 456423
-401879 -904786
-818263 856575
-211375 392304
-599277 357238
176374 865959
-387831 -881679
955937 389673
-210360 -913972
-851547 798202
493701 -716425
-353410 -673788
133981 926927
238417 383868
833854 -735276
-964555 -391974
-776936 -18633
153714 -837851
441576 354053
-797066 610042
314651 -410908
-227769 567897
-590221 470408
753951 639084
-806751 445317
-369622 397913
-142975 491055
-296392 -548353
-539626 282721
22972 -933212
-675339 -435778
-494088 161335
-592562 -196308
-193477 72025
128405 932397
-708854 -921456
319904 750213
78971 778201
610143 93359
-446510 -129396
-126739 -906981
334137 -763828
769456 300834
916267 975190
588479 -195246
-546193 525321
19259 -285377
-816662 479007
828120 582627
-68320 -789475
328065 -655047
-288363 414018
-752750 -540348
-951241 914900
-979932 -994021
330213 865154
649821 -536409
346988 118847
636936 -945136
-459889 899054
245268 923317
-412675 69677
809720 795660
-986120 -515432
-40829 893061
693741 452535
779843 -606258
-696730 -991470
-301946 -530712
890805 -36475
-723794 32117
633468 759398
-474363 -464351
-791572 -859518
-119026 -418411
-251970 352236
472037 463295
-259276 -312193
954510 -917955
125886 -913521
-534964 -83113
871551 -427183
-804811 -724448
-319261 -291763
-965868 -114506
315230 -229977
814524 762457
258413 531106
-349304 547171
965359 -568102
515937 575985
-820746 616487
428696 -305013
298474 -771816
937658 486675
531703 -595819
297665 -232446
94803 37313
865645 111746
667020 -221126
611660 -42842
512691 8469
706534 -444934
853170 443183
591289 -597726
855151 -174706
312862 -842510
366284 485992
607367 -832759
367086 361026
-681318 -4374
-793028 43032
-45204 -817477
937081 -611802
-615327 819071
400503 262119
-89801 -479445
-200848 -839694
-726319 -424601
816086 344855
-12074 953868
218908 -487176
909272 -913775
-83454 721469
662485 -261513
898376 -600160
-753399 -530038
-858748 -938143
848870 989603
469805 528581
456352 315908
-185385 -255309
-358720 630102
-482379 -350506
-126192 134416
699253 601707
-21829 564218
357419 174478
-114416 880120
99374 -338594
73208 -581857
555826 -871463
44452 157551
-92267 500414
14228 -984915
-487993 -756210
784848 371036
127598 -452239
303206 22388
-190852 560888
-17546 -339723
188196 -212824
860761 958794
-620963 -552194
-492040 401085
-993835 16069
907072 -917869
648465 518867
236352 -505757
787886 112336
821335 598952
254643 -956081
-326980 329871
847226 -154663
811320 693652
-935049 -938380
974330 769670
568093 279498
870060 591215
1894 761295
570434 -645829
-246943 -488286
-536887 493662
-335181 -370980
568869 -793603
40452 -816308
631888 -253211
36263 -535465
31205 -842544
877399 -889793
-213163 763334
-471372 386696
-662293 810932
773688 677055
936700 139243
361439 593765
855498 -361573
66335 382270
-633599 -452735
334972 358458
613568 -391129
474158 807774
-276917 -135747
301673 200356
-576858 -685512
-619704 248932
728886 -419105
817601 848066
889888 -836654
814611 -650331
851125 239362
656981 -559595
467387 247027
-22864 41655
542757 -121178
383634 294977
-227518 514102
466822 -934238
-199158 604732
