5000
644611 -365012
229598 -56600
-631361 -126010
-621910 592967
-856993 -134668
354262 821647
294303 -920336
110489 468199
631313 -436624
807052 995641
945193 -874301
-820620 966851
-686033 -653212
322008 -708737
-405366 818453
326597 2503
625115 -472077
-514966 -962698
-45791 126654
279136 -194933
-461186 746329
-461226 -11604
-564741 -855291
-171852 -311178
230382 -461604
626511 -685768
-99778 327525
827876 919652
-450525 473125
558264 -146165
-261194 -419289
-903065 -48485
325113 76159
833845 436354
-804901 -341855
473758 938019
410848 -51388
-28610 -418630
-662588 505108
-990585 -950827
-601869 595941
122142 -695363
-604092 -56807
-370688 146279
-492421 -907104
20994 -339095
-405893 -430728
-557543 145737
-870044 -472066
-237406 230717
275920 721926
-884432 -643535
-534744 -703335
552365 632576
420407 318406
-620134 -744021
-122593 -429365
-611768 761737
261829 -475752
-867299 -301926
596014 -726780
-793472 687440
-508775 -310623
-966364 882767
-853362 59222
-294570 554013
934052 34293
-187373 -754984
350811 -484052
202099 849364
666504 -602892
959898 -32606
401744 -15334
-849056 914194
-810687 -940036
630189 124537
694286 -166006
929781 -830534
658572 232527
870913 489166
361687 759963
985061 -802969
181700 713574
-879680 287480
-10379 -340074
4294 -492617
590318 -937471
-933793 -77648
172485 -949864
-171417 -327177
687206 638647
794947 -556528
-931206 -110733
567631 -25623
-720756 -734422
-37836 439934
-762230 -999737
-628750 -427620
-365949 -783154
-826934 -316253
836877 -957749
878672 855325
-75420 -571995
341385 536303
-956403 852632
132407 522435
567703 1301
729718 162430
-614152 920109
220855 954843
258494 -797411
-657064 205422
-680428 268184
908664 -553398
-575189 -471499
-152852 -117024
836190 395899
666066 289873
-769752 841644
374209 -868792
865514 -526561
-637211 -482431
-122991 -768572
894844 995905
775530 62424
-818519 495659
-81525 -792698
93534 -219690
383832 179171
-655755 291857
-135473 -846133
-195682 64850
-490266 135834
-22502 -2690
-81197 473195
-122253 -582400
-428851 310023
425273 815279
-572581 848891
-448819 265472
372453 747024
649764 915539
-604114 -124901
45806 517511
-991059 -986516
822344 -854559
822247 -449504
-130067 -583009
-26847 -953188
-620671 -460551
149425 798550
327597 468175
432973 721292
-29211 -522365
430172 972488
167535 582256
70858 344595
292395 -58235
207406 -158285
527764 825691
589384 715904
436264 -563515
291494 -54286
-988631 -355412
387811 856476
-983105 -822422
16128 553830
86951 428880
153003 810651
74394 293063
-293991 94199
-569892 477548
-340921 -356033
135118 173294
-806626 -738098
679696 176043
604363 -160302
-3281 -92548
-39086 827145
880842 -550581
-88457 -520701
457430 -390230
624194 -111550
751163 503435
252761 -812436
604335 -227847
-165609 218409
256699 -95599
-792723 -4200
209027 -193270
-79258 870366
30037 816332
506602 -567623
12415 -405216
-983554 500239
357117 -568801
702147 682778
459335 -86197
-912558 -29887
174555 215987
671648 -387913
442944 964013
385192 601724
-937790 854846
-822171 -428407
685858 -762553
-433986 -420783
745838 837442
-379261 -141382
-190714 -424360
268418 -905017
-28189 -769064
-713116 224365
265799 -561344
433129 327103
370651 -999144
-100211 400988
-18813 -897480
470866 646115
-389223 812922
-286608 407968
-650452 232514
-221489 -647286
502575 414100
825980 -408378
-327060 827539
-584431 -444470
923292 -661008
948612 -606374
37627 -834715
264367 596912
630779 746634
-39083 -82922
-193855 110918
-801277 332111
919164 -4384
947125 607076
-468517 -667530
626429 684264
-716832 417
-526397 -847544
730506 -58560
751490 -411374
945391 -350428
483403 432211
-362653 167016
-63943 381532
577076 879215
-356173 -223778
-519112 864537
2815 -18979
-788039 -90511
-276365 -864025
194680 50415
-981871 671826
848568 502549
219708 558679
-210951 394012
-19526 756268
795424 -847027
-652800 531192
597749 -204848
302619 -16086
387545 387464
788668 -121049
-877030 696235
375470 -169783
693653 -296308
445409 -588047
87682 -510978
-598986 -800791
84061 -680519
631994 30755
-16553 -637239
-94538 -474188
-840713 -149481
396441 -960926
734046 -60585
-111317 -465592
-57947 346589
878080 -900718
815665 -712822
-827098 -981324
424752 -802917
548107 -628846
-510538 -964462
-43905 813777
374857 -109362
-183230 284363
-606180 81619
-401659 -718529
-742099 -446446
-676382 556412
-44333 -570117
-885453 908098
-486615 -598420
89775 -490307
110596 734704
-210069 937094
-759258 -642638
411451 -565605
-450370 -735136
-411033 -401449
-861524 -881165
-347509 -627645
-720200 879016
473799 282801
-187867 -360023
629855 937151
-839794 -527656
68836 741375
991754 587137
597511 661753
-183927 -618188
281301 73928
117775 785372
-722592 -85309
760673 -511752
-794111 512215
-245223 -993448
-210601 -444943
-231926 908162
-983513 -889546
-691907 383378
882050 -212880
-391522 667476
-911734 -900654
-302670 -864100
-116928 698832
192304 958269
-203737 449215
509906 423483
-675118 69453
503727 660738
182767 865996
629883 167774
-133345 -477188
-418942 523581
693625 437632
415164 219556
-691105 744645
-885302 520298
-321233 -191732
955783 -857143
1104 607930
-772229 413742
-785473 650696
-79869 -55495
-307535 -431127
919501 -262650
383272 -289366
-249148 -396068
615805 -710944
568238 -985534
561499 610385
490321 523559
-937021 -875614
-820619 -1743
-626505 -603540
-216714 769820
-483558 884780
-103829 349560
439598 -68555
-642689 566575
22131 -38275
-5453 342471
-272034 291977
-334765 -150922
191000 220087
-679141 -725650
-459263 -54858
532049 -339111
605099 264922
618671 489955
-609164 912981
-740528 -694840
557587 -261544
466609 -109168
818114 -861633
-246717 793191
764709 -883126
829821 -11215
-12543 729766
237691 978435
45588 -767182
712427 -35468
-985084 -257777
624229 68697
-392488 -406112
160011 655513
587038 -865605
-330247 623437
763371 -729152
64304 504753
52049 187503
-250883 484796
-393545 -394383
-536511 -563452
82555 -816197
708931 306975
678356 860814
372625 379498
-165503 -328747
387650 248927
692688 188063
300070 -160531
-48340 729999
-678103 874865
-976286 749233
95042 -457064
-211347 798433
261474 264232
338622 250769
680018 -562224
933375 -400527
-432848 421240
-984494 587219
584200 -728241
-30519 -830275
532318 115340
25572 -600721
171395 421521
-989697 656271
995619 784382
424718 -240806
-503306 470712
-487523 -627793
19816 334834
386636 -311726
-358387 -326779
12883 -989317
121231 -760434
749530 971714
-24555 583887
-640044 93474
-166110 839734
965408 822901
681234 348520
677286 -814623
110705 -991830
-462735 -45400
-55629 685756
778217 27448
550814 350340
-399895 -10556
-483716 -87551
-518130 488204
286838 390701
-194216 -353953
-683369 -725210
384702 894039
955563 -424706
772453 259336
594333 -247761
-824785 970253
-868332 58638
-168690 -607798
43357 -787978
92031 20153
-445321 -764819
675958 400014
827999 -571422
24840 -643911
-11038 801798
-795681 840127
181354 -7924
-55559 -138756
-86035 -442887
-764477 325809
88277 -733651
998768 -599469
694823 68107
-270521 382168
-444746 -543011
-430519 -879181
137460 -579894
437850 77524
775136 -538474
-828731 -571110
671095 263304
-299591 -751536
-88095 -229400
-39525 -835375
823605 740509
-937421 853763
-741927 -12904
877635 62846
62685 -812014
151692 336910
-752563 -421485
-493535 639817
672199 622169
-376287 97742
969439 477063
-513351 39711
540676 553288
734898 209670
97532 -314162
-132793 157846
98190 469410
348647 -100720
-764547 -714352
-998411 779797
-162678 313527
729840 339125
-399714 246883
-845481 -136763
583882 651259
-398454 -383165
-666309 -825501
802111 320794
-311147 622080
474535 743495
-586600 -640253
-821247 825069
-347543 336242
-949825 896686
420099 125813
428413 374696
591498 -76091
717223 -914101
799395 471319
132655 -62265
618220 489055
32338 451287
192509 -636597
282050 223175
537244 98499
484618 -503652
-60140 -553841
126304 -55291
-141161 85285
-175657 96902
589719 -195432
-325893 -747170
-681750 123564
-154995 433654
672897 607352
928974 -372360
918860 -474115
-396476 -681524
471779 -344233
886909 -288273
12304 -479760
-192922 18921
919829 -686449
-638413 801300
764814 -737956
356533 735906
680541 969703
-384460 -890705
383226 -581994
124564 939102
-873974 -573470
520512 539351
977476 -308108
862794 -43273
597845 -137710
-840236 -223359
546839 585391
195717 89924
-438501 229758
370090 -873365
261398 509518
727896 681918
-157836 21574
-592161 -559920
106512 -352279
-352732 -232304
924428 601117
26374 -685249
-701814 333154
-463119 -319999
-341204 315283
-853205 192073
939467 165647
-890596 780289
879084 -423007
-248573 153467
-622478 -84046
671896 348448
507609 -400343
607190 285468
769598 -466619
-621648 650074
-461173 -300685
-63272 -267324
-921647 449401
-383333 -716700
737740 248564
-208970 787069
421981 234636
481935 695126
-537979 470699
839406 -5381
-866885 606812
838685 -325170
-670063 360441
-655365 90117
195619 263551
441638 921658
-27464 -75568
879263 -87223
525957 -653529
722421 422642
-409986 -638033
-337582 -365007
-393677 -151169
-325891 -754174
-188938 -214898
-870618 960678
8360 879827
22573 -142779
-439840 790523
85156 495717
-878116 694896
659126 81045
405041 845496
-509339 -766284
729166 149487
-240993 804749
-650187 382413
194135 444090
778729 -406025
-209285 -383413
456001 918671
454562 -351069
-616504 -826773
948534 470235
-592185 -191331
261751 4401
-420039 563437
246059 837093
-660990 -98575
323241 -796624
-451971 -522353
54571 990042
695904 394351
58089 784099
-665944 66838
-607860 97748
32701 808745
-839928 745273
-918897 -327696
283823 158177
694406 -448528
583367 -73505
-992838 -954860
790670 -166097
-779885 -790177
-993418 672783
638855 669191
-754722 865676
565209 -490456
-728396 249677
-880422 598896
751572 27509
362713 -972304
872638 533008
-778742 -911522
-186001 -959787
493299 778589
-900791 -474260
-349079 -999419
824789 857433
-614346 844345
-374079 -167789
-214870 -943210
-666103 -392579
-581425 572833
-844435 -523292
843014 711592
-179845 -404479
-744706 -371163
-547518 266923
673954 258617
-658931 754601
51777 -976014
-414447 -747838
947785 320889
-53722 -784825
914729 779108
83982 -446718
-381421 -758986
-998858 995701
317679 -831184
268133 -651559
-283361 -529024
547595 -635794
411394 768278
577535 -475744
73469 -485882
-419377 -221700
-135982 -146126
321458 -839577
-9706 94302
-659978 672367
-323000 394174
779047 -123281
-908951 325581
-911801 -872834
16080 842109
-178513 -825035
-320517 -465665
347593 371271
-734738 -289201
-525101 -711273
682579 -16611
-504499 -909310
-548993 -694232
97247 -374811
-147103 -211289
269033 153164
909546 830285
518113 928448
-887878 -520173
131716 -138206
-685672 -84094
-315589 793175
664059 -575704
50728 -52739
-86365 956127
687548 294873
-900092 -552627
-858800 -842248
-507082 592188
-185633 -94965
-17818 745938
91709 -595035
3410 432028
710938 -353958
270492 -86
193349 -865118
37025 -573451
-415973 929866
699507 538010
-109570 458439
-766400 -671105
-542871 458637
-156516 518839
-781265 608228
132933 234983
113197 -446385
-573295 699330
975962 448968
988442 -433433
-593524 38171
122312 -764303
-219814 -937423
515712 -925141
-1603 511402
-142885 125458
456250 726121
-737070 -721863
-727262 318148
688712 585555
-231947 -253932
-444920 -996255
-320499 -64734
-616200 90300
396813 -79746
150000 -213390
-734335 789530
133233 287385
-107008 439107
-401660 283946
-75111 -366172
-735267 508245
-934813 -579036
740530 595681
-302941 -579791
-800619 -547722
-570040 169955
-683737 790498
-978488 -777254
-15942 66282
361597 -735331
8057 460253
-745064 797745
-173140 -501025
-211581 937336
-630240 17042
629425 -452456
-829567 -640854
37146 -415950
116835 -625671
-277924 -807327
-289154 -358963
-690648 -609236
175875 -287787
-875177 667410
-997279 173706
-305395 949574
-18352 -712349
-250408 -564848
-368703 435274
-846483 981419
-895926 223265
587939 -42592
-290314 66975
-386824 318482
-773279 -64309
-681238 866060
384473 64388
407764 -85308
-501577 303808
-610595 -532984
967496 -180416
661008 530030
343921 -601457
883864 -702886
237412 -647060
-13973 -119935
-430434 -631967
20142 808246
-3987 -67151
-396356 945882
-209928 -844972
846366 698085
-132886 -402251
857591 113615
725896 402789
636250 743329
-828587 -525440
865336 -148369
-871792 413854
761179 -802816
-146926 -513700
-523374 563922
-945864 451433
288771 -963788
913484 -962506
-143748 316642
780649 -542325
517514 594134
-739521 -951863
581575 159979
451709 51244
344357 996802
322081 -732140
-83576 -543420
-186373 194619
-686346 -163649
-312859 -664810
-758397 904947
-20242 623345
-703540 180530
-953791 299665
-919244 381210
-681006 -882720
361322 708802
-276212 228566
379582 682880
30931 -117435
-776170 896869
-810376 786293
-393317 -490834
-470623 -239995
-618712 205198
860174 918651
-250137 -182316
461145 -586478
184929 -212322
768818 345023
531214 345198
-591664 -875623
808955 738992
168153 -399145
483745 -560086
961463 234697
299831 337893
251948 -983942
-375264 -517262
-887966 -320673
149439 -849814
-257166 -269140
799563 -925367
-350688 -652947
-697559 -130545
52620 988670
808838 673744
-953938 -486308
931443 -104388
-557604 -71285
-602590 790431
-91481 -769147
-512960 -960192
189874 268734
-311920 840071
544696 -777081
798544 -243056
928525 -8475
-462466 745215
323394 997475
-379630 -865101
52993 774557
-989548 730772
535245 537899
34294 -296059
-802360 699691
-789893 811494
-650318 -528481
-293145 248647
128157 -289881
-651907 -417134
973235 978826
765959 511806
-109269 -390716
816475 -309071
-983010 -355465
-239737 718095
543160 -345895
448659 967399
-916325 419910
-998825 -945948
-571975 978937
-208890 318212
-55513 -958839
-332449 434202
322078 -260453
-271285 701216
-560172 816703
857561 352122
-498540 981325
610307 332186
-323607 -274814
-268351 237696
217366 -830837
-946626 -734314
-991389 -222449
128790 272643
49021 -126701
-664166 733449
-666057 798324
-850347 -97394
-945721 385499
-214970 895008
-836373 -522805
89190 -556142
557928 -107195
-876622 -309714
864304 -857513
133263 -344222
944523 936052
297025 556020
973178 -758985
13229 -432269
960479 -877673
-325875 -888120
457012 117743
-358285 -595048
107118 -648842
539448 -705368
109244 -846185
-640992 388022
-912004 -734476
732464 -560174
-33824 962038
392341 -742048
-198509 -269551
-554513 177437
-293243 974595
-719520 -262669
19433 945631
-457495 -412078
-36054 703646
-193966 162932
-264408 -125723
23730 -357531
-875265 458968
-854070 143038
-17470 -965805
208295 843847
-954959 714066
742595 -740549
408782 493920
709279 418997
292100 859805
148878 -13640
925457 380356
-229223 -31131
-530159 107835
-902999 -328144
-309720 -571549
821032 -758670
-817384 561438
9140 -731655
-473619 -14529
859619 216522
-774752 -58670
-609852 -916625
-691748 96567
508592 -108753
-917143 -399588
813941 -54986
-799511 -282383
-569655 -354475
-567304 -409983
680560 -925600
685186 -306106
337218 678682
-178290 -839737
131728 229760
752903 861795
695226 428356
-34335 -423661
98178 -554149
576047 512082
-582962 186803
527121 794390
-151158 20165
379158 -878447
-492963 -181894
258272 -243987
-617396 512348
-858959 -353453
106555 -897708
99633 -825248
-434332 -394579
-934551 -344417
65906 746613
-776485 98835
230434 1330
395152 816506
393576 -705938
-612315 -686316
706533 -762140
474199 -949098
666552 102256
-224722 778152
301982 -921390
-752630 261077
331845 89380
-529114 -766873
506741 891356
-391906 -40931
-739529 578143
-461016 -873701
-529855 630585
332476 -614730
363230 -716094
-415238 842006
-296658 212511
-729091 497430
290663 -619676
-782299 414327
-804424 511705
565243 369018
574257 490464
217682 917585
-561207 -967602
-100246 -889658
-998351 178335
-458371 492648
846088 89651
-656005 -312803
-766420 580975
856179 8152
743951 -285760
-654259 828668
-35778 -777370
80263 -226340
664030 -658037
-1185 -341069
-467690 92220
634390 821257
-896624 640148
-836502 415986
-681801 353997
-958942 -735125
775323 -622857
323379 225285
368920 -247142
-824733 -352755
190112 -688130
939229 197718
995041 470302
990066 -281315
-210271 451324
-263810 -629942
123183 98268
871842 -646961
890737 2378
-461106 -16947
765745 -321742
443941 -752211
532684 162949
-151044 740719
-189356 -474781
337380 58425
-488394 717670
-794075 227034
-695348 -972775
688916 630587
-42080 860230
444155 349742
226321 350060
-118083 -591881
-270706 -146224
740523 -430289
841005 236645
-294458 774443
-404749 235913
782828 -682983
500254 -436840
149318 -285594
-66231 89517
723542 -679353
-413278 -316041
615826 -357754
-212885 744852
-226439 796231
-840150 368694
997221 569477
309017 104719
-405 -444503
-153430 435811
845065 -293680
397950 640275
-115400 87691
-403069 -785681
100741 -888029
415589 766145
-246181 346326
-680854 -296409
-654171 442017
-928488 -819286
-211548 -698458
59771 -679427
405712 257208
-181603 -81210
-472966 -537417
-920228 462433
-948477 -811070
125357 111047
803508 31231
-748387 -312194
-231587 -205293
-963209 -687273
-16685 -529286
-919727 376381
278383 -479407
-138884 -495908
-8457 650365
-86291 -269482
17355 -760026
113907 -969345
395387 -96481
-262355 -655889
201440 96625
-390261 485674
-306259 757681
245273 441506
-724902 -279364
-468032 -922192
-247086 441065
-478912 -305228
-391277 -85142
-135094 -382421
809309 -204184
428380 -176058
409969 983617
982048 -213243
-544099 708513
280815 -880027
410133 42951
342741 -165757
-623079 920155
864055 -50696
-482283 -984168
253310 130867
-543078 -402005
422920 -247618
-293180 591028
992964 -845049
576692 -351731
912323 999163
911741 -809505
-717506 -362164
-736402 -612428
254160 -267030
553594 975056
609782 -145048
650891 -955860
246146 -568938
232164 -621790
-860395 838651
628454 -858075
-349555 308756
655772 -627390
-199239 -979188
-739332 342418
776126 -999253
34309 -176404
-910333 -458058
-222790 14885
6745 -693912
-155286 -739092
635635 -601061
-166293 -675313
-502996 215801
491620 -518482
-466203 -975343
938499 499004
878608 -262710
354557 564850
712232 166717
958375 340251
608932 -432499
-417816 668785
-447520 451942
432500 -321849
170308 -682433
11278 -111003
-460271 -167491
-78065 125702
949899 61183
-842936 238857
-171526 80748
-664350 -759654
-744732 -707852
668328 -614025
-440020 -280780
425532 883694
-334046 421436
189857 266126
-864459 106822
88803 111568
-729172 570775
106351 -235611
34376 147293
742908 -917222
666306 -149466
955626 105484
-424801 931189
574540 -755038
-409004 -13862
-83984 907041
-207531 -662499
431242 -869766
413567 -928019
551564 446069
-975293 467447
232167 218939
897193 550023
165150 -327547
578859 80068
745419 232672
-731504 -303571
315147 -192048
-494177 334544
-144660 341904
-528536 -16381
-137698 193498
-428201 -474870
-59659 -264498
-615956 896023
-834939 -599544
894083 -731331
-95506 444793
696674 -330673
340297 236867
966451 448365
-510151 -937017
505316 519638
477006 271320
-617220 210868
-517892 757044
-570857 186393
-775661 -268780
157731 -798916
-774557 -657462
-537805 -527912
760002 -791730
-806891 -430986
793946 -243539
-390143 281840
835683 60037
-259071 -957291
545919 -287859
462372 -794260
927673 -518947
694361 844579
-465178 -584637
-710993 -420101
574930 282710
-426766 -199108
-778958 686970
-249702 838048
795360 -406784
-614951 149207
359492 -603925
188618 525338
-468437 183795
737984 -511978
-574073 -189538
-25 -872559
-514903 -525111
509612 339381
-405835 482197
-924352 445292
-66364 715036
818050 -526271
-165936 547864
-213750 -449885
302669 700969
350135 -928606
637223 314204
-477706 714478
804726 483856
608015 -898180
-35553 -525404
-966790 749343
-580403 -232308
-802317 519724
-837553 873385
414804 -908632
388354 93283
-455521 752977
442800 -50808
-564357 894883
112171 838511
-586297 87531
-544708 -213269
-419017 45424
-994225 -390444
-758411 -896447
625280 638629
225944 -190879
-628919 145397
904891 271476
495048 -432082
381359 -942624
846235 -742233
810334 184936
-789817 582115
-348260 773617
776652 896015
867234 -584824
496885 51687
-102144 673984
-352782 -404330
-930513 -101527
-26499 -296391
-459015 492795
874870 244541
-632663 95623
-297194 345463
-785422 754700
-352146 -229926
-852016 -653037
-543498 -184620
362055 243735
-943722 996961
-855392 -468468
822097 -919547
-169467 18874
529411 642442
-920023 -105908
67217 -888344
273099 434057
597193 348498
843962 76158
455612 -206111
-805957 -54543
-415839 -17715
-489559 965345
531610 755245
-731198 611821
-287516 -803660
-172562 750166
-18574 -387883
572544 144397
-929635 135642
-292904 -275614
-589426 -944596
467581 -606033
-268925 745584
-933746 798016
-757051 -755914
903621 625836
977363 523748
-22597 -547064
196692 -916691
-761982 318166
-152632 -85189
-765740 -154705
-522284 68199
496534 -887842
-571122 -784686
-226046 -209600
-232291 82524
184553 307147
-877658 -985696
-168794 600987
399178 869056
-707750 395156
-458424 371729
276039 -288736
30950 -671348
-637428 -266206
596702 -94770
-13389 -952092
381794 716663
-10358 -180756
-350519 -977672
-133042 -370643
-113029 170744
755536 38292
-807641 -205916
279557 -366292
982370 -636745
511923 -132736
-135140 -974149
692592 281187
863984 535875
765234 -157546
404080 -794564
-844828 794090
352440 772238
344747 412944
-738361 -576723
-696444 996212
282497 -691390
-953488 565871
-97954 558215
-921052 -787720
-433011 973954
557893 -733956
944420 -61435
-713657 313090
718776 35641
706814 214838
856193 -566446
781024 599895
-514694 765279
220150 503191
989924 744712
-974354 309870
-867120 114269
823297 -879126
834083 -343800
9417 -896697
-431764 27519
403211 -871178
495726 607029
-276970 -988940
326753 -615286
870429 -446918
-27849 -570530
-767299 -653168
-364881 995745
357305 -53457
455698 341330
107002 688964
690446 789761
-168914 -397443
516732 -721630
217970 -854541
-409587 303936
806147 -728114
90139 -829700
620562 219736
981454 980293
-639090 164380
787146 -853514
-823134 -188360
-113612 925442
-891315 -458450
-62631 -229941
-738571 -710093
103522 -362384
673609 -416414
304217 -766134
-997076 70853
78441 -589312
752160 -231684
849505 -457788
339255 -685028
-408719 902992
-776359 971064
-21660 492005
719901 733860
54739 864611
125131 -319046
643264 777129
651246 833351
-281144 -659206
818416 664399
-172836 -977567
741199 -403922
156564 -174148
327355 -372815
702863 890867
-234182 253270
-779781 279618
818813 -472509
765974 876733
245379 852704
87171 -377506
-423258 866287
152521 959644
496557 545014
-275490 539703
334795 996007
-313262 18609
-439663 -561355
872380 -951231
734187 256824
-51163 -691949
-721203 -485103
-123974 -478040
-763999 262393
893647 -938652
228434 -634781
-244915 493368
-440131 557253
-797754 -779944
545960 386967
-816051 -208541
574733 -936666
104561 599123
-400757 565738
-570116 -34048
129681 829107
-154152 615615
-561381 -287370
628554 913530
-889844 77323
-965846 -514417
584617 -927653
695884 15241
665043 260184
-67532 -998448
-14260 540000
-980738 879804
-428835 473544
-77835 -114607
-517787 929661
296705 -174416
-341206 -620741
-95160 805811
672965 -997249
928267 862403
455237 -13483
-651402 -413617
797253 -471458
184439 -338206
530710 258151
620390 -56653
809489 753532
-257767 -967478
381614 5224
2699 181241
-648247 281351
59976 691730
-340749 -581694
682719 -519681
228036 815709
925129 306986
247329 551436
327772 293803
-718894 256651
726412 -291317
415021 18725
-874050 106332
-667581 45883
101564 -986270
-472369 -211313
188203 -247273
341927 -206599
-14038 262658
10193 428042
393232 -14272
658383 311985
977733 455130
659297 563500
454953 71737
329567 -64866
-802027 416230
-736116 613233
307196 -641738
69464 277804
368501 557139
-428177 -955379
180185 -481054
-213726 57183
57100 -982651
-999501 -575893
676748 -175164
-734760 169644
465028 493375
599941 981285
-589624 867916
-902460 -617921
-740034 851689
914454 929614
-772459 331734
-422742 752039
-563283 907428
-721092 -629887
-373191 330129
462936 560852
-270800 -282268
-925406 373904
-990624 179384
831320 -704695
64716 -809123
-641436 -565196
818921 299690
410374 626590
-60568 -626688
-374403 766288
100256 980473
-77527 259392
-183905 -803101
683803 -284350
-876710 975221
834939 -201018
-320391 859066
345569 -427948
-367834 -292160
5708 -952915
-230667 387431
-247421 158232
506038 962343
343410 183374
-16263 181415
58821 -972417
-185813 564949
-52554 -616574
301703 -823602
-483832 -259835
-275151 743613
-733687 911524
-952184 -380159
-205138 -973741
392169 -875909
-40779 418311
-484445 -455642
186263 525887
189711 -60132
-181251 -836322
-483382 -505560
80743 -336519
741958 363297
-973311 405083
652974 -691853
-245400 -897548
548146 -750232
858076 -156146
755730 -50208
519740 -497595
74355 -465571
-216516 980975
403597 537893
-73493 888555
852071 -94327
905810 714915
-986686 -363925
-678086 -861392
494613 285674
167015 208381
-643523 966395
-296758 -940682
-195287 -5739
-988079 813797
82284 426628
-679132 591436
-251467 23208
85300 -371023
-998379 83900
434615 -828301
330375 167937
-732414 -4736
-631803 -443090
511497 27287
410215 549009
248865 530316
175557 -904090
-595481 844764
886778 -885290
237191 436557
735884 844993
-741651 742393
-263561 -744794
-809122 194425
-638265 530630
75205 -648116
-86537 897373
-653401 453900
-792296 953926
346323 789900
-4296 558771
212749 588738
-356544 -744408
846734 -398235
103512 879083
52441 -807385
-551790 -962671
-810403 -270
496089 150989
327084 114950
-3052 -358887
-884269 -122305
-470935 -336080
404376 -477552
60802 -546689
-726215 860969
-302558 738131
-90245 198540
747270 -198169
744736 -324934
-748178 -171015
90606 -918963
304976 300314
-715700 -113396
853380 76962
-129591 93106
-291270 -269046
213613 -125545
390620 -128274
932008 934283
-486559 -496408
932664 464261
161667 371738
-159091 -431401
743817 -340880
-943034 302898
695761 -250682
6767 726722
179237 345158
546745 -597700
46200 879108
-629010 -253639
-604858 -323526
785770 389690
963815 526729
-874157 -582724
741525 113556
174054 -129679
703759 517050
-879308 -576370
100365 -509329
505502 -131444
79568 210443
379735 -649936
642988 26593
764389 -44105
-109817 477362
605163 -311044
-337189 739619
11441 -412387
360658 369887
-269301 -552180
-141799 -362214
-178011 983546
-452431 725580
-901195 423462
608158 -211941
-254935 245763
-927595 -109095
75625 -263243
171962 -703419
205072 602779
222645 282082
-440244 -59194
-305139 366261
-227371 66385
841602 597711
-990407 438806
821508 -974436
309418 329151
-670867 167176
160188 349822
-249931 55507
-152933 781954
-622325 987662
384485 -662839
-830930 -294871
-566878 -446933
833202 -76672
258109 409041
293281 367946
162760 531099
-373181 -203367
274838 401572
370270 608546
225972 902065
738451 -938998
162672 884733
-135418 -93195
-669617 -660618
914718 -273512
476205 73291
272110 -184243
-295752 670251
-140466 -893803
78495 -869804
556972 765384
865095 -629109
792410 248444
772152 141524
313135 -526136
-283939 -16878
889051 377586
-113437 -160231
968643 338890
-479301 -522955
-634301 959717
-226458 242228
-795685 694224
173013 -552268
670762 -298617
688083 578511
974154 966227
-825304 -47519
-628645 -64798
-316999 -547559
-185657 -912651
-458622 -298064
-962203 163884
-957725 -213970
-724760 -940288
354444 955405
444937 888009
-873763 471948
463625 -31859
-519385 593227
-878716 -283571
-435197 31082
-175598 -942734
-154418 -145811
610194 437481
173889 354628
932971 -539026
-389184 -971210
-994953 524403
157563 194986
-583983 -15146
25322 -712092
-519604 -895214
823123 -476325
-244590 212886
-209279 -695306
-225675 -55885
-977049 630767
-688324 -498599
-656663 -517840
513904 236960
-798802 -721435
622452 962536
32172 520394
234021 634092
-199809 -435269
-366378 -946619
-972513 -126184
-722117 -585231
434689 927700
-582077 -396295
590277 -438261
722352 -82776
687329 921111
-56434 -971183
-865034 18372
911755 557702
926870 436183
550650 149802
97730 -442828
459576 902475
592156 -546461
334309 375541
995865 -492382
-530409 -459517
157472 375359
-824242 -652695
-323574 -938635
-835153 -126321
462896 -237383
-179363 -772072
246578 165510
-615787 -305773
666530 -215242
914130 -880270
16039 -552237
-171089 139682
-437260 627638
752560 30746
717889 542583
59313 308547
-169875 861134
75797 815306
-211775 -288002
-548960 123784
-205601 827378
-110844 -243095
-762818 653685
761321 14725
945418 142436
-960093 -531351
256164 -482459
-568011 319952
-983847 -33643
819636 513659
-390357 846208
94265 -128754
979018 -882920
505720 820759
948306 100611
846096 -642157
741071 170170
592678 437524
-574447 -154390
592097 -902620
-388171 528468
903794 348971
-61024 -46686
260421 -626270
126244 -33967
-228638 662443
-156539 -391297
-78420 -511785
349416 655214
-55914 -439279
-273527 665232
-821888 -69655
-87973 -839356
-969441 759072
-523842 190784
-56429 -98740
520898 -94872
715934 75289
165940 86642
-112582 202753
-427182 877590
58147 96243
693933 -710107
430744 637600
657675 -233607
171169 -270957
-839311 -336857
17796 -442069
916523 348453
884802 -173310
630167 976989
685945 -356292
667711 -894214
-117584 238386
-889566 857590
-181975 -375716
-601554 197864
-330722 26850
-218364 -148971
587426 155190
-340630 -756267
-171012 999181
-659199 -259005
194766 -105938
-643595 904105
395565 49379
-425965 812765
341303 143074
338819 290285
-156178 354588
911874 -467902
-126157 879915
915061 11501
609746 -593118
577789 658981
-14778 -656704
-750494 -538254
-170918 939911
806903 -754997
504306 -407932
-12194 336098
-839832 35831
-516821 -401088
-780803 -897050
325347 -317875
262252 -970344
-348953 459136
835321 -974543
280472 3436
472638 198461
232018 494820
-547859 -126747
-288421 -450474
-78819 -915154
-656629 455178
661949 -648633
228210 -226360
-967235 415540
-303050 430278
956484 -629366
-996117 -805603
87152 -204402
-601069 756011
274794 -388335
18933 897230
653108 48447
-281418 661137
839483 -438983
-845171 876671
-158948 718023
-164902 -163923
318587 -804818
236555 -85641
-477810 -321786
618435 23560
328389 206527
543687 -749895
486309 -739784
703032 -190218
538540 -296324
-478966 393038
199180 -758926
441513 751851
266315 -949513
-570130 -342083
336501 192107
280835 623266
-285288 919583
292724 -497241
-348461 -35680
-825588 306509
-785673 -865683
-928269 -514614
-111815 -631962
389185 -241883
985469 -708336
187717 -885707
294663 360529
-561444 808076
260728 -484867
453589 -994422
558075 952682
-185310 -480404
-897312 99045
970385 -852560
-382593 520052
-525936 422732
903564 -348502
-418031 -517396
-562333 -334873
968006 628432
652791 718491
-781186 -873916
-960949 -355085
-872182 670261
-929846 -408007
-525195 71242
-355411 -497484
356958 -268801
892645 328076
-110160 -172338
253341 -79049
500276 689507
-889282 -344799
884377 903854
-54479 384208
442220 -255883
-19983 962300
277908 909970
-34311 499272
-120663 582426
83805 -348712
-191447 -804935
528446 -517459
723105 807329
903752 -14137
17533 -891139
62726 -360735
350651 403195
-298427 -740819
-494725 834551
-591205 -765284
613880 421390
-324426 -46562
825955 -33733
662834 -924323
-810243 -722376
-36509 -644073
57330 -231916
780200 -790164
650581 -661539
550049 335009
837920 -642739
509924 342294
-70752 887778
-776271 480705
-342836 -291696
991713 -523500
-949339 960865
-337728 599882
826811 -760818
307013 -785539
174765 -951355
285470 -139075
-161443 703784
670282 -468043
351683 673423
744569 328763
939491 -128669
850704 -955339
-683634 263253
-139399 -227578
-383387 -759899
741795 19254
-833828 -488555
633386 767525
-434850 576409
-514781 -166380
775461 444081
-805061 258537
-227925 -854113
63396 -481601
809889 -308333
-909106 -699361
454846 -748730
662717 744008
-464623 -434514
700829 -267911
126978 -318896
-692207 482113
-286453 -85831
-315203 146636
-179327 -461494
-771175 429310
-334677 -149006
-623676 94030
-88136 52909
82240 -34829
201683 -661078
-893039 -126913
-425401 -9793
-805908 383948
297984 -227795
259741 -63163
751671 858841
-813243 661185
-686087 -783601
464190 -806630
-142735 299184
322257 511629
126161 853975
-219701 435110
-459148 372401
-489504 256820
216671 951061
-631020 622997
765471 -737892
-400342 864466
627001 -477937
680098 -707531
-195919 339352
-82506 646894
543235 -446734
-461535 -803171
-943915 607985
714749 -809816
92634 -115162
-186965 736791
744094 -63264
953217 825567
197226 -707045
602552 -591534
542364 -388862
254455 -436094
-524190 -438025
754209 611455
-806936 -248169
-724583 331343
848877 583962
347363 311020
297750 926207
891672 468211
-102094 450846
523249 6182
-184950 178388
647580 -562173
-772228 163471
748078 -841189
218750 -894617
164420 -950068
-123586 -507653
-908266 514575
540114 364836
-256155 724683
949043 -708722
364969 50259
871083 -399601
-592368 -731782
89684 -591172
821477 -367403
841783 -782014
-52966 944871
897147 -421818
-748264 680192
254238 -520498
-119734 316463
448892 -355115
-201867 -249137
-969278 -499608
-915011 -369260
500673 857144
817129 -156694
-766101 998008
-991196 -282357
26136 321538
-824322 820906
55812 907245
487731 892907
248426 -268297
-685403 883091
144530 -531230
986679 -849205
161407 447034
864165 -99010
593106 405755
903672 190269
797741 140154
-431580 -182350
690135 287654
970448 -544285
252899 -923347
-721147 -369545
138862 -406376
-471849 633503
-436464 587330
275094 838334
257412 -218
-470209 964665
234051 -949707
-73738 80704
-338113 -676406
-238636 558467
-25258 -316303
929460 254788
724183 224398
712945 -744451
817446 -149098
757032 344444
555794 544086
947611 -831911
-490827 211813
-188921 29257
-78270 32461
-99474 -721074
-614027 -681615
-614276 -360877
423623 569369
-299987 740259
417481 -898348
-772083 457937
438391 277175
-428925 -511760
646462 -987046
-323439 306766
-16865 942407
-334321 -346122
203422 127656
-192331 45665
-93279 376021
305782 262757
-972922 -962282
-581566 -86587
722983 -795489
-348894 -490260
-491641 -509722
316889 -85809
-368134 977826
8889 -43122
530052 -862537
-792002 883608
362674 437854
-761786 -418688
-562628 732217
484149 534236
-476471 -103772
-132278 970286
998485 995009
-171055 776518
-5668 -373390
-682883 1846
832458 396234
-443794 134161
554643 -279117
-578373 -445516
129250 795567
195247 331574
408601 -137877
-217646 -123418
853350 -150896
621568 -754639
-80861 948843
410321 -785814
85159 -795460
-629227 799714
737699 -722983
-358214 -519832
734634 -257972
65494 706594
-475021 -690670
-649712 261192
637228 942150
-500203 -409162
59652 -691922
134533 871413
-674915 -472329
-552052 365982
481656 -559916
615318 -253850
846278 275662
-230327 -231089
228996 -276715
-807598 669146
276828 -485315
-885946 -510296
-735281 -451043
74645 182755
597931 461355
-156491 83065
175130 -68904
906353 -282012
-197277 492143
-17460 298742
-11185 30787
-476428 -825887
776361 842272
416608 -752755
407122 119013
-463645 -982914
-294387 -583649
-529921 -765205
851423 412491
-953490 -522877
-251844 -10692
935844 589199
-278768 910014
-460008 595540
344596 199273
674499 854594
668533 -664077
728546 796873
352203 541227
-270707 527756
-48872 -540629
-908710 186651
500600 279573
885901 -133042
-367350 873073
832583 -61286
-88201 -912253
-13145 279259
-341064 -827268
-434420 -393738
239729 919407
-733076 52397
-456909 913848
-882839 -674617
128122 442426
-76319 525327
-138434 -668663
64658 438240
-381168 11210
883450 -903194
118297 -876099
765464 102816
-35887 372603
158343 -101531
34335 27602
-306383 -596381
-397391 809971
565350 672558
45670 -730457
-441800 -520068
407870 548640
-748344 491163
816123 195483
-959450 -148491
-861169 -683924
135758 -594286
571861 -453727
816476 -122043
-124527 -513905
940359 -700552
-333727 991894
-676045 800830
138433 793220
291065 -873707
854107 -533619
-328621 -953253
400139 -761883
-505367 634746
-607486 184191
997718 647888
599928 419241
623358 -630623
-188940 -10873
-869657 -971846
42336 894599
974918 334314
864896 -225603
-151093 -18345
26081 961352
-152640 782613
701447 -518132
-927931 -321958
-66724 453426
-810655 -343655
157926 467516
751087 -612283
-736110 -974319
732132 199317
-682147 -64478
109172 -110888
422875 728600
145131 -857055
-797067 967270
-565082 370275
596303 271914
-418805 610852
531994 -80147
258038 -991290
-895324 967125
-916878 128982
-185784 -553574
688995 68280
-240283 612210
558405 -709078
-558061 -531187
-28366 781145
393944 -65692
-582676 -288639
103138 -643412
259588 -520994
-958389 884526
756470 -986512
-996643 483831
-804511 -167768
-936336 -71953
270228 -711961
382900 -746183
-561223 642620
462715 -219966
-828235 517017
848787 859159
477043 466008
-388707 -369351
701232 771088
-112488 -390506
936997 181937
-4188 660251
-546299 909377
520595 -730668
387782 -33142
858483 267295
783226 -816427
125447 318021
730967 -177115
145873 133774
226317 517238
-933718 99008
322186 -425392
-843171 -934418
-308378 550285
-817759 512760
880146 -476631
-126157 410991
-81507 747021
-120456 -87451
785682 130177
-929978 -842710
663219 239183
705533 -447321
-474734 869993
-751830 506418
671360 20082
533218 -739365
272314 -923144
293974 975724
-748300 162564
-46138 -47841
706020 322093
-727743 397738
-497884 524945
163389 -999769
774519 -509978
506315 -831693
563175 233967
762289 971796
-126070 -685786
-724559 -395574
462317 -259362
-251829 -64451
233889 -814759
70042 181169
-776521 643843
985050 463925
376666 764142
-38477 -195620
820496 -63097
346362 -715985
-716701 -611427
580156 -829007
-867566 776764
537028 816580
-411797 -101918
930707 691696
843741 -863179
586472 711135
95021 173678
949942 371069
331705 769774
947168 541196
298736 176696
345347 347275
-815677 -863984
489390 -702520
-54219 -266861
189528 -578647
-701580 -143904
500484 -481418
534893 -753771
703125 -801646
417414 141251
476104 -832475
-227377 374105
-436707 991692
112500 32867
-392788 -255521
-781917 -71586
-99623 232641
956520 378062
-513037 221109
144422 -185861
613622 202319
-484416 -594877
988226 771059
-437445 816686
-161827 -101906
-337229 -641426
931523 978451
413826 806443
-810589 -188501
626318 -603183
617143 499923
-333241 578442
356898 -239266
-228126 830183
448592 -749214
-430306 -680950
-553390 -111936
-421165 -652750
-608870 -339924
835217 49862
-218257 -381219
606709 -514241
185568 -181408
-103150 536619
-587882 -686265
606601 -666706
-154091 627943
278432 965226
-819300 -820689
-852562 623531
-169354 -109436
-890370 349202
-130735 996611
-376066 994669
-482276 -217370
-545123 -741604
-646619 -325911
634662 -191531
-377166 632734
-869684 776228
-166514 876449
-58466 194819
836679 -759267
934738 -420896
-945597 927869
-984442 386153
-992622 188239
-787883 413638
-655961 -496512
-440932 381086
-878990 254138
261836 104834
748831 223939
-134925 836642
986646 -596247
-355511 124851
624578 -191943
-843908 174439
-94900 -779258
-760967 -179160
754728 -982111
-354996 363245
-3534 -452735
776410 315655
942431 768147
-543638 564923
-988395 604995
520192 -497391
457498 44012
-295753 -518428
-714433 -314305
368867 -4623
-447751 -913501
-937922 537559
-197839 551956
-214891 -335158
65743 -485513
630695 -338909
-106356 310079
-542077 396738
628764 -875772
129022 -426461
-32160 -68841
-871205 861139
852988 708531
-133091 -263949
977525 -291193
-104078 -496110
-171757 999403
-992132 363201
232862 -14628
362541 664985
840240 -414136
-623061 -469656
633476 440361
631804 881625
-721041 -759691
-672305 783831
599740 684822
-687840 -454546
620355 -981685
993754 529456
732910 -404184
-242971 765092
349261 401559
-128189 739929
899642 489850
351638 220123
-152406 298197
315444 569776
410980 187988
-490833 721952
-872721 -114839
718217 867687
-295033 -427049
-154600 969658
243301 -270213
217164 -538392
-329981 -949782
-800401 -388212
712555 -951316
-486549 352611
961789 -772101
208824 -497624
-966675 93400
-522032 -947612
-194409 -496603
-562623 574105
595819 -716936
-559686 289280
-507666 580653
-279539 345496
600987 30612
-10511 -418396
-100128 926807
-657590 317787
31009 -829143
-439473 -173332
-900811 533397
774288 -267152
235867 8439
-922524 -187962
600400 -804627
-620908 -991886
390924 -596761
-84115 678550
-670125 310427
926519 -292398
80164 -161565
55484 60571
732079 504481
797892 -599435
785716 -693576
80870 264561
194152 -210613
144894 331019
-865467 917593
-252950 352238
-129618 -240550
495271 -1945
143295 -162694
477 676333
-905994 80688
631450 97390
-367036 -604082
-289802 86218
-109804 460469
43306 -497498
-720134 -916820
-544381 -57720
231195 421523
-608462 -643499
465689 -580091
-591400 -434446
-250295 350589
872026 -145563
-587753 73950
-591875 -221182
960132 -107833
359664 916328
-16189 -695903
712882 -934197
-409459 29909
513812 -874377
-785607 -252690
-963914 636960
362364 -472444
380600 -619344
-121735 -907153
897415 -728760
117521 -480555
811378 137839
959723 944757
637548 83111
44851 112919
131619 -373124
-692252 -238959
-923720 894280
-323070 -552860
-637760 -899882
579443 697353
416753 -653236
-337019 824734
26865 -346513
-232785 51217
964624 941019
224542 -31291
464257 -314099
-8048 275236
-652564 383669
784142 126584
-357627 -651571
858195 -366108
493214 406424
260026 -695565
948815 -157885
-351654 768094
-159549 433090
720674 -991394
465004 -907897
94580 -376621
460172 -782103
-972470 -160206
-886166 928651
-335883 -762968
944599 604879
-828141 -491105
-723895 433751
-324655 -700561
-560989 75379
517946 317260
519781 475264
753776 -999681
-597446 480098
450016 -709229
-845105 -329448
-317700 -461443
-649035 -185091
68186 -369946
709967 -373255
938876 412204
-113737 507997
949483 663853
-951644 946361
-304884 -451045
49373 177856
552105 991726
-396803 154840
-15523 -952000
-683867 -495969
-196384 34181
90981 -82589
-611229 -634955
-750702 461137
117342 -679733
-515717 -293015
-388640 217679
-197085 586106
-775684 -549401
630508 -583322
-379490 -874061
-178939 -300536
480502 104896
821587 -389815
-873888 -41382
686324 435725
-489835 -77544
828634 -195140
-481835 184818
-176432 954442
401153 -375026
-145248 939500
189147 -927966
750020 345223
-262062 -443656
707791 175233
-482585 671500
-761 -445370
749861 79045
908840 973615
-725839 243950
-574834 -683665
-885406 -759128
-570737 -215474
911410 -873007
-587985 720052
-982708 689397
817442 990177
-877727 355481
-674558 -360981
573204 356446
-469694 980803
18215 49207
18493 -63052
410650 178400
-629633 337050
-9820 727924
-163173 -10133
547693 -606986
860385 -19731
706318 -788114
688116 -277317
-427429 638207
-538989 -88629
-893028 -239908
153552 396387
-355757 -523898
957762 -84377
-654095 412952
444252 901023
-972856 636208
-148241 -585861
301649 -564442
497934 201218
-552112 -99379
465765 76536
179256 -749120
814394 897497
93542 -378461
66756 411423
353465 -287110
690360 -391247
-401528 776449
70900 175261
-442333 887647
-936692 -241197
302958 -949608
989342 -513272
-26007 -453127
311646 -427490
719771 -960798
568534 532092
-499623 946036
-587973 -372052
688145 -816459
31887 415283
-104691 -179391
-854251 -694694
603716 -658207
906491 681947
-314037 -921679
314738 101425
10398 -953567
201349 264014
-636401 724204
-811526 969792
-255681 534721
-733483 303870
273150 -336528
-686882 -226876
959054 -157071
-208365 -533680
-604215 -330415
-447665 172539
-353147 647429
-968555 -546496
-855355 -615816
-297501 -98761
598427 925249
-268734 375861
-478965 152538
-974938 199684
-590730 411563
106436 -897913
261416 369434
-964647 880941
757554 -27651
-858871 921875
-847247 991518
-624858 803047
363502 973218
228928 154535
271414 -21309
508973 361441
-953681 -48612
-793415 -907490
790605 -314690
-71576 789037
-952461 394178
177850 -245814
278523 802864
49846 433318
508807 -778325
978484 148701
-287045 -519494
264011 282364
-37645 -644544
-362393 646655
305699 650479
10088 -755985
-316138 384173
-391404 294668
487623 -235398
112787 -82335
-431340 -842586
-412470 697121
302745 326136
326045 410352
387300 -738722
121769 -193342
-365511 962843
-551335 -732251
-408356 452168
-780900 -683680
-575225 -562089
469110 -337251
-226088 -331044
-152003 -397517
-510990 -951831
-674694 877916
-814208 292347
705142 705557
-280772 312648
414791 -888670
68805 -15358
-45388 390039
-414894 398741
975406 907057
-15531 851458
784709 -441929
164036 -926497
535052 -44785
-799752 -352020
534038 909069
454049 -564490
-558669 655230
176580 783767
203979 -755389
211727 809381
-917546 414941
-508025 236793
-296310 615274
-656376 643953
406781 -570641
402177 -143465
129364 -940263
837329 -698569
-343749 -427832
-600810 -897310
850709 957099
278766 -564135
558907 232128
870331 196995
-183631 -920139
-774297 -981461
283085 18426
902460 -821492
-307749 -451527
834969 -588182
-975127 737967
-813588 545529
-150563 503247
-593465 -821732
-730410 -841918
802233 -471882
-597193 323833
688889 54061
494814 278447
480236 -649672
-451285 170032
101613 -992239
-856190 611776
-497169 -999176
276680 -793382
712448 242620
989759 492256
27858 512659
-240894 -88012
-892941 101994
552613 806525
867985 804128
772191 685011
-124310 -244060
-191758 -248723
-219156 -72663
499772 989047
446404 -731768
886821 106828
-993315 -300139
-537273 -320952
442800 -556663
-190293 757679
587072 80849
-652629 680195
219604 -398324
915901 872284
-835828 500237
900068 -322665
528661 -765117
239596 -192865
-18335 -55451
-389341 -188974
-527448 -948699
-195707 -699952
-828655 -456799
-708315 -815424
-495192 -723549
198804 305315
887568 -831651
625672 -726168
-366360 -159234
-113621 381910
-520815 981031
-307086 -266397
740503 122929
511605 -872049
-145968 720474
-700657 416952
149142 -477311
431149 641112
623262 -877830
574134 -673117
-108694 15166
-636721 -266397
900000 -643995
-677974 705957
-712959 900921
-299608 232839
-691444 841379
-629402 -803501
648548 394737
731715 813628
-905494 -160067
-274599 551711
733056 -305019
469062 -269985
-965860 852101
984487 -323064
-936820 879204
949995 393344
248453 -334255
-90541 369158
490677 -573373
-539350 -580777
515505 -24039
-176088 -736965
-101929 845251
-243509 -519590
608543 -119843
-362875 -117067
-169878 629763
455536 360853
-620125 -896202
-355141 -380990
870602 312975
682388 -373268
-698969 317764
-109907 -24539
463789 199769
672313 -132173
-319780 339199
-984341 188504
-556772 97358
-796849 581840
-491829 -538025
-905975 -290810
-919229 8851
-798521 -357729
76174 -931630
936979 -2881
-886144 977715
-343390 -235217
-420256 -855527
222221 -29791
118219 -975962
666759 -861415
-179505 751861
244919 43678
849787 -944960
-922696 74164
-577054 670247
-379023 -727648
674978 -138449
664121 -278571
-521773 -427626
-405184 362183
858154 -744697
748158 810667
-676306 746795
-103851 350588
157581 -1769
667733 18976
890606 108333
201381 -614369
-686089 555361
-588050 878699
626769 694804
-500247 -862888
924809 613136
-144960 -874841
863659 -294943
-698858 -558559
-250129 921740
422759 -785085
979060 -969608
-63127 519196
118469 -662487
-401844 790940
561145 -661675
811410 234295
-962565 327940
-634279 -803365
502752 -538894
-457536 -975089
543687 212435
139610 455103
-841986 50803
954064 -947139
328093 -585371
521377 -577523
166402 590968
-186621 -446068
565125 -943010
-413668 231746
-30896 -879423
868821 -232999
445150 30854
-147271 -630903
-524127 728569
241517 321252
900518 752307
104974 -555245
530449 -210289
100918 763578
832189 682782
627362 -231653
627740 853584
-571229 -212870
711596 984535
-439156 972831
135159 -206415
-469467 344518
181529 -831189
313749 229351
848588 -697557
469886 -235599
650527 118846
186762 -586352
-389402 89066
-970581 562438
880261 911378
-747425 227898
-734032 913376
-242987 62729
462007 -588507
407037 992138
-785551 349737
-35547 842998
617019 -224831
312230 -236598
34137 -85711
-408653 -357638
820560 -837530
-609965 -528823
678255 -994967
-673231 601074
367767 -983788
755900 746180
1799 -334462
-380539 341024
-382911 -397409
961574 753208
-692828 -537270
-411216 -502231
156392 -805638
-12671 187818
-775380 -167884
-261715 -741566
-803828 778271
882830 -461917
685485 115615
-839351 709585
368247 -437025
-356258 336799
-122300 -143344
215774 -645649
-895942 433519
-812770 201224
883713 -587415
375884 -176901
-670754 -208871
-750187 152373
-700713 -271652
499593 -240708
-970839 674936
530944 -860602
986360 -636019
-606556 680811
69412 -461683
-853225 -987685
-622890 -535119
-962290 -180413
60219 -785222
-906930 945572
665032 -241825
-413401 -95875
-703371 -736639
-761649 245975
-191592 -837899
-606223 -330264
-529652 -254170
660519 -219622
-768343 933973
-659649 530174
-544164 -182464
885366 115536
-193825 -789183
937222 712156
-303331 94589
-196319 768428
-362593 -830570
-800819 594131
162266 104252
-719909 -66694
-306239 806679
-945215 606944
-601555 -313587
-381386 -584366
348604 110991
715235 269578
-603782 677660
915113 -812508
-317493 861500
952657 -341899
854660 -733276
554462 -186673
218118 -975528
116254 -342552
-517647 -320571
-45289 -469371
730891 878619
-966418 -290323
807720 427735
-489863 -824381
-500700 884937
-49332 225060
670919 -315735
-967100 -104376
173305 984525
-724862 -309515
445514 947826
-664293 189555
460465 237794
242837 398300
631657 489771
-809317 894721
-74233 406215
-45490 -145200
693391 -789108
523443 260073
527900 -429521
779441 689517
772214 -3310
800686 789300
174990 169065
-530771 -250433
-622543 -14296
-776255 976629
726197 -980781
180135 -142594
677877 -872825
934365 -883372
584372 897748
-144690 -435039
-72809 943084
-192635 390625
858904 -898445
167789 41282
-918467 -594862
-248793 -597781
-510574 675326
193981 557204
485263 -829997
941005 -577057
380198 -719168
241253 -346451
564576 886561
-314960 21287
807568 844824
-767804 -115711
119500 101435
-860465 -802282
-128806 -902424
-892700 -924754
973628 -656797
284695 11444
-333992 385081
958566 837303
751595 -614611
-578571 973917
-475791 46691
846549 -114956
-440620 360233
-619671 653383
-941340 -207020
998829 -299162
-120635 -690428
-736420 -212435
499856 -630123
425089 -516620
858877 573060
-174563 -40569
273824 974905
-941582 -299870
-58791 -155179
683317 -360719
947464 -5091
161352 258058
993707 428615
91301 -924989
361909 -160271
922951 -271018
-167972 -769771
-370310 388666
-359118 864231
-708772 130868
-192182 -901393
-545024 127209
-211523 107849
210437 291457
-35448 -498410
-695436 -644501
-171292 295391
4914 174287
-242895 383416
-660666 -915465
-879025 -53951
-203998 -296428
-436926 -292052
101377 -904305
741223 -179675
-910372 -793705
-819614 -456034
181683 -655578
878988 -219987
-909695 -961663
-544452 -466660
717717 -504981
91138 -697159
849747 796961
151563 -423913
895289 115769
877022 981453
803190 -148132
686393 843324
774959 361152
40102 -363512
890423 -834726
252784 -743498
-683845 -613529
112338 585601
-40119 -776975
-907926 652397
575225 449033
726571 -131806
837752 -500521
467090 353883
756926 -901504
-849426 -723225
422381 733788
-157445 -421781
-953618 335685
-908232 -540380
46297 273552
585813 -715592
-479890 880445
-528556 828159
33321 895602
358124 569118
414885 -454920
70927 36048
-373415 -146047
799151 533003
621956 -29809
-873288 702016
-828002 241470
516808 496562
120973 -135618
-880847 -537220
-19526 -461329
-835393 904786
-280343 918197
-528584 732909
681466 725623
-414826 107874
-297512 941460
416829 -398752
246484 -643363
-925569 -74040
-132417 -913795
-602120 393914
-512876 -9073
-209644 -767594
-999201 -679768
180142 767338
-728628 -420589
-167974 927562
767001 720534
-883137 470062
-939080 457318
-256304 -376372
714070 -41695
102309 901386
-142905 188986
592383 -564758
436002 -294569
-534534 25114
-97327 849744
226987 549718
922043 382713
636912 593215
240054 676708
-511664 -926341
137540 263593
666605 164707
-495080 -163532
-208970 -177744
-10394 -204870
825800 -653497
-313469 -912086
753065 -676505
277697 -839202
-703082 730307
731755 -941729
-734319 -348817
804997 -221472
-994167 -970056
237513 941352
-759043 -815101
833747 258068
111534 -138285
553852 -875548
493009 316891
-483531 503909
-421560 -301770
-167115 786041
-74267 137846
249853 897075
-53202 861699
-863887 -378782
590277 -295951
279523 251626
294779 -253985
-929620 614363
725347 985085
181647 350127
-524050 -567775
614712 336137
-853981 -109101
687427 -939723
322672 -19391
351734 182411
-950546 539179
-424807 -761786
-336981 -536446
-465716 132010
916241 -713883
442834 692098
-781882 486100
-871060 -809355
-461613 -679113
-349794 137327
-113904 961481
917312 -992906
-102967 -267955
982742 -596974
-373837 -51357
-352703 205257
-516475 260165
-276657 -8759
-66432 -430462
-294068 -669903
370903 -456057
140885 708098
852552 -183471
-399953 319763
-334187 -909582
-940506 -634786
-107903 853755
231330 574401
-951136 -946600
273312 439271
-704500 -698246
-713657 67695
-552847 -894948
415858 -707222
-298344 575205
469663 602753
-362285 163589
-598098 -792341
286730 275180
-518043 876661
904689 669797
-223703 996162
392169 597631
-950365 -36647
954767 -169900
-871880 15852
-965141 -976012
287739 -158272
122455 -125800
996461 939457
159122 404614
930468 -588935
-221224 634138
-579416 86450
-90763 661245
81090 -363763
105621 -479477
577390 273448
286247 780486
-410318 -931575
-150784 997634
-649990 809341
726196 4426
696958 -503777
-263593 -46520
670848 799251
-770330 -556328
561964 741094
-48097 716181
-851954 -857757
731732 -788397
652417 -517319
53908 234707
-587939 -833023
285911 63183
-899374 -546015
624960 359226
707526 139251
-450277 -869422
157175 -144389
-834665 215944
680655 -837107
607033 -820065
-373708 265275
993062 285683
-599540 -607667
-573373 -932906
244866 -207664
695824 830028
95575 684463
-98879 120574
-95318 -121755
-75964 934395
984432 -516381
572449 169233
-583247 -306345
311019 -530818
62266 -773443
257301 -909614
-300288 -85140
-490397 424773
575008 594270
-792212 908845
637088 -242586
840124 -924250
675221 935551
-355219 -730529
367371 856299
-176864 568018
483338 -202453
816961 -819725
-670463 718308
20886 928996
-724323 -390445
-71784 -4241
590600 -29058
149336 24149
756519 -393468
-347867 108594
-588758 473933
-677795 -633324
-783498 -438168
306761 319239
947303 -519081
-524191 -746492
-132282 -720182
-540336 -30614
557289 412278
231427 -950893
-861425 363522
-791356 323267
433246 745251
438142 323639
-55319 -462814
-419791 363405
611374 -598843
924588 -805623
-603072 -653658
-575951 -383826
-875562 188113
917089 -62519
54849 669323
-389871 508337
241970 368056
-915238 -615343
414694 -969620
493980 -181587
-709286 -689009
457304 46578
387877 -125248
-290729 345824
-889437 -312422
578919 950575
-622361 -564322
130394 -825619
105855 -95298
-336521 819875
-832931 858852
-212360 -561521
849079 635956
-69600 785345
253179 -64510
165653 220462
682643 38291
859217 -707801
505826 -172692
-14001 992234
-921092 936952
-275948 -993279
298953 685584
-415231 504966
147274 -315467
906155 140482
578271 -349046
847798 -3713
-261002 -390514
-42866 111972
-301797 140072
-435520 186360
16289 282227
667589 -249456
854529 -771950
539241 986740
-659122 976804
-860735 312489
-487764 -497225
872553 -443438
-32186 -159606
-352853 451995
367776 269831
489459 548505
259859 806597
-905526 -547580
-632346 361469
-822408 213710
-453905 -367381
-240 620075
49594 -739994
574228 -821979
313578 -606696
274518 -597605
-241189 -710708
-490955 416338
955824 185603
-110199 951116
797302 -27753
-412514 280223
-341666 123046
741789 -798702
367083 -216183
-491410 937004
-290512 -319325
-539501 811591
-249337 680884
848044 530410
-475075 200163
744703 343741
451554 439973
-319718 -795687
-223976 27445
293679 -548173
-895633 -145183
638696 639140
-950085 646725
136182 -602883
-191354 680575
8866 -417738
-454281 -468592
826112 -267460
691236 179926
920510 -860972
-468304 795841
306546 525196
538201 -705820
-544054 -285208
536226 -539673
-573644 820362
697198 814057
-315016 -606901
-812603 384167
-998772 -708216
141018 -568115
593247 -280851
-83389 393815
799259 -966238
501696 -84308
257653 -232385
820901 420621
753091 899738
-885333 -282728
-154154 -432448
283974 -936038
-690136 5952
915449 -336174
-204039 -842963
889425 -438867
-176929 -376137
-833544 875036
637591 -692024
-763919 727879
-552034 -73566
-998745 780038
357616 177495
-855422 -732190
343722 -883352
244501 868132
-960180 278481
-360275 153584
-329312 950589
21790 -627114
809927 370373
865370 -828539
-189805 331166
-295570 -155809
-488104 68133
-823903 -861164
496354 450387
320482 686057
-852071 910549
-486335 -372613
607462 -935854
23850 527180
192550 84883
473451 957652
-404522 539541
-374083 -747133
-499453 335468
160159 -646760
-818497 -990944
219411 -33964
-198521 -184257
463513 284863
769696 -302963
-1425 880250
-165647 403531
972548 -513359
-919405 447071
-277014 813569
-209197 562669
73816 -847223
382025 73545
-941411 276858
-884113 176237
467613 -332545
-31728 225189
13029 -207306
492171 -733992
878728 3786
610564 890134
195320 615881
385400 -147562
-474790 -569702
870018 -690428
908801 811219
736919 850500
317086 -342975
671570 -547037
368810 -619104
-93818 527417
-697792 324517
-988774 -644225
-955607 90633
210090 203434
-752880 -173980
-506993 688311
596036 -598152
-971017 795128
-90938 -919751
-204319 -869647
802444 139334
-728617 626399
-771257 -853780
-298487 -948601
-202633 336103
-906607 317070
622488 893738
-463440 389023
49441 -726085
232449 437913
495526 577273
409235 244304
-397454 -73907
604561 -233185
-918279 -857441
643989 -93078
-130880 -362458
-736947 -586215
-437438 -482479
-746424 -285410
-985116 -718555
621978 -187736
-375101 506656
606635 -871579
-262259 483635
-946170 -823823
712970 -649985
776204 -777250
341065 -276334
-246578 -455605
501107 32313
-492714 -775313
-86799 553736
461595 171218
337318 -489073
-551298 -69992
-366616 -232014
-387800 578317
-189662 -137314
-340160 477944
306720 -423309
-58072 411174
591182 150840
778339 -908211
-241212 -94732
-939028 428532
-575179 987751
929324 673967
-669656 -423288
420025 807353
234527 82365
129215 -315351
-223640 -676283
979119 398137
262484 860740
-304471 945317
-315380 380060
-542808 -932262
-180099 369668
-165501 -742758
-637748 -713398
-591852 504903
210895 654655
-170666 -161880
-501509 -617420
-568120 54823
-992030 226435
42548 -636672
336989 696108
-88996 -382723
374165 -173222
-788660 -326871
-634609 -205706
-747938 -728310
-685157 -711482
-903416 -179104
789957 47062
245612 695181
-99278 -393876
-278527 77817
497810 982961
870404 112323
461806 624347
693591 -393747
-138860 -312378
-222322 -888667
174646 -479611
215658 -653076
-47453 -946274
742264 -414041
105822 236808
-477004 514808
-778236 758984
-710957 -617689
433242 -736363
-72089 -320404
-165411 -274036
-111587 356968
61283 -680656
-157984 643711
33728 928868
196357 56832
-724945 -311455
-309537 209907
416475 -514548
-973570 171888
917190 383415
178476 -488107
595551 511464
-437952 608538
453340 108015
-136457 633254
749172 596813
993420 -263486
591497 -879546
369682 -692498
303402 549960
821078 -328856
853260 -499188
-26404 796198
696215 -823014
-74442 -929289
360421 789299
-464465 182988
261713 -178681
-807305 -681128
-709127 -803594
-986871 -598347
-770057 -974510
379173 -156816
-387433 856532
-423567 868445
247576 319529
255199 -481616
-284172 206278
726525 -256608
287391 170293
437876 -648885
777432 298213
335883 -382983
233116 177679
-44025 57099
-792437 735036
510420 -742646
590290 -917048
-418098 922958
830816 253500
-16813 -344284
915874 497607
984717 -407782
-944661 689741
675598 -617961
596977 121763
757807 -143294
268018 177093
-756407 350872
500240 321439
-923945 -165343
771711 -437937
-414442 -507892
-489091 926469
581150 -779103
-767019 29922
663849 504570
-440818 -448115
-655042 -899854
127975 204125
-785066 206657
708837 781937
912540 -179862
-232634 -986060
-818275 547962
-512002 485164
832335 -667315
847793 -275741
146695 337353
564864 868981
-754839 369297
-853023 -708338
-262846 344480
797087 424481
459911 -218975
-375613 -259679
773790 360908
674856 -316717
640544 712738
117955 473195
-751169 -823858
347207 -50013
103359 220198
42537 -885314
-487403 876451
742287 -137799
-256226 410718
949486 920097
-667182 436553
843888 -725642
-767029 -219038
-138276 553110
308681 90176
-992534 -885080
-141363 -449133
434112 448456
580297 203270
395567 -829838
-612893 332898
280834 -275418
-543982 -551770
557449 989884
-328846 -780560
-989574 863309
809202 -654406
2111 -571941
779864 -166879
-572785 628433
888590 -696890
-648196 -371110
916610 -117707
358601 -120496
204384 202147
-515110 -829487
-885971 -389868
580626 763661
967284 -48898
-459067 218645
-774986 714576
-618332 -798480
-666288 993309
734084 762501
632416 171115
793027 -584625
-6158 -834125
-391158 -741695
-126732 -156492
-718048 -659418
923260 -992369
-280399 -841008
464958 908273
-323200 -8715
-422864 -216143
-548150 -804470
-496389 453407
-694452 -75591
-797159 -984580
231370 848099
-985888 650377
-874059 934362
-810368 -994491
317027 -366280
-549588 -908091
876130 -484341
830723 -232177
106319 80782
-686102 -45670
-307416 -993640
470694 492391
-844362 -555021
-964486 166333
-251832 919341
-714845 -326092
263654 939208
813692 -180202
988252 616653
-578034 722994
436514 -319018
-182071 485191
-586372 422690
-47016 703249
-371216 -704487
512288 454884
-820376 226136
-801880 729705
-524208 -550620
918662 -626820
415332 448681
716217 -988137
274381 716432
-159404 -724913
-939049 -132130
386434 565296
-402210 -319805
-112360 -36303
-919346 -675922
-31896 475267
-91456 891986
-381328 511581
-452321 780648
-670517 807741
-640 -848810
-519612 -294647
914630 238199
21298 -115253
538379 -510471
-8911 -972679
26777 -784528
758608 -233010
394245 54270
-382758 -532980
-975469 -923686
544665 145266
504477 503132
-303769 -558399
54657 707554
719512 -718108
852581 524094
892950 946636
66968 914106
-304058 299588
203372 807989
528568 466280
631765 -954402
-443873 63411
540406 487941
-220040 -481396
289435 575338
483084 -815835
-853743 264673
-419550 938126
536386 -712542
938080 -707426
478476 -861729
658105 -739547
474907 876153
-695142 64439
-658639 608503
104041 -247174
-114475 221073
556244 497307
-721386 -743321
634601 103384
-229407 -167192
-842331 376160
-550125 -177182
570494 -113346
601844 -763823
-412772 -851110
-575469 -654182
-193894 -687720
-60828 60757
332407 605987
-68671 -442860
882763 -833172
966825 -990813
606313 25452
170566 -231238
725245 295786
299223 -537687
698068 502629
-283260 182223
206857 175045
-742944 261971
325634 148877
-702341 993149
-34581 635800
-980394 958539
385377 -868836
-192862 794778
267056 -632112
834761 994761
877350 340704
554550 623067
939378 616156
-252760 902795
51561 -582000
912131 -198307
-840615 509020
486068 488981
493922 303573
-296004 893568
-70665 -955431
270803 -82722
-493437 -321142
478056 -459957
199227 474874
983288 -417594
79368 -299700
991392 -285099
-131666 111672
-721374 -593713
-76433 -122565
158592 -257307
-219481 -33735
-505753 -65331
654059 289469
-155546 -107683
227366 916305
-839590 431055
372361 717739
682801 553801
974489 88540
-176755 -519280
-549995 252655
13424 412444
-24742 -943820
981840 25468
388428 317330
514284 193368
510562 -268209
932758 727725
-320088 -23875
781687 -880824
-858774 -142430
843863 -166182
971702 440646
345201 332025
219863 805689
527925 -8990
682543 -260399
730613 -539164
853071 -607140
954401 889778
949650 -493798
892677 736226
-636442 -615613
-93462 -312391
-201874 -552610
-717836 -592273
-959489 67127
-638590 721649
-144939 -696386
-156715 -344719
-108389 -763857
-38148 -3747
-884765 832220
-521279 124987
-381326 -606782
701678 -779448
197886 445533
-925470 119979
550039 -613644
-946494 -312054
730948 -157203
646099 194472
-141724 -272209
341910 -930245
-906483 -121781
703313 235576
-421404 282495
100990 730029
-828826 108566
32396 -154999
-566549 334909
-223772 -182454
703164 490929
-913395 117997
-293302 -200506
399296 -383835
388381 -911849
-39017 640541
931568 -170445
-190944 63406
991121 -144216
591388 720356
-301262 634543
135680 -397272
924144 739285
154683 -506872
430411 -863989
59601 -604919
778740 -628634
423178 50014
126033 499551
-460272 -788969
-499068 899986
857161 408778
-135539 610805
619313 -180438
-879996 -795982
977273 797663
-472341 314217
974362 296901
-731606 -306738
20670 91467
-11123 -765423
952357 751066
530595 973378
959236 -348469
-920762 882681
-275288 -858820
-281815 -933094
-326703 977081
477926 640963
-313858 -364455
854837 361951
970986 325037
-44496 710147
-443667 -411880
402402 -460117
551006 336529
455984 3588
944830 -658089
-382575 -998350
647301 -142577
514042 -830911
353051 998719
-543340 -905656
-855024 453602
-229317 -282562
795040 471872
224051 480535
-993387 -553148
-613834 714739
210797 448746
-5433 -427940
-161239 930695
-811196 656870
373626 -178938
-388855 -834264
491536 -355615
-100688 -983118
-125173 -886594
339806 142542
-858358 -366570
31159 226760
191972 477040
667554 -265637
983801 -542100
768297 -251809
638055 -684706
735373 582284
-46466 954023
-737897 369201
-270970 303750
146030 190476
-250819 -782220
-379819 840241
921328 -944480
458094 884406
-827485 -390753
172758 208238
327728 390085
-801987 -346611
725969 473031
-153087 903778
524230 916595
851684 165835
193878 -948552
-303404 84047
-483713 630663
-244643 890579
-245623 -366050
903182 568238
-615116 -695336
-97660 23853
-48935 -182991
-41259 861169
-847145 585111
840174 -492139
-298070 -317089
171491 -234156
377142 683455
-243792 -790232
348723 551199
-770151 -708553
-320155 -871038
-912912 -926266
-457274 -64272
-507479 -200343
368757 -321288
859692 538840
-508374 -779003
-976167 934184
-572151 -605037
-814663 940388
-720243 -449852
-897592 -717284
-572688 674038
-106777 604933
-205922 -200661
221593 168307
67530 -53418
-712903 -117630
-657057 -551030
-96487 844836
67122 -806332
596019 35662
-885872 223068
-496918 -305731
169119 -794486
695925 16691
658756 -687945
-16962 518646
153326 -608968
211070 -917859
-982009 945911
263856 -614725
-559421 -874258
-810994 9097
-481074 -824155
-530981 543052
-445310 97315
-868625 -900459
-102552 -859131
166690 -748904
-414117 731900
730502 -969384
204119 447161
-728290 986475
612571 -647900
-846443 198792
611088 -328363
-711983 -125081
469215 -394323
860383 -439923
-182283 -829992
-675179 732268
234555 763785
-51752 513645
569983 -199170
674759 892505
-911671 -239936
-64446 364893
-707833 2581
833810 844679
-956463 365501
-468009 130813
861958 302427
717110 -444553
-524398 687353
-895198 -550289
-660224 -230933
302543 -770986
258302 -341201
-148167 -890582
-274910 771483
-853199 -379144
835615 12463
717397 64731
995321 206573
688929 348830
-561546 -669371
-409543 421017
161204 933270
690401 734342
598259 682541
-99016 -852690
-21838 -300815
884932 -695024
807991 -759913
-78719 267955
652220 -771795
-39469 -230680
-707389 -563507
-492110 424807
459177 -341259
-773286 756839
-728373 -714605
163029 -250552
737229 191132
-12199 666091
-868952 395680
-955972 972878
295155 586363
-150823 902421
167618 88347
-478064 64486
-230903 -497524
-505755 -175217
-955136 951658
-376697 -986452
474154 59227
49134 994366
-382096 548371
-230105 702052
-730205 105703
347130 146450
-99907 -313118
-394553 839198
758605 -960368
673361 358614
180479 697292
-930669 814521
712989 309643
-715243 -743681
497450 -938596
334576 -787454
-660454 717969
-995249 90713
-292772 -151595
-121095 -226935
40613 -383090
-471403 -772863
836904 -700255
295365 -894742
-838386 -355634
-280665 -707113
-542083 -492493
-698980 299257
-894678 -362452
257756 322776
-684211 -968132
-996754 266249
-635534 218588
-767839 304323
355433 724265
-197523 605636
-537570 330956
-96075 153621
-24565 311201
-8629 158699
-850610 830152
629425 -759646
-167773 -816786
-143140 605973
197785 -714440
-800328 -781418
549741 261048
481680 296366
-419288 -135594
-739527 244841
466012 896777
-723082 621414
379208 793034
-64781 873209
-304424 -511489
594326 -949162
982930 949215
-4544 44126
-82313 -688024
-909243 478531
446433 -567974
-153323 777184
-492654 834205
467618 -198026
-397491 45823
485459 -485289
-108690 679183
-907719 544055
-501832 367228
-253728 -676596
-436635 -787087
-444314 179325
-548836 -316888
814104 -628745
74634 787347
491108 -251923
-934579 273061
-661697 -249037
677064 950614
694209 -718666
-752913 859718
-72417 794441
818583 749868
284304 982976
-920102 178802
49980 303068
958255 -646226
507223 690631
-545406 261237
536810 646741
241724 152629
247544 514653
-306018 298353
747097 -300349
-567215 -718205
-821727 759467
-830431 -254961
-597651 739612
891631 962784
-251976 546993
-614990 -5556
551697 -929773
-788506 -73020
925783 893584
134880 156613
-286268 -165930
-928619 192861
428135 309073
201750 187555
812211 627820
-469537 350387
181463 785884
768141 255166
622897 382637
392569 69294
-88110 -450086
-318198 -591515
-93126 199
-510587 -313471
993733 227229
-761135 959792
714514 852769
871287 34729
573048 -511723
901019 847402
677653 -308990
147738 218496
-450263 -701622
375050 -990861
933691 363249
-936215 122037
-154758 92918
-378301 447174
885634 399450
664954 201021
-243933 -500128
115323 -125601
-77363 -451143
-315193 879328
867623 662016
-477831 592690
-233317 -375214
-950964 -591776
-318361 -502459
711463 512061
539201 344898
-352521 33331
-233153 846082
-699518 320492
189714 -499429
-248033 156016
889484 672445
-416956 -270653
-937244 -787002
-797633 -480159
-464615 442622
-901238 325411
-732755 267969
89605 99708
992879 -936934
864236 -506644
-902037 641664
269490 823120
-60341 132773
-848781 -184622
-330793 391751
25021 -935189
911828 -20498
-426778 -679648
459805 -778387
4187 603943
-442490 -844699
-340051 -53701
524823 782728
226566 -681838
882021 658206
-121792 -143716
478795 510613
501456 15825
363838 -884340
-509679 600992
503198 -716874
92024 -894735
676470 -823985
-596603 573311
63359 -212478
556250 -533731
-670752 704370
603951 -284003
896372 -758343
-974762 38989
-728833 65076
-425474 -24770
814645 172987
-802455 407622
821159 -210055
-619389 -368826
-458956 -721252
-11505 -44100
-249449 -811999
-859039 -701461
205473 -827041
803299 973247
-313825 959876
-26422 648065
680732 -914534
-655707 617487
447673 260172
-468717 392754
-453246 -235635
21703 963478
17067 -526923
-122580 781051
-176655 393214
-38441 610549
962079 401161
684999 -794560
-656798 -744714
-434136 -772196
-805917 -906940
906273 -834364
723767 228177
-370747 883203
-692129 -971497
172465 513643
942758 936410
335703 651407
-418252 621696
457806 -267288
891871 908803
693315 -357461
-565669 694052
-362123 956313
-226772 -477174
-751139 -930187
-288899 30090
936570 -22146
-546080 -964228
527371 151327
876803 151934
-127083 829130
-643626 -743250
-386287 377118
554811 485093
-452946 116851
-22118 540881
851538 -757705
161555 232825
-776731 -624581
-300296 -406393
867637 376770
405207 753522
453071 -239864
-386978 346859
778368 395765
-860944 -987009
-85841 -354539
-845855 290178
263785 559445
-433178 718648
92104 -823078
875383 -800532
256687 -355889
-759693 -897959
488784 -826120
254983 730114
-909723 -535611
70389 544864
-329537 125497
86845 659527
120538 -241508
-489879 -81698
-576201 932511
873867 896259
-134854 321286
597115 -789819
-393002 912256
879891 -687034
-311849 443301
-350010 287836
84599 208451
676395 874884
-973249 925782
888761 -425403
-175039 -287712
943815 782681
966390 -267382
-977235 685457
-642504 239865
397366 889169
-390881 -785887
-369885 264018
216566 279133
-827522 573278
287984 -272024
-412126 -644611
-793497 97187
214431 397916
840188 530804
816591 -259802
620680 680292
-311550 315574
907261 42306
551951 63112
488050 -455038
127654 818402
-498560 -845635
914444 391724
-424406 -630096
930394 121051
352340 -709937
-202189 -973014
-591488 -672756
627117 546328
-518866 -870242
831128 173699
135849 -512623
777824 865711
987616 188669
-527543 -226845
-966432 -988521
-333388 -907769
-311863 -659146
-795311 -641055
-486019 978884
189891 -225199
10839 308639
322036 -288861
280388 -304892
349745 328599
-72781 -783726
630627 339541
218336 165419
-199447 234658
835299 170106
-492131 -466673
-783195 -199014
667715 -76935
519461 329867
962884 620902
464680 -492207
-82782 644883
652304 234068
-781993 -312810
-303353 -734478
-215186 -506633
-15419 -991505
930121 75114
-898844 -875462
51588 -222171
949251 750379
578764 216135
571946 -467245
504032 319250
-951627 658990
31592 -297577
-884620 475642
-990280 -776264
444426 -336841
501189 -680069
-358411 220193
11158 136442
696416 -232745
-480873 388122
-579068 235826
613450 -473636
931415 75523
14330 82202
714800 -624350
-507316 -521259
-321336 -398072
-565576 401778
863056 719891
-843596 -800911
375428 -71861
-778265 -946809
-201792 478936
-725509 -838464
-152646 780699
221668 32538
731513 990826
103457 9223
349995 944878
-983660 -180828
327611 4550
-285329 682307
-158640 -173301
646102 707017
443988 -797085
-201880 632263
274498 -513033
-350427 -346227
-730648 99706
754481 617507
-86936 -593255
-756140 -41517
336602 858658
-60293 -989881
-233331 -474099
616744 909983
-372516 -512193
394865 63093
-826326 660472
716432 233795
16841 332128
-959294 -32872
49869 505849
-289962 883402
886007 -513601
-446472 63856
616684 -89344
781166 16444
-553132 11020
467194 942201
158552 -876686
733298 470079
743305 -112923
889350 629711
-847461 993234
-275358 -551275
507875 436067
-985860 229583
-457318 -165041
83066 499409
-329847 559696
-589660 393019
474763 -441224
787746 814476
-559684 163287
-570903 754523
-163764 -788290
695257 289846
-965919 -129142
-438952 -413646
-187057 498617
-729396 -92687
244664 222230
269112 704891
294109 797307
-679341 472062
627824 271413
-34632 -44934
-570017 467302
474757 960169
-275050 238928
-744562 -437867
850936 369164
157779 -609633
-91924 -592363
973806 221974
-438765 431485
865336 -479968
-560770 997284
-356321 226431
849798 -37724
-349168 -386361
230554 -626243
-312132 -618700
-920394 311396
500956 -856241
38924 -192135
-244758 587954
547025 -801876
-590741 -105993
-628342 -599917
-733930 -329243
-394376 -702365
630214 507200
-556419 105777
-169935 -487655
-924701 691766
791855 138713
959005 -452042
-413181 174481
152493 506684
218593 520031
326743 729608
-44186 -319069
907153 -802924
469151 790528
332857 579053
82874 491235
-53642 -805544
939953 35978
-436895 361975
-574160 269462
7012 -27274
696155 219002
-73616 883049
244513 8586
982615 228506
935644 -337981
-167701 -657256
-538880 -836188
-765964 103555
-914804 935757
-52042 290861
175909 134517
307076 511128
-673570 -434471
896900 -972685
98294 771164
407507 -110567
-892216 974052
534258 -577690
-603526 -314270
-496282 -859641
74519 -274103
408152 -139539
-728451 -489387
177536 -711736
977975 382785
612370 -734148
-258615 876444
554832 176781
910659 482379
-735073 348646
161343 484165
-126605 73142
-299113 -158122
675486 -218497
835993 -955316
696694 877984
