5000
56645 677572
-732659 254920
-51633 -606176
67160 21391
-658706 -356239
-561758 739191
-297769 138036
578791 -585573
-311030 -42517
142360 -682985
31701 170610
232730 -506580
939162 837562
767561 120501
-911 -878900
-546478 382643
-810207 721786
140545 818175
-895021 -921174
-10 -408598
-867369 709693
-95318 -443943
-303981 978054
-717417 -660218
101323 584261
948658 -631750
122765 33446
-908283 908180
420781 -690749
555823 602958
148452 565017
398503 900649
58192 -669614
-659184 -441580
491578 875355
-556255 844910
-725898 976743
-383871 608185
-529267 -595692
-926216 -345088
-724783 381391
-610033 -980375
798898 330576
681766 140970
-930921 -174174
847628 -22670
-910865 -124256
-816437 980266
733153 -95772
-412616 403201
-682099 -821720
32204 275077
706049 -445927
553185 533454
618500 -215973
-683921 -546922
-465915 557116
-124985 638409
-326599 722455
-65592 495512
35002 650715
-693829 -843380
-264457 769318
229255 -128176
-931418 355768
500369 471751
-103826 -913631
741364 536634
-966582 -139676
-777569 -835211
365721 12554
-257321 -989198
-563230 -613601
409007 952305
823911 237004
-992199 -579757
198198 200354
-238823 -148496
-711497 -528764
861625 -488397
-313060 -401109
-885557 -557710
-288008 -476342
673023 594435
-98805 335256
-80864 -940102
-595720 320801
878942 -369867
-233680 142568
200754 -364131
325263 5983
572531 -565510
-425021 294078
594551 398612
-874400 -461779
648680 -146629
-488269 481921
-147537 719843
-484706 -985579
-327592 108466
-652496 -162325
874968 903536
-991134 -395059
420743 -434529
362789 444550
-147389 386478
41898 10640
-115997 -849820
-711364 -676788
-393471 855024
936971 391017
353580 -323399
377769 453252
251971 -562152
27916 -972426
995056 -180606
-320144 -857547
-878688 36345
506022 716441
550223 -673249
-609821 619431
646375 224114
319929 807239
999597 -878501
-665741 548368
-965722 -389249
196439 -762554
-817473 409364
-464550 606858
-814377 -694047
-690063 -546598
-895570 410028
-513318 186930
568610 -616835
681493 834176
-238591 -321778
-628574 631363
62527 -54795
381258 928335
-402835 -535913
-169337 -43508
215023 669081
810706 -932589
468513 929154
803607 -342434
708726 -882515
-353186 -185395
80374 876356
-874501 -133391
186275 -771818
-235022 -633680
556173 -658642
-756486 -73659
-827453 23354
-963543 610915
260427 -346501
-138601 -235467
403123 -652411
-715257 -211529
-33127 -263566
754902 -885010
-338674 -798813
-713326 -825909
-437249 708942
769147 -487927
-217902 -333583
356577 885529
559898 -895724
786842 175136
713990 -580152
-65496 610726
42269 -552597
984567 28919
-29539 -666169
-467763 915601
-153216 997184
195611 -56311
799051 -855008
-3474 190789
765427 588104
-666192 384960
915979 -819273
-59651 -325153
-234697 -243494
598399 -121560
599567 753423
-837990 450719
-553340 531377
-974009 -140988
-100410 736755
-153575 -873774
591555 -238709
296998 -363855
-233804 -734944
436839 -190912
166497 -696242
-533691 -572970
420600 -649621
21016 276905
803828 191339
776992 -636923
14877 72235
-790143 -898591
-215867 -895306
492122 -152344
-366225 256750
632666 132617
-686024 63158
814310 -724504
583223 -859366
505459 579745
552121 -10621
-984787 174305
-749429 -959931
-547285 73469
599895 219866
830704 711953
-658253 730199
-436759 288712
-148724 365395
-354226 666961
-82293 -664729
465304 225652
-746221 128109
-356221 -390316
-520374 576931
421139 -848147
-8240 -930233
41702 -382842
-543229 -302010
-751987 -240126
-909195 -172025
-296511 913913
-640527 598264
424316 178144
229486 412115
-808567 820865
-623296 -891842
987430 -759958
-181174 -440599
520575 466214
709372 -862069
-641806 239169
755399 67823
776629 841498
-38581 226384
453260 -732113
-667392 -398395
663315 505042
-388031 -362820
-747504 -37285
-973805 557608
-817920 -892305
-675734 -557269
-75196 -287309
850467 -606785
-971157 333257
-396584 256426
-210670 -425284
986380 -56031
-6249 -217083
-256536 374392
-993854 731001
373970 798232
178738 -267165
-6531 -868257
470589 -267928
911150 932203
779 -873762
357114 653260
-31804 59882
-566966 588994
-870960 986241
-989067 380758
230513 245705
929826 -30562
-903230 -418724
969469 -844316
-555983 660021
718665 -886795
913478 672094
477421 -375202
-244708 609794
473028 -627050
-959021 -52504
900677 -537924
-859693 338201
361184 326316
-735130 -967561
-580564 241432
-390086 -125567
-78638 695828
-759744 -917078
866312 432704
757859 -839879
465349 -818358
-692874 -886726
-985738 -123084
-297642 -25297
-596895 259804
386429 -936401
792485 -949102
-755430 -980949
-456457 902360
-171517 149041
-450040 -938689
654789 -959603
-58292 -907235
-446869 800578
493450 809433
-277532 -604468
-916446 -691088
-735961 361537
-474262 797792
-637697 -30253
-220058 327038
-144577 -971251
818238 -528349
-288487 -95120
358656 -810968
-62237 108437
-219561 529011
860236 -260292
-535181 -417095
-680831 -737046
373982 -544440
-377538 918450
527756 128106
771937 -5113
-315317 -833751
643688 -333586
533085 -905356
-618715 -492533
990957 -751149
-128036 -322780
-163118 -1907
-920485 881719
-835529 14741
386812 513833
-631303 -200346
-496785 401670
47310 -414420
532212 310513
-412819 -271960
447792 -598064
616928 979884
225504 -752222
-347846 427038
-125552 -127463
-261127 49523
-912454 182183
25599 -641731
355947 -443919
-855231 305580
-837736 -790134
-959834 -217096
488520 -295702
774191 15211
-83496 702624
267150 -546052
-511935 -442339
639922 -534403
681032 -923654
611521 469947
-970078 -173074
653166 -155268
928337 -937949
883282 641840
268757 988032
94360 -776654
975452 -443603
-845725 878200
-728805 938130
898069 753786
-75285 471706
-904147 712833
323506 582506
-913920 613796
122303 3947
-798735 -804054
-108311 -576096
-559271 965485
-230920 -76824
-838395 -518989
-36031 -949350
100743 -121783
438224 -884318
178695 -803466
545956 347573
619928 -650577
-448173 414065
587899 -818352
371966 -577133
-848176 -615300
-103755 679364
-853144 -213219
-254673 -501814
-670752 700979
471723 -524178
834803 505184
900530 235972
-159836 -418526
621819 959263
615883 -629550
741390 93347
-515614 -843753
-187600 526019
-943636 -232607
928294 -210423
448197 719750
438481 -25650
617509 -490513
-104715 375567
813526 -806470
-831703 825220
-390052 164806
993249 359800
-363447 -752724
869396 -811850
649905 478001
-778803 -71081
-244989 838363
909002 -924313
-353587 712477
-79913 64903
-908676 722150
614746 561562
976212 12823
679046 -939463
176978 -689234
-595431 406984
757754 -1997
341004 442839
-521064 682617
157791 402859
-347961 620821
-389952 -544700
-345238 508534
550719 -230235
-545349 -748136
-368430 -168420
-282732 -37920
980536 83123
-921002 -616346
-969884 653024
247896 -180710
162217 697526
120550 -341355
686935 444364
-371931 530949
-393295 -178838
373449 -258579
-975863 -872286
-538880 -431867
212167 -198372
-910549 -868097
720710 -110828
609232 822495
-95396 427382
330196 -798141
29154 -27426
-331392 -479099
-989239 -634688
-633776 742951
695353 -135140
-462768 116645
-729895 381803
-525787 238827
140029 542466
288958 383067
-894670 877045
-55433 -738040
776162 96329
656068 -247572
150133 -979576
-59035 -840582
-633938 -236743
7758 831696
-597847 947330
-512582 438271
935868 242353
726459 518436
-581971 9585
-613642 -515014
-400327 -867641
759032 -409762
997553 507541
601828 161036
-260169 -165455
899556 201441
-772124 933491
-621349 484585
920578 -434739
-209553 617513
-591571 741520
997199 527202
-167900 659825
105553 -784656
253272 -863526
-647030 144666
-391353 -33807
-595550 -973835
965759 391192
476942 799291
-647273 -759243
308059 371035
-283241 43300
368287 358525
-677817 350361
-440931 405255
318159 -355601
174974 627901
812431 405990
-924770 482177
-500557 3766
533875 782899
785987 -427747
702244 -380555
-46534 -855251
-17995 122948
-147142 488531
-828450 342694
-259944 71841
284897 281466
603301 230332
978654 214642
-750777 -728830
-321512 -720611
64453 -201951
-274145 -318972
922580 803068
-693285 370320
-287230 561832
407485 -178935
-744649 -21267
-608066 -726823
360393 288141
431535 -663763
722022 635674
736466 681245
-45675 996340
-923306 899255
83266 -166204
-681879 -777212
-14759 -682152
-481072 -149828
-641342 -732835
235288 611959
498613 366695
-750607 -223295
981244 -271398
-157569 295483
-842394 546911
314596 645167
823777 463190
868844 260380
422985 -607792
-176762 122130
-906356 418244
2110 -547428
297892 346661
739888 -151004
65645 146871
608390 -922138
253370 968812
377951 164923
835274 -244339
776951 524375
427402 213906
264183 587754
360565 405972
95633 544139
212503 -676807
188050 175815
-581733 -188675
-909215 217703
67690 -413737
-911786 -649570
-901073 -367310
5496 -620765
-732452 734651
789729 419461
-983146 251643
-125910 -669006
-19476 -35476
-170875 401959
-871803 983396
484217 717575
153194 731591
795262 518091
-160369 75440
693548 190987
-421403 -417150
-940313 594485
165601 140488
913752 485277
-802670 -807920
-223517 -77669
547975 958096
-968997 700842
-325145 498055
943491 155114
383320 -931827
-619668 603341
-564556 648401
468449 -82895
-379715 969431
771565 917303
51114 -872107
291125 -566733
621031 -473735
-288482 -869560
66377 -500403
-897497 -608578
-965070 -492373
-701769 852623
-277865 985936
-7127 313124
-352445 699035
-745010 842104
-245741 -717467
865564 513142
-657482 -859843
-962852 -868836
-992488 475950
732743 -341688
429029 245948
-387221 774346
540013 569430
72825 -40819
255945 630906
-956845 -965673
-53300 -70004
-364116 238
630204 425667
940574 932010
17012 731236
211644 559468
107187 -487649
-594395 -991673
537717 -913048
658028 -501545
170332 169480
498639 -45290
803669 575025
-873209 857132
889320 190673
-37757 -853846
815116 960798
-319882 893767
-729880 778700
-251681 339481
-123400 -807993
-637049 871459
-212423 -640432
186025 -896977
148216 -486038
882722 301168
-354329 703882
446204 -748092
838529 245195
-785152 -652659
-402797 77834
-746054 997969
-752110 -746867
582157 393307
949881 -935471
443543 -552167
-130500 632583
783510 294485
-761013 417550
-356889 -488205
-925402 -297742
833660 592010
984944 399221
-404974 -179359
-137313 -203555
-936626 6338
544684 380681
947397 538930
-629392 -198116
408341 407286
63930 512826
810638 -103925
26893 -74488
838059 192396
-71213 -159241
-110862 -592258
297562 812807
-24639 -788072
836282 841605
797419 797002
759949 355934
-684747 -116070
68950 431616
-28772 370538
241858 597119
-132007 -500069
884458 6763
-606921 -12557
-97750 -274970
-874469 630510
-300525 563992
260104 -717984
-63264 68326
758720 357913
499532 799571
850728 -298519
-222342 -589130
-22666 -614013
-36478 113550
861814 955567
-229059 796949
-539580 -143323
-739548 -876421
441980 207388
-145223 53421
-478831 -822660
-692231 535155
-413283 -357838
917332 971808
-581589 -227158
-330181 496858
31315 998447
-112267 431310
-456844 555119
935002 850504
-644656 -283772
291540 504395
530438 -137256
-229790 977462
871875 331455
-516081 163587
-248235 44892
-310098 -604914
-790054 -412679
-289592 324868
610719 -904888
159612 977069
-759691 -672251
81236 -587312
-700401 624516
-997400 -996588
156991 283383
930278 25243
200681 -283396
955526 274582
-122128 984406
579915 841788
989207 908042
44692 -840193
-666878 -523457
557053 -901417
535903 -37601
735077 -290644
561347 -87874
537048 -302860
306143 -718926
227997 -524428
872476 379618
-819175 281328
236758 232201
-257605 -692911
756383 962999
481312 679021
335647 -668566
365008 -301367
-224848 -167857
-629578 589580
457648 817078
406568 179031
-594242 -915347
45610 -107885
661340 34932
394487 -804033
875574 -991526
439072 144417
-133617 -599187
123091 -613526
-254801 598230
-340927 -816846
900549 321133
20414 26346
492655 405025
400823 420722
-482547 498947
218639 872708
-859436 -673382
470071 885405
916259 -230131
-446816 -267499
-939600 -468338
-686613 -625038
129329 809027
663171 846336
-361605 -183542
975343 -553648
159255 946866
4100 -50765
-334401 -237274
-438574 -699003
246151 -904782
-518185 -272741
713841 -606992
-100827 -284249
-362168 144616
16036 -134823
-174371 -271344
881499 -49128
264404 -355303
-108303 -403405
-63868 982404
112418 -853225
-317303 754807
-642054 -250273
-331012 996475
38027 -617018
-331187 -26892
678780 863246
-346930 100317
-818682 -186118
-666142 408060
-131812 890367
-458430 254206
-559874 385360
42906 -3876
547992 -420401
-216085 -436908
919895 629798
-13910 31502
956891 878295
8094 -209239
-360831 174730
-283755 -254122
587753 118598
-329998 -817014
-818680 -369819
-814463 -706471
-719767 286300
54596 596746
383562 -655685
-380743 739032
86125 -47097
288398 -382889
-742170 -516553
138125 -531273
-937500 -147039
439699 137941
-349121 135714
814586 -412329
430243 852509
617330 115790
-724964 906653
-71035 909340
-936474 515206
892944 605301
-653426 -237496
872923 -631083
-375672 -597772
113958 134804
-419545 933713
-979112 21595
-892743 -611510
-88064 -359135
-542296 -630428
883520 -537392
133832 -194421
162982 -223391
108370 -488024
697651 -85812
259080 593142
90413 812044
-7637 121458
-614222 210083
420878 -593412
557038 264287
-299320 464525
235909 789600
-825301 -481706
542788 -457591
13020 105910
-272563 -446754
-15638 902399
293366 850119
-835924 803137
-33362 306806
-223271 -718079
-982487 97405
682446 -324132
927770 980658
-802263 -480579
-335221 -786799
-689999 -947679
-877059 348087
530521 33259
-581334 -264141
-777332 439040
206107 862309
930229 -71743
838725 -542477
668440 -20386
407138 -596486
497612 929013
-399542 568784
-702299 -932708
-383981 497809
19794 2214
-526457 -954648
-557236 797984
-654737 212844
15178 -192129
-786259 -730304
-485846 169314
522150 839098
-265158 -79995
343305 965690
24787 -722460
-546591 390976
822189 -898413
789135 -869781
257718 -679582
-723579 -475012
-714152 -158468
-985642 247766
974361 -558445
-743610 -178158
415853 -366364
-875675 144517
-804917 748855
488061 -747990
-781437 -883010
402969 -888021
-911804 -817717
115460 -221292
-819945 -187037
821558 -962106
354490 -670112
258825 622419
836672 -136125
-699754 631799
-603752 634412
252480 759140
-546779 -610005
67501 -251368
630863 319638
300082 -473842
560186 -51398
371330 -307615
784317 979492
-833790 757070
-206169 416650
-716083 913605
-698172 -551828
737564 643038
-49647 -892474
268091 100944
493126 284465
870557 -735192
-449116 -296380
-576351 404154
275764 -625265
749493 939018
124180 790789
324891 108927
748215 -817686
75295 -248882
-667411 695380
589745 36502
-61811 597638
706432 939732
467438 593774
-728216 783692
-87436 -928532
720603 -211317
728977 -438772
441712 -89354
-32800 946506
-149159 -689534
-309343 -59264
454828 -849705
-342817 -464814
-181512 -513978
39156 840905
-343061 979190
281537 -588774
577211 -879171
-625727 804335
306489 -293447
-938219 -466284
824063 -900464
874320 44272
-506551 -237963
-86185 727460
343749 567718
267144 -267483
-997210 -241948
835254 225431
-111783 276373
738583 39557
-730099 489003
-393017 360660
836602 -848154
648884 -839928
208810 467144
-521824 -325962
-776237 -582064
392775 276782
-740921 -240339
-419747 -413035
316146 -545753
651383 301980
945134 397797
685646 221862
743654 -751789
-62454 -412418
245981 -880338
-365629 401883
-455836 432008
847302 -827483
-856363 393793
-14090 -659898
921487 -115092
555508 155753
843210 -33566
407635 352703
692766 122448
-978656 -638105
57385 -270684
125581 -990114
-994977 -989158
784774 324361
-224998 540387
-393629 -750040
-927976 778838
-360204 -314753
451402 -163045
616243 636210
-427711 12335
312477 564269
918131 -117480
-360193 -65623
716410 826824
830578 734644
-92007 -29815
-230938 -927348
-585961 -126697
-402469 542031
-433161 740553
-546935 -921075
97879 -721045
976709 -581231
296014 -111810
602626 -895372
-193161 422504
-482798 -451392
-129869 440700
830004 181222
88809 182959
-150916 580326
966357 -175203
-416669 -613444
174879 923327
683807 286361
458787 800814
-542347 -583627
706553 -282134
865027 -686265
-671757 572197
-90330 342641
919947 -416067
-97401 -376284
-818930 220877
873964 681641
-472225 338411
-195474 -264105
481553 -848472
-952640 -800324
748100 -622484
-997569 -342757
927847 928969
204393 -474534
409198 -878367
692474 -399083
492058 -54859
-38655 -362528
-608398 -546670
662995 -772527
599090 889490
-1463 -323439
-121900 69538
448690 666562
432570 -659263
-991746 899924
573939 -788871
-980743 -927593
407876 299371
262210 564876
-761891 -497409
249538 -693851
-30839 93617
793876 -571087
-877131 590916
-611381 -757617
-359153 -503751
-35299 -807927
-742843 -998741
-851956 -399486
-538798 457364
-909659 554624
-30397 311723
-522839 -225385
782496 -245374
91742 347274
-704467 165374
-316538 69808
-560499 -759357
-244549 -61256
-841484 316871
-215989 231318
837708 -622656
-837376 -688895
-268553 832114
-187088 779254
790841 707589
94389 -911858
-535493 243048
980200 -18739
-270515 -840692
418159 -936176
-668820 -117483
-712442 961206
282371 -496202
-930264 21277
-82363 -701252
-166847 -38006
-66668 143484
-240640 893901
507324 -853864
74819 -471222
-507482 -240921
-530494 552261
574067 -229204
787770 370135
819427 -217290
-723701 -603472
-210922 652066
194321 -731010
965883 -245910
-923727 68214
213640 864109
242567 -986952
-358385 -709429
-525238 737829
-361821 638305
389664 830593
-391954 118643
998105 359250
-548628 389457
-616552 -307776
-641057 -9409
-417023 -145563
684766 -665662
884976 761465
-310099 511333
-570393 4709
859867 647132
995597 -476873
847290 75618
183219 -132986
159740 594728
-637262 -504091
487259 479601
-642892 506913
-833338 275730
-479457 -515630
-34493 -185222
-200190 -310107
560903 236280
244189 -658803
-525298 -834113
-139712 -611676
-851935 86144
936429 544433
-133458 -727142
-40554 634412
69142 732518
-876179 -347707
-973313 -374341
-327837 679251
819765 57496
-701800 61983
-653011 -723892
175418 -432190
-624161 -27888
289111 -38379
-836133 598797
-442967 113447
-362606 -808336
-977701 -291101
464119 -944392
816024 -405093
47096 675506
-602014 116492
-619474 -601400
721369 306211
659150 -689351
817906 -501326
720498 731024
-357247 -66555
-98422 595883
-64181 -754293
-913309 -501296
-885502 -484787
-493734 377383
15672 -2937
-320635 231317
13028 -636175
-352067 -192569
595483 -860890
153863 -542278
-597189 66770
-218575 -998566
545061 837526
444018 223140
-980944 922605
437689 -128097
-385724 340417
180056 -174193
372743 -683511
-6508 -165789
-644615 540990
-580367 774494
-238460 -250648
192257 842319
-690528 980783
-618183 -929192
806588 937130
826775 791301
-662219 -368052
-812726 582139
445481 27150
-949792 840047
-465014 489601
-133882 -223095
-996678 167750
576358 -559772
-877802 355109
377290 156673
-801593 -139583
313081 -545637
-871844 902642
-430558 583508
-130753 -851097
-650284 112265
464630 -465502
222401 -321373
114558 -365815
-520456 413130
196344 -112976
-120546 -305800
-669316 418674
-167996 -847124
-81371 -992494
-973888 -356774
-65192 758252
158020 -628766
-906957 761374
768634 -628874
-380330 -517975
653955 -123644
-787555 -676770
433984 -467304
-143873 -331539
108976 857685
201739 971521
793368 802427
-753012 962429
-402336 -554991
-108778 387278
-519227 388180
860633 835434
360253 -660280
-370947 -498206
-740079 -472043
273300 -847460
-976554 702063
-390349 -531095
-851870 -170949
-733056 893149
-925809 207411
-795024 -610346
650168 -232444
-244537 -369011
-414541 487934
-156132 -589066
803441 -445435
357482 -853350
-300535 -646498
-323593 602331
-380202 -97873
-289440 -589549
560283 -151006
399146 -314810
578145 -496496
765445 829516
378554 147902
-677539 120490
-111486 -384017
752245 530374
322990 625994
746604 -395891
-767530 279032
-46818 -979802
681520 507687
-776785 -727117
-411768 951886
-407129 37960
976132 190685
-618151 -454268
-74690 -37239
206563 830980
247515 992139
-387746 521926
-479955 -519201
-415419 175194
217337 -757358
-131876 -630538
-476953 -26531
-88666 151952
-895363 -30604
-656794 -632886
627977 915635
960193 251119
345157 -420234
-816602 -806850
252468 -465394
-713412 517421
751641 -621778
565877 -971389
-805372 546626
-516218 -143754
-790083 675795
-333181 373946
301804 115669
-375952 619105
307067 -670742
728244 538208
-35806 -956115
857704 -444194
784110 589546
199298 -732856
595447 -586457
26385 -781746
787777 412414
-119157 962754
-479633 -689896
272903 453208
-53027 -900671
974268 -94364
312794 -790272
-12656 359828
340539 167894
297708 568125
-268994 -354300
365620 -572649
365151 -443306
-454842 -746243
395796 -76107
268611 34369
410528 106486
775467 -381883
-282595 938985
-462895 774468
-685254 -10517
326399 403557
-629274 -985919
-608512 617666
-742925 613316
-846620 -902660
816634 -478580
-340359 253938
363708 352769
-265112 624609
346170 -547093
-268370 200404
317726 -313171
193633 -175398
658905 248289
-311838 -230742
-760807 634931
-508233 900738
329551 -133478
-362633 315270
-541794 810819
-421641 -753392
-752448 -161429
243347 938477
611316 -112481
231904 84586
130620 384805
578870 835434
-206341 -466808
994619 -773344
331065 -208965
-317144 528770
-558289 266732
-194816 -415074
196260 755182
-537956 383938
965183 -837901
-360881 533283
-237726 -527612
-565074 279326
739837 -660699
761781 -105962
677521 -361922
-273363 337802
283132 864979
441114 -181728
363229 963201
-685157 -874128
88959 -654567
-209524 243344
166578 -416158
-286838 -122654
-61173 307113
-429200 -603402
185764 -75351
804263 -196676
-489242 -738207
586562 644261
725016 -602030
525775 -942893
952170 855212
187311 618839
394377 987410
-496523 -240133
637171 924535
-734193 561831
-145162 936266
260268 245932
804626 50967
33291 405374
284160 -290287
204376 -93915
503286 403445
-400541 809007
228288 802544
524511 811446
-616017 256624
907178 -500586
661846 -752835
-333049 -490477
99249 -170153
-113992 -111250
901462 438475
893007 920316
-315581 816833
-437065 328693
-590123 -452423
-652057 511593
623985 836892
-203315 -693979
288460 -110531
-405570 86991
959085 712817
-240103 -115786
389973 -922766
-384358 546078
-210563 403896
-394197 -793167
-699248 783720
299458 -814273
-846462 544863
-543045 896226
-386258 -786337
-745214 245238
478424 -105562
512155 803343
927591 427120
773625 -959908
103745 -295081
-394450 126311
-275841 676993
-711217 152223
866283 -388260
86720 -90239
512188 -103645
-396238 387518
621494 -888478
-140392 -799283
449789 634575
942980 73546
354211 942828
-312170 -779435
-82862 -852975
924666 -127985
241561 64733
-588946 937519
999894 -292256
-794362 -776655
-471515 -361622
93706 -931424
167774 349983
-207073 253549
779983 94946
514441 657121
-157540 263159
-371429 -685786
22283 -581628
449032 226787
-172181 -263693
-489818 176868
-212474 -56701
-566875 576210
532611 -190073
-128208 -899899
-406433 -201103
325188 -957542
683320 -614216
-812442 420069
-932472 292192
183895 393731
587067 25531
747310 -712040
-162185 866691
-78817 786329
553703 -814359
-178110 241401
244505 -443312
-124767 -752174
-428219 -316640
505952 -732988
720086 -1301
-816787 -609596
-518287 757853
308960 502106
-224954 -361918
969064 -120530
210106 -829335
312834 -825698
-899865 -925262
-671516 -913157
261396 -470524
-879671 973133
584801 -78692
282932 -938161
-224094 -275804
-253073 14685
500389 -7391
718375 -316784
-952496 918255
-589656 -546934
400026 380668
467416 561625
264682 -608988
649709 -781417
159034 176067
784035 765053
901930 142593
-871310 342560
-264259 -624737
820952 971177
712715 -549479
-249146 984087
-752802 -295808
913276 732578
226138 19152
533299 916338
307972 106485
-656500 319888
894076 -922886
967600 -627229
337697 496384
-262053 34821
-638585 -151627
593966 503367
337066 467494
-766826 651346
504692 -617727
-969596 941623
651933 147525
-387686 296302
346973 -508578
692613 -48129
-288488 744672
547247 -885696
839439 249781
912525 310219
654144 -996015
-530527 -354663
-494510 110826
698270 158639
-87918 416450
256345 169558
749838 361155
-613254 -294502
-139738 278078
-479638 -584569
-769148 437749
-662568 926394
-837550 155030
756201 -616797
-932634 5539
-945450 -325798
497919 -879552
-274789 -631351
711254 166510
852320 604214
142175 223187
102675 519310
-810609 386482
289557 -907507
612639 678751
368765 -226265
-652796 535646
-37727 606179
718984 783952
133319 497354
173085 -121910
717422 -971287
-959377 -878815
-335364 -991563
-993847 -743422
114589 -791884
-493586 374845
918569 -419678
355398 -535201
-787143 313961
915812 598260
-72172 51180
683901 715210
-393606 786404
893873 -613027
759050 -656503
-26934 -149532
-680137 364687
-457876 -461622
-392366 623332
-199159 -54046
117126 -190927
-836803 128408
601025 832080
188719 301846
-2649 -23656
-94661 449633
-365810 -58456
-829598 -150477
-441227 -478250
348995 -577836
-38414 453941
137903 -184436
405014 -965183
-60966 -407800
-755542 205665
921722 -183286
758312 -434187
-58358 650195
45467 331716
314029 -14137
-70865 65656
-480576 -7306
613309 140887
-836838 -470563
-993942 709949
19568 158113
151026 -395003
-955842 117929
817257 810814
-9398 433557
-218416 -482824
929187 -389051
-199892 -875221
958585 -951641
-676664 -765915
-751272 778419
142031 -977992
914435 -380325
-152939 -900526
-694831 671157
628521 -413111
-114881 883950
-840378 -401224
375348 -702395
570723 938142
-738157 -74170
634233 -301000
-509179 -878949
180318 -633749
79002 -944618
-103632 -775666
-693035 310529
-397012 -749400
54553 928595
668023 481307
-219322 -566976
-500856 595639
-200578 329100
-236867 -942056
-756568 -47381
782827 -461225
-533372 648716
-68880 -391965
829376 -400422
290727 935174
933589 278808
-576822 104268
38708 585434
575183 924065
-273680 269614
-69395 237406
-408192 632076
-415568 -540324
-140578 588922
104683 532384
81069 629907
-601222 826280
263833 -695434
-364501 65884
520492 551676
-137421 -255022
-84296 -121604
-573238 -973278
280305 -608261
295080 59546
929578 261888
-113498 -616977
633004 354403
856008 663996
560304 -829258
393811 477011
-368144 485030
-905262 161992
380393 -101101
308355 689002
46659 115361
-670571 -525289
889492 666395
980602 -25859
369951 -933309
-439011 253395
-341647 383067
-221710 811513
988907 -405686
454886 -752705
506420 431391
-751019 -431542
973029 -381117
355048 -382912
-632867 556672
-29303 -253353
-387056 -781248
938393 194395
907219 876477
-757963 525214
-400457 -567086
-892860 -978403
-344180 520197
753355 261605
-858140 -455574
-803034 -998431
-892381 -976309
731504 104259
-365880 -450256
-540992 251893
322390 -302013
144108 313327
-499602 616864
548978 567710
26301 911313
-816765 971110
-944896 -160580
26771 493751
-841705 804761
-150533 -692588
448837 259573
-289248 -780546
-669918 -430827
162028 -708367
-668756 698009
840037 981989
663076 -440447
410568 874597
-770801 -300311
-639138 -877986
808310 -117476
276304 254574
-728914 244497
-535298 -558359
-990422 -288079
-542800 -233680
173832 -121199
-561666 827668
-907808 559472
826873 -258804
-828728 951222
-187780 -18934
770771 746367
560585 580935
653147 226321
132831 100358
788751 372214
-254624 -145322
578022 567958
-256878 -305457
-661640 -838040
-539614 142895
837344 906328
-424609 207637
537004 553172
402101 364030
-102779 806684
798173 184045
601362 -10935
106646 -737923
-644601 454258
-473934 -874578
346800 -489944
890121 897316
139270 177108
-684303 -611366
59051 910708
144735 867757
921615 80841
448443 -628679
243193 368606
864616 705440
-999856 -181659
907657 640566
954694 -110020
167555 -384795
296690 -916616
-369463 602244
-60845 -170257
149606 998875
838343 971471
-805973 70829
-709428 130324
-122721 -561150
-390734 134489
815900 586273
347542 649125
-861409 305545
635610 250628
-495950 -559054
524423 -596913
650190 -821739
-830846 -97008
639298 -954704
-698186 -120326
-91194 464774
-939502 662103
732320 -469239
153968 135901
-21755 813091
-357773 -605097
988569 -808800
843194 -171898
666777 -548657
-122159 39101
-641956 -382945
-452325 -283834
668633 -201494
-265320 562359
-400247 -102508
-567695 58403
-738797 195803
-937807 45900
-507624 -127430
679878 -8021
-417741 -604094
-556770 -510214
108531 -534447
605940 363583
861250 776800
-118548 391574
-558192 -216573
209829 -219985
724509 -879270
-837479 -406928
638146 708478
-563500 623877
-225536 -835052
-370537 -226945
447750 -538381
-139196 31619
-246471 -443835
-213098 -62641
403700 713000
-414335 -995618
486016 345609
77809 761620
-479135 -719080
848118 -255926
252971 -470453
-718000 -690941
755891 165052
-102092 35149
-172499 -478518
-298705 -144900
-875865 355665
-699115 -473994
214823 -767583
-492786 620293
334558 156730
896179 -319865
74282 513421
-802027 564395
-164006 -588351
-73665 738336
-961652 135027
-45958 -289352
216518 -671609
-572704 -9449
515097 -568346
-277959 -45891
-351190 974251
-352200 358983
201120 474034
875554 739029
-693149 211476
-613300 794221
25184 -358368
-468716 -320223
446480 -830863
-848347 -599837
-396904 -853174
661970 810289
24341 836645
937218 -723036
357538 232894
92547 -679446
-164795 -896709
-400816 -426466
-58247 913183
556911 -68668
831747 -607781
765777 -583665
356495 -584995
-786017 348041
742825 563439
527324 831587
-63270 915256
768079 -315907
581841 -579916
384148 -128603
503671 -708706
796278 -885304
427236 -611938
-985879 -658076
916427 -579360
-142460 -948602
-959991 136677
433549 300774
276875 605416
-55067 -460955
895280 963757
70360 67275
-114941 518753
-107933 364209
-575420 355308
945871 277799
71693 615588
677406 -224372
-247068 349045
885506 989228
352630 -202591
-965964 279689
-450695 -742554
956616 941174
-245627 -644818
129738 -820171
-368559 857282
-868220 -837385
-474796 35180
-330851 307152
651829 204071
237503 744003
-562081 -464972
-759566 379768
955588 -24596
-411305 234648
-403820 511797
770960 859455
193734 -596293
981175 -278639
-79882 -136168
-547737 847032
376688 201089
552523 -581031
-40036 711454
363006 -18320
-511991 -828155
-79694 -162913
-141823 -991591
-105847 -707197
-289982 -906607
996950 498854
51123 940256
158950 -355659
837528 -579101
-980870 647447
240546 122497
376779 850410
388823 -76146
844206 66771
-316622 311383
653974 -848366
938486 -722282
859520 -945944
-364976 -983284
436742 249021
-392577 -112583
553968 -798084
-519651 293850
558373 144079
961478 -411254
637997 -519471
590287 -601796
708676 -512580
445416 290894
784724 537522
322302 360666
850729 -840423
-579547 1349
-101162 21415
-985726 -720961
73574 43674
-545013 -481823
-30477 283857
314374 -489360
-731471 -264185
471828 574717
402882 790214
-610490 630607
502668 -880438
185757 231358
-425242 -487082
535754 -377465
-459888 774868
405157 -918987
598917 -442394
592901 905306
888975 104647
-246283 -421225
-554242 -548743
623579 30321
-393834 55098
-43017 -705182
99779 663082
838782 645289
-406778 -682056
-599946 923393
-12885 -634311
-972357 150671
-342897 410093
-138202 -393779
-655376 944638
-763215 -168766
-165897 866995
-212373 62545
-206993 -466242
-181915 604536
31671 -220103
765075 -798121
-119204 805580
-848856 -811947
287559 51697
-958516 -784469
305939 560764
336436 544345
-386461 -432710
-748644 -718799
547502 929337
-926226 -123302
-95061 17481
-308556 764945
255873 774228
-181453 74733
-422771 -198414
-475170 -587096
851396 914498
-35894 -17865
-457938 -26884
231899 681569
951794 470217
-124313 -619425
-233460 420667
-653542 175934
-332704 298214
896773 -345538
227056 252249
-923432 -499943
411742 942424
767513 -200378
478113 -542718
660082 751284
-939932 379607
581448 853470
177149 442602
554142 -252191
558000 -854878
-866117 -254752
-350739 -609246
553153 -209782
-414794 -969005
-481885 445785
222339 381303
369590 -51404
-588417 74391
456317 -866029
447616 -631318
-881554 535564
-753225 170158
608648 -649481
-451498 609753
366303 -493156
-29152 500062
-557210 657063
790292 485049
-724514 -250299
-916718 49606
-214641 -857145
-588404 -421283
676080 -25496
266511 251445
-464389 956151
247168 -902015
128428 130689
-292494 -393743
-360465 205691
597291 877414
-679421 525799
96268 -338959
906182 542495
-480228 518593
-408021 -996937
-609890 538563
562902 584077
718460 -522959
-965011 374511
442560 181978
-277142 106231
-279543 -931181
-719524 441454
-220472 240173
-169597 156427
828833 564964
-807643 56366
-904741 -884206
-780165 293885
271136 333489
817943 -915308
213778 -680076
913697 -754263
133809 -179641
46888 -732666
526847 634041
-437219 924341
20050 621879
-147102 -860382
-935544 -264279
279477 912252
627937 -613734
-3872 2201
622319 213410
-113243 -686566
435819 66930
23166 -223567
-944166 -333422
-76765 404203
-717876 960683
-611639 -149011
22694 457326
717129 -825634
638007 -931156
-373835 -943528
365379 -661987
14928 -458021
-568294 -561653
-26273 -670335
-22562 494444
562625 592400
791648 -397097
-254808 259545
-596301 -304513
-413704 -556543
-535152 -831543
-331023 -826098
-399014 905002
691236 390619
830749 -309277
59529 19180
-41347 -298809
-874825 -116059
336897 -490459
-279174 541536
-981244 30158
322775 929381
243966 693782
45488 -337979
-426404 771109
-431333 -754123
-237640 -473714
-381499 764795
-728374 462369
-541387 322413
-870143 933621
-84415 -333866
342359 37055
-685417 307024
-619321 284116
-24295 -14545
549454 511288
-387417 671289
-23461 395124
353916 -947277
166797 -46398
-520590 152029
-954254 -535756
343503 625546
275283 -796443
-143945 847704
-781973 731847
-831790 -915477
316686 -263011
634291 108892
-612561 -49603
-880663 117687
-578609 -674498
-481215 207636
231647 -37107
580416 -469169
838092 151955
850721 -656550
-429763 52719
-632786 -433318
243216 214331
387058 396874
574388 865268
287705 110819
918202 369068
671658 744025
603800 955839
912182 -616836
80708 -404944
-397256 -489205
494082 33223
694070 170809
680651 373637
74571 -943154
937323 -135372
-766571 -708891
-505259 -734323
54057 -649942
-489846 185105
-588098 995709
411219 -934740
150741 -5389
461725 166618
-13250 -965327
176736 -974451
-449793 -393179
-452298 -804960
828762 -145384
494805 -969352
741990 -130891
-139634 -77661
-483926 798400
921081 -584565
155296 817532
-44384 853865
-862008 389803
676467 9915
715696 82294
3541 152764
-503274 -199256
589865 817250
768174 227714
-414798 -961398
-173367 297643
108832 227022
-806508 -157537
-612836 973703
-904314 -555741
566784 271661
-669740 241690
-471809 926681
-668836 -572322
318698 14746
-560048 265047
823579 584853
794369 319119
722512 723919
565067 861199
-542492 908035
347954 -337614
-400126 -699697
953548 450525
-801544 678453
-515569 -587221
673719 143360
-141503 -814480
317966 171359
-507714 -814345
253493 -10617
-358337 576228
-928595 810421
-108346 -204174
487647 682026
961024 435300
469253 -90566
902110 -117097
493967 728182
131050 361305
-4826 -518430
377426 -447310
-710832 -89602
-793495 -794630
-305369 -100240
-595020 323997
458467 336423
695173 -747162
-574089 -96881
-810916 823340
210473 -80267
988076 -846528
113080 -366338
-390685 37190
-190494 49576
956690 51938
6675 516556
734585 -398455
216765 -756245
367353 923413
774873 -599653
379778 -297065
640079 382198
840489 -332994
-893470 -501056
-89882 -260013
-375763 865280
-883736 -518259
668997 -244753
733889 -539499
-564232 804033
-37065 -450951
-21193 -736281
808917 224250
61104 688033
-452308 -248573
-114600 902007
-9776 -831604
388110 582117
396665 -826186
-187282 -249373
-86123 964213
-852080 770437
343440 841082
780542 -397057
680862 -331913
-57668 -853705
-716849 -634818
15439 506678
-509613 -742236
-249086 -825951
34211 70007
696633 -235275
372733 78681
-20017 -1076
-589918 628443
605536 681483
948636 452485
636438 -465379
-268784 -387340
243153 79779
-982817 390145
-972209 659015
-670636 734945
721 -960520
371352 289059
-345875 631522
650801 964479
394358 -586493
-148793 -436189
-568544 -861265
249221 -797685
463756 110295
825399 -502327
-956658 -264829
-677555 703208
-369073 -61022
-485155 -543451
-735976 -971923
110788 269929
743740 -257142
532380 -936049
-266068 -633356
782595 762324
-839988 870262
-574728 -726187
-160586 -292817
-42044 672081
-1433 -404699
-332125 715657
-657053 239484
-896379 120576
453489 288404
-895602 948392
-230856 963892
-45935 -459518
544417 -515363
190242 935150
-240671 -425860
468788 -853140
-369250 -32467
584055 -13422
-362464 -448617
136942 -565435
890961 -2038
423381 -325634
827959 687527
-441547 -755074
935889 -110216
960168 590925
-575410 369719
-360357 -709114
-341620 560391
258786 257780
-525389 599065
611034 196611
-291313 -184805
-631947 -805997
-82231 429147
-260601 960519
-480262 -480101
-627940 -654585
946369 -550176
780544 -500567
-724916 -340653
160194 -784215
315901 183511
-605566 66816
364793 -589058
-900889 -704524
-763597 290491
111565 -341255
37968 -895772
787797 -358418
632180 935473
-635121 185876
-887369 25672
-472513 962389
827534 173799
-913937 -971683
76411 238771
134822 -608817
-615094 496573
63236 585666
-518139 -825871
991023 -798415
928563 743882
586477 -806403
954447 4118
-639162 -769730
688859 -735524
-51352 126558
-38437 -769785
111218 -912278
301615 -877953
-531365 -551312
626083 750776
992660 -982463
539058 319288
276620 739410
-847998 -100659
76781 521666
-615655 24931
339259 -369824
-716879 92628
-662128 727585
709995 -336158
-167676 -575252
713050 645045
483976 -384424
-495480 999335
-168393 -825701
-610939 -614632
22764 -793290
-330117 -444821
188004 -774060
-918361 557075
320551 -40588
837711 778303
-280489 -482305
-221087 862927
-997928 452555
-684644 822698
-358167 -228711
740959 444953
110947 -481409
68599 384196
-822657 -96660
378118 -852309
411596 493751
-821301 87364
232137 431188
286811 934505
547478 999172
-187714 374869
65062 -123298
-36996 -803214
-349152 -291123
670402 -201021
217045 -865833
770779 711726
253650 442920
-305408 -244731
-761709 -355044
383413 -118766
-129001 630524
-827355 -24887
-713628 249121
1068 154147
795008 87470
930232 392307
592364 -615580
133994 -672103
391574 743810
-438160 148860
-782167 -511398
394009 -804386
-771341 572954
42975 -897593
-163747 637361
305750 -256765
667320 -766463
238489 888291
684632 523564
-2508 -705962
-795595 -250345
864817 255392
-203068 830789
-876869 632866
956078 540322
-740545 646512
-821280 -544017
-847151 88311
857053 -732324
-834460 -683641
553164 -380240
7677 -600917
-741782 242903
-545058 478220
467723 786348
922790 -607529
-535545 19840
568928 -277811
195311 -146492
-866206 -92719
625992 135560
713199 -845801
-690455 -766550
-379681 565355
-749593 -884065
-805891 -432858
-97203 -903447
-502590 110830
-35025 570306
-869086 67383
-101469 763604
645980 -860600
872163 261733
396353 329061
903060 426279
-12720 45535
-980114 -948709
171860 -450289
834409 -305454
-616529 109702
-165675 -131914
649990 -897054
-196152 717098
-707358 -486656
146617 -144697
882912 551820
109908 516100
-62304 -717470
-186875 -214096
-979869 -823632
149063 -975729
-733977 -705496
-615268 530736
-95559 -618644
-168693 496827
911131 169756
-287007 141056
318888 -107931
654432 199364
513469 211599
-842841 -53891
668587 -708301
160173 431800
957199 277128
185492 -527631
24110 907095
-583287 -513863
-9949 -576872
-80290 -14752
694941 -363825
606329 111740
-961689 -484953
-174699 5754
-241544 -380771
349656 565007
974586 398677
-263268 -976020
342702 340329
895557 -477770
857731 777110
28808 -54090
-941677 -160512
-359314 -383698
29848 -334315
274150 196615
-960098 284718
416911 -785870
-664642 984088
-750691 626364
280982 8729
585213 989850
52492 -839221
398940 -525543
208576 309177
-430557 754761
958018 770238
880619 -304018
-210017 207931
-89052 -462238
599456 479952
-318494 -759222
358132 765311
363587 -895090
782966 83553
-740594 495012
-149611 503617
871071 -786239
692190 -805256
-181624 -458738
917343 -249975
-716815 -991910
-990890 -471799
468088 27802
-210383 -950532
-602509 -651058
-308832 -614188
-67539 411689
-487879 337921
647325 -474071
325829 -404978
891111 115288
-442762 910867
610085 -317897
348947 373651
46797 764959
-191640 -936328
245688 829285
997972 682388
-268561 934563
229028 -27831
225273 88422
937144 913621
-812821 -776081
631445 -434466
831719 -562561
-170240 -887260
364280 919560
-956283 987190
682819 -55336
239647 284435
-68518 954998
-446922 725354
138622 -681992
300518 442002
28606 -971097
-299872 120972
-127898 -565056
836871 632641
795526 415173
213306 904068
341252 -226632
299017 -644385
-192179 555034
-127846 483132
-275627 -767512
872633 -333047
963335 582754
-438698 -478665
825962 -602650
-436760 106824
344091 -864482
292743 597069
-153918 939288
481660 559916
632754 365612
962347 991758
-153594 -939667
700497 188466
-837799 -201642
941916 400220
-707018 533555
413973 126228
933666 -573364
-546644 -989669
-802680 677212
-33040 893845
354575 -374690
-158211 614800
404455 -747743
683051 -95497
-858672 788005
146583 -725065
-705279 -938938
110766 -220487
-695065 -22143
-370503 -694333
-964007 999262
-445258 -511038
-279004 360330
-959455 525229
-168422 360098
-416185 -557199
966361 68915
504766 -161959
693763 -384443
-943817 -49432
381958 957226
-386290 -96533
-526203 -796406
972712 483270
683073 726248
416197 -132212
123975 -205594
889779 572126
893455 -906948
957172 773579
631163 959407
-373861 183974
719169 -583863
607032 992999
828221 -141845
446899 -107915
764505 47953
-36968 582442
869714 -458292
-124209 866255
-101149 4897
837549 -372736
-417409 433123
-950288 -759264
227251 550634
-736472 -162145
887504 120982
-895986 381785
-110893 -146014
163107 -553017
-896342 -871199
814255 -602470
971921 326532
236617 356124
429942 -652554
639028 -51460
169867 415597
383011 570986
917794 -776448
751732 677453
-73176 -332566
-397418 227569
-705433 -816647
395851 790085
403369 8160
967603 -614153
153411 266113
-732069 535671
-293427 510484
819450 63343
-151655 424703
284178 885986
820751 675439
643812 788808
667257 395460
-596653 -618479
-348802 764869
378341 960168
925815 722732
678386 -690171
-242914 129112
-365530 386947
861809 725397
140742 -241956
-961336 -258870
-704297 485005
517498 968499
507428 -396446
613070 -620133
405813 194316
571326 -939524
-403863 605078
-456494 -878326
606740 -96480
866552 301656
-650672 518092
-536702 -151443
-417236 453444
322691 702637
-249072 -962554
383627 362074
-832518 -624136
-71606 -406495
174146 -779410
458760 -825698
268607 969266
432080 173917
978670 -547366
152914 742657
-604885 981663
830285 -468890
-868343 438011
327031 722432
-170673 -221568
686890 549865
306554 802703
-919332 420586
558887 406799
640350 -97401
499601 964171
693555 -142102
-816505 -920856
-480079 -838173
-758693 741474
-873450 -296006
662242 945565
505672 703194
947394 351946
-154754 -790186
748105 136967
-932984 467603
-277008 655821
-694868 -933105
-429439 -776600
725250 634594
467295 866564
-454133 588213
-333029 -162374
-356063 60826
700494 -250250
828703 577139
568227 -386070
238855 -229816
-980866 332123
-511779 989445
-75105 704091
-975319 831906
180234 235516
509510 46674
19204 663051
505377 133868
-427970 -633877
228054 -37858
-259499 -218620
149556 885410
498424 284335
-302105 204238
-709939 -531706
314329 -529068
187517 -236633
560392 4010
98983 -25540
-12478 725836
720710 -937880
-869672 385616
338851 -605514
828539 -641183
131553 835323
-896287 -56756
-750123 -188707
784548 -69348
990936 956215
373736 -824521
-376383 -785899
297083 -45928
-892041 582749
-478707 990224
-875816 433144
256913 447033
756616 -110789
742537 -756389
-892539 -499034
-697344 615398
879160 490337
188149 889051
-476557 -109485
80623 387178
725447 668627
-702116 868142
-228086 -823191
-143583 -808454
-999602 259485
969562 -123818
804492 -565772
718458 942765
-227380 -796764
-516592 -640963
425979 -830408
707049 -366748
-203279 -335833
-804165 -257566
-729089 -152842
87953 370371
876789 -21657
606342 64600
190153 -967440
429377 335875
-998015 -790664
210794 -119057
730634 -692711
-692362 168197
60324 -615013
-827994 710499
-795559 -857592
806345 -341174
-499079 511054
-228608 644211
-762816 235627
-244262 -357690
-785185 618440
-295145 -753934
217362 -148418
98508 769623
94973 -714908
948347 -368663
226397 430144
772550 270321
11034 396209
628587 270513
-159484 399468
229352 387918
765656 -409402
-971221 261786
947352 -778069
-188851 -475639
648026 236231
-14910 -234617
262682 -16451
926599 -716630
-390578 -283111
622802 -796541
584559 -375950
84432 -590212
-751511 839421
61392 543002
843637 -611929
-226911 516001
74271 -451400
-613351 -541862
191926 991526
775556 -750635
466320 588263
-226641 775711
-37733 -216999
-647555 -115613
-150837 -763524
569616 -727842
991729 -77319
115937 -728593
843106 777939
259379 477030
-107594 898706
-549688 356899
911047 113954
-982617 89881
-99293 -903822
-746642 577806
633144 302617
809905 -323497
-95533 -139366
-599454 -221089
-717867 -192707
-152444 -840517
-955968 582220
865539 888386
914625 137936
223575 292827
673568 945685
-491281 -543795
-551195 84892
-952517 374957
214606 998459
597886 812450
-506226 15841
-745611 -831230
166472 330668
340246 -873793
-336234 -834124
-903075 203786
-452889 -882585
-83014 945407
-73177 -301991
-458673 -600048
607107 208265
-654753 943103
-809165 -562748
699059 106256
-729583 -936601
-31516 496740
-680365 224766
-832289 328473
42082 -815621
-333149 -186826
505218 614341
-811889 236083
451253 489554
-494252 31624
-550370 -950604
-219258 -237713
-479663 -919699
-108798 -657744
175174 502244
-594227 968048
-318773 -99513
981940 -72148
-783543 -527649
-384194 785130
589101 200089
-449894 156325
-841468 -24239
412339 -601606
457364 -54827
-911161 410967
229154 588127
196295 609425
-948810 -204812
-202173 74344
856877 866534
841080 -854659
-308934 44375
308083 -106075
-614090 -720905
-366455 172486
197871 822758
287669 -400111
-853826 -449899
-463186 -231735
-184816 -667507
-390023 -181414
-900780 95794
-98685 838732
-828039 -430403
-706261 -231171
-503712 781884
-175578 -728286
410896 -558013
682856 219269
-875177 876024
877475 -677813
433294 547254
-843314 341477
57928 -539723
-240037 832384
603693 -996390
667100 769599
-798878 330535
-940168 -780549
-95652 787332
274236 -848530
479233 222154
831694 -619642
805026 -209828
778664 480946
352192 550311
366463 913816
721960 -580434
534973 538899
-691011 -441871
-206155 625771
-102876 -116413
-230706 -569544
-956552 815697
738316 112725
-627093 658339
-423656 -364986
-536163 721421
421540 351942
-588059 -477
-811801 117148
-316931 -464993
135008 -393302
-687047 -421507
155817 77495
867858 -220911
802465 -743961
619295 -100139
679050 -763664
-91391 531288
973322 717902
-168060 367561
-836422 -170944
-589622 -410535
720052 -670794
-898796 6736
-140664 841251
-165606 -795537
769747 354138
854123 -331736
-141828 -536262
26352 30745
-509550 30203
368913 -764699
875018 107374
358808 -355035
922380 -566724
-690415 744302
135068 38379
-378163 806125
203237 -584195
397568 912669
497923 399743
-559338 -622771
-102858 -408182
838086 -954389
-660582 -995317
-225274 896694
756309 724573
-471840 713998
434688 767180
-773575 -962914
384351 420683
329821 235903
181488 210159
615358 259832
-66528 952525
233495 948981
-60980 93727
43492 782468
418904 129220
-595983 -964781
-789536 -123558
915022 -373409
178189 -263035
716649 456028
105503 982209
560794 -1869
880540 -125378
398366 118368
-194824 -170992
-923777 789988
872249 -492267
-788785 206633
-678413 752836
271524 -994701
716566 442981
721810 177584
-700859 -9456
-88632 213287
-751360 -177004
234535 -880086
760024 -820981
-853971 343578
944575 -391094
504850 768791
289636 -584322
787826 -141793
350317 998109
324551 -444380
279342 698286
-815952 952423
-827077 -31590
-33441 -235129
700722 -684731
-590600 41974
-965875 774440
-962600 -328949
120519 222198
37355 -235976
-608293 482492
427441 947602
-342372 878288
-917057 45271
-12232 884278
341930 121445
14818 973837
-463221 -856128
-72480 990999
-961126 -102016
453287 69208
706330 775284
939020 -685375
365938 241871
-995302 -21797
-348563 -134694
860557 613564
-552220 -929813
147704 417421
240924 512886
223208 624647
-339265 233392
930694 976911
782635 -906760
-689689 474172
-575851 -674952
268490 517193
623698 -676987
12816 -460184
-153584 -6821
677793 346314
14048 -991066
28302 -87655
764374 763073
37313 -495633
-735766 -849246
-807714 -463200
-105777 -32724
-507802 757989
-105283 397653
-967170 342271
282373 115307
41230 24525
855378 242485
712580 451770
60416 170638
621295 827630
226838 424035
-482364 -22257
209938 -739314
-18617 383513
438071 223569
-337871 -436274
-122725 -582189
486338 -377440
-285751 457974
484090 -492745
-12697 -187212
257477 936024
-965358 -582055
460624 829357
35211 -206789
204532 867092
-590157 194892
-602533 705948
-917535 -70776
-904051 -474766
-515431 757369
-164497 562478
712383 -381794
904384 312274
-789530 911081
896368 -240637
285411 381969
-955603 422923
-120146 129590
917879 -263066
-423386 808895
-19469 -417164
-984662 -427284
28243 203174
42546 -974412
-897588 179966
-844540 652722
389028 876882
376000 -406121
516844 -30340
-352962 -757465
663569 -675057
862176 -62311
-210981 -918244
329690 -998331
-93144 -989093
158885 99992
905780 433406
2023 116076
-957152 -519175
754123 -872
-501132 -585964
-652843 -298553
92309 235179
-404915 310772
894335 -650759
-574080 -96329
-400986 -185735
371904 -596637
-710105 -739042
366450 -887928
-435259 181540
109645 403301
-781289 342396
720392 33995
-592668 453839
-146869 178609
-289072 -433132
227755 -838765
59043 -738389
98682 837357
-650234 -351070
448751 -252658
-869276 -201291
-144883 -158072
156643 616723
495392 -402985
-974244 -469604
-618777 346646
-207824 -717728
-833658 469773
-799125 -817436
-707389 764388
-485803 -650115
555408 526133
-609257 -813241
-140944 -551426
267408 -791438
-677461 416907
-824419 -666031
-289655 -554052
186332 567608
-53953 299628
-840642 -810137
-376620 -283008
-80498 -333622
72495 -340438
-157896 287043
10332 920267
134731 881293
-107756 -280346
502164 -32896
870250 -787310
-874183 215253
-418103 -667803
722697 170066
329751 -606168
355022 -369884
-580839 -247497
785238 -157960
821010 -423725
-136269 238998
149166 -595529
123057 -741203
-588371 -83874
489034 637848
-280045 -413102
-613243 -714150
-153123 -333178
869448 -596100
-139691 -931527
372751 -308897
728735 -527588
-774726 626056
-127814 420260
-118004 -242193
163218 -546635
-934792 975317
-854532 195905
122473 -943074
200201 -711349
20088 194818
-560299 -49592
-351153 -393914
-211388 27644
-617179 569335
959692 648186
-918579 831191
23336 -955969
964188 930746
25020 74228
128450 166340
-521838 -978683
182692 -208590
233415 -804053
-521567 -30120
492322 -404529
964358 359364
687161 -761355
-921953 855957
-746672 -725718
-189177 -386406
-215503 114225
-573198 -412387
-95595 -941961
202834 255781
430695 826986
13424 -828818
219663 -162235
854434 -42401
753691 292000
929574 -938139
585988 -193717
-624513 -961141
-624801 97427
52564 -89683
688135 -112800
-868240 -429199
331944 517772
-555376 926475
-166455 -822126
-898556 -198079
-619298 -630770
37318 957939
860071 -828805
338532 -944299
-114858 200965
991882 -274395
-779006 394656
-734969 338223
140445 -702203
628679 402822
-936616 -313717
911212 -441858
-530012 -584659
-769878 -926612
589595 157751
-914866 289730
751899 -367875
-190840 -368954
704032 -685633
839662 643070
-857200 303254
-191022 -181832
-968595 259801
-884200 650285
681998 -842217
-436409 -542692
357032 -762010
-195527 -26366
829456 415078
460001 -257486
751463 -137095
-524121 -898802
-992199 -577970
73287 -792620
165001 218813
-405631 730101
-113495 -785752
800691 -405425
606805 -679704
-554873 676348
308254 767708
731892 565974
-548049 452957
619717 985786
689116 -496270
-240804 -157701
-397741 44123
388423 933902
407790 -437532
985685 514985
-689760 -567040
593184 -235310
530351 -782541
23513 871033
691614 -492909
145592 183720
637698 -34349
353014 978982
30409 -264300
-907011 19369
830769 -520376
156366 -318542
-291941 17880
744393 518204
865643 -704506
956332 -391729
470849 360203
331964 302307
-31791 241358
461435 -709653
-761822 -938395
-188017 -352587
-266406 -266561
384983 -453916
-490020 -799750
-764464 -113730
-296940 -610829
420430 -500879
783811 60698
985758 -120203
510839 -5339
303268 92246
429156 335784
-828844 454627
-820985 -291116
-17055 652350
-413632 -202567
311031 441059
-193 628381
-713245 -817114
205723 291989
479567 501373
475462 671395
-631834 -556216
-843520 449107
-265805 224186
758637 536117
-853139 96380
337935 951232
-942700 977742
-950219 -266909
-493744 798553
143761 733362
-79593 804368
-575647 855927
603792 952954
-662857 230691
-161885 -977415
134529 -470935
-855867 -797589
-84831 -488793
662727 493045
-789648 317603
-357101 127613
-196310 228631
868124 33862
730683 47970
510475 355279
465679 -887670
804853 -40415
-672486 45753
-604196 -102943
292869 -718953
669075 624322
27762 -841866
748795 34541
48448 365074
145790 -916109
952768 973283
-910686 -64776
-881482 -866385
756464 827808
470426 968616
469492 -733198
701550 333020
851995 395186
-296547 242367
35332 -454219
545834 676995
-372136 -242999
-23671 -596073
-98153 915866
536039 50246
-928399 -418506
886640 54281
-544120 -634515
-506528 447730
-508664 -713528
366933 155373
-998889 -422072
570633 -947705
-217304 -992817
837955 -163764
-463972 -586696
493111 -332073
-734171 -477173
-746180 -675527
97998 -96224
-719534 -997488
-49124 482924
-835574 -826137
549539 -360727
-425135 564225
199360 53600
-752239 -599537
-51895 -746355
373907 352439
-149100 269527
-329791 -658009
-605775 709738
-876852 -703852
-592824 -227510
870393 429983
445860 -251410
899850 72764
587716 -691735
-191183 -569537
-779084 405354
351388 -59885
-141680 519284
14974 985435
731621 -683772
932172 -181650
-531400 315464
-797944 468318
-569377 -599126
564453 981733
199122 760805
-959347 -533478
-893379 -151509
232376 -908098
-568006 -939551
869380 470747
-763342 155875
-653761 324174
424605 -417463
-347674 -270905
251918 738719
-765654 -314451
22266 -708833
-729030 -187080
528765 -596138
-221724 826023
451301 65535
76594 -27781
887503 731670
486580 -864752
-608813 923761
763037 -417967
-128437 -429656
-927907 -730092
-416526 -172491
-509437 -553917
-518766 377102
965323 775184
-66237 807399
420695 829854
-567770 468624
605666 706516
-806583 536908
-235278 -315234
-374055 864970
-814620 -244078
472069 -418063
815806 -67236
-712447 90064
-352337 -471313
974876 46182
-991783 383424
-755880 -725823
-341137 656909
-86360 344983
820966 185371
-147946 534781
821810 121180
393840 703425
272318 -342672
238197 -415441
360357 -896182
-846943 269810
-232688 -576358
30023 24466
-734762 455760
-40118 -854265
75335 429067
-728559 340658
395770 848654
980184 -288370
-313037 -215465
-10428 179488
-931754 -458566
-345953 -510272
-656980 -643504
306109 -341273
-64252 -345597
609222 -927534
-379541 -280518
-61321 302866
-743796 -332088
-922762 -69818
-418134 532647
39263 -128008
-883831 425064
-156919 938894
906392 -522510
748604 -853300
867763 318853
819906 224593
989836 -897876
880818 964588
-680976 168597
417005 183316
-336898 605725
-803977 -559917
860270 -47719
216410 -496319
208164 -188665
365971 -417435
270556 -354369
-95229 204215
410882 863049
908816 627027
-208103 268551
-994926 -529066
-719609 531797
-704422 -383661
-820885 -665916
307672 -185834
-480668 407031
-843767 -889891
-641229 549961
-284312 667945
-237801 -822484
183850 288530
-566054 170395
-179640 -18720
487988 267606
281868 -6696
-170075 -892948
212862 -34300
798321 -905493
-939853 977519
-981863 -142775
635855 698093
17764 396412
-980469 894136
-614143 393895
-834315 146654
296389 582140
277834 295090
-975456 -91639
-36041 -541102
-527511 -317239
-594351 49766
-963794 -841203
339327 429232
554084 694546
-229064 -471757
-126889 -778210
-754221 708550
-799688 939671
-113082 -447475
257511 -389371
-686500 -100938
-266417 -945584
-706416 -649371
223367 -670261
391637 749028
-843243 117569
232400 677717
-890851 -833591
-915883 -557205
440054 343937
256663 402791
-994091 -569138
-939140 593357
517427 -738133
675726 14981
-140622 -100911
202882 536486
-338815 -952147
-424842 58620
-813285 -440477
-116525 -64439
277571 57563
-825678 806930
-199639 -43821
813943 864911
-323060 542409
970786 -627638
-826892 -80858
-531538 -895141
-342831 -647640
-773722 661536
709193 -224632
242830 -652688
485238 871269
588186 715465
86641 287226
962949 -425207
294391 547370
494017 237046
-716533 -255926
241685 294468
-156238 102790
-625259 -963245
435811 693184
55607 93782
-772685 364772
344530 -18595
-21283 643971
-633204 125093
-323563 -16207
655266 834688
957583 743918
51194 703937
536850 190635
-416391 -282667
-392941 48322
883028 100560
830616 322884
252347 -514914
250435 -348998
-423684 607292
678539 438360
-741448 -571036
473834 -296015
489393 395900
970229 -652793
839159 477217
-250595 -780621
-327226 -982101
-389547 -850488
740022 -577870
359225 -370620
21259 -488024
-152429 558483
94756 524874
655502 344229
315758 718353
-771670 962498
-195690 66753
-745606 936691
-85356 317668
-436694 79091
-112175 -539581
358394 -363960
-152053 536751
-623137 82749
278257 417363
627089 644948
-794053 417779
-586901 -558336
-482458 277493
420377 -62588
-758021 511628
539907 -81424
365135 724086
376307 977173
-427557 -809817
922392 593350
141397 138425
248980 614692
-145917 -399034
-318277 -724289
355759 185135
833463 37139
-833099 119926
584807 -843950
27189 499020
523515 -209049
-140623 313644
250216 -184718
-923585 512417
-267483 -447774
813821 108767
108327 -157342
-835760 697063
-477312 -410590
726852 -356858
515011 249257
530751 -107486
536837 -77429
-996584 515209
924641 447901
-119673 -420049
128063 262487
-622749 -601779
376949 -982851
529831 419644
-776380 -165530
778697 805163
-854554 -94438
208235 -68285
706358 471056
-244310 715079
-792349 501545
-580484 961114
-639315 193452
369210 -763787
-574529 604496
-952093 -380126
5528 -961153
994936 -374214
120220 624972
-937209 -177877
-910980 -434560
-907234 453935
979493 -749618
860212 -184852
-202131 -766690
-112210 586466
744538 -673596
-306038 -843430
106937 233697
-157465 215741
445700 181524
734352 326137
55448 415093
-301698 -58341
765540 -547253
934349 38077
-353428 -904534
875427 454079
396333 -782840
222792 304615
-325037 747342
66610 -619765
-122560 -154696
182647 -775463
26516 417082
-495749 981672
33771 789474
-954867 -120339
119359 -18854
-908799 -840974
810176 533820
886227 183436
535585 185083
728597 -792072
-904877 -980598
267732 218348
-253569 923642
726378 -753615
852531 142168
-724211 -459057
964389 281643
212567 810919
366888 237624
-670016 -81764
-907814 347535
926665 411147
-32467 -446968
-474505 715607
-986385 -939349
-134903 -17084
-218354 499135
411368 111015
-762642 206468
838924 523115
-934393 983786
206945 473570
592221 174985
-637978 924146
-949169 -674193
-975065 -588593
756805 -953156
824721 -149670
-356941 628420
-399858 488334
917815 -266284
-631695 297814
649745 254932
-383586 956382
724552 971391
-518145 -912575
-800852 -649695
-590808 406830
-793268 891556
-969073 -405779
339597 38383
382827 -772969
743385 689106
345674 -639522
392269 76608
679007 673146
-615537 -465406
551017 462521
246807 947047
807316 -902431
-77817 -966475
780091 -517803
68658 -817755
919446 -802027
-235559 701538
-103868 813325
-345813 -713516
-194580 -774319
866974 996586
827102 -724459
-446206 373185
-201502 628211
309169 248983
-530924 825675
623655 70320
-707197 160780
-237788 694230
914848 272502
-677698 455201
-201469 -721803
-814868 677017
-836087 -47049
-999204 -247025
-638025 -512324
-574300 394067
60436 -374744
128597 954799
868428 341012
-870042 -360788
851705 285214
-922480 -593745
-950036 -228493
-194728 7888
-85617 -702888
-36229 907408
125068 238681
-914362 -933030
944680 920612
561292 528416
-505896 218398
-916007 -523012
212422 366302
986533 -649895
-984817 -969404
187047 -118653
-357853 -185222
-889515 -725474
-431083 -120218
-343686 214715
-622860 740201
-920655 -523438
629453 621382
-928795 74614
-919997 43237
711923 701499
-556986 -2719
463428 -125434
78377 -367079
177402 -898277
-190631 120115
890793 -17629
702670 778010
648994 -455032
-748423 -394586
281000 818600
463252 964868
-156526 283785
467423 -579342
-436920 159590
73476 -621455
-220899 -38399
-301463 824059
-389735 -333039
-628748 532441
-891847 844536
867698 -104377
-133688 -266062
-80909 336149
-302897 -894285
-888210 217475
296815 419198
-817776 -575870
281285 -240390
78070 968073
-643965 153410
-435293 899872
996081 -719964
80480 -244569
-310654 19593
-779614 883865
-254517 526310
902072 -508371
-632577 -265786
928016 308890
725919 -359641
-736997 664186
243249 -400494
-354136 -160839
-141980 189616
10708 928860
194104 -773140
969238 -861098
-860427 611496
-333785 477870
831390 455689
248155 95442
100020 -556365
-824070 336647
632158 156069
39366 666719
-717509 374409
-787571 -395896
818075 132990
-260014 -800295
154903 -373879
788339 509356
11490 -537936
-906504 -417447
-329768 391775
460750 -780263
376009 -918138
-718982 732752
318017 -336703
847924 861522
-897358 -224846
974000 -276791
106385 544255
-646045 -977341
813145 730643
97114 -177194
-402813 10079
730875 642377
74172 -373965
-280204 -592880
-735522 671632
-142039 -888922
427932 451617
-448868 -324987
728666 688853
950712 722212
-580240 -464587
-417569 762966
15718 300707
-607464 769607
-207936 33715
-738761 -90737
-417222 792255
875812 254020
3881 90555
29556 -562361
873064 413209
699856 417852
531492 32061
774859 659751
791286 575156
714201 23174
350018 559578
-593682 119027
-89254 -997353
325957 -371696
-613902 -308670
592150 466395
234290 176635
-597475 82277
49262 -90478
54748 358884
363330 350182
-840938 266628
48539 52080
650342 695922
194284 -552262
838489 -846433
499217 306563
994887 -972198
-571306 -64505
-51486 -548086
228822 -436388
-888352 840103
982653 -169384
-805345 409861
-798919 -522120
-121333 -898061
-440 -531916
508292 799271
-628241 -908164
145632 490697
695583 406307
997772 -686266
-108434 -425987
273748 968559
952120 184107
860830 59919
823785 927743
628992 586961
325432 25160
533078 -745266
8154 -646636
274858 -311257
761901 145374
-925147 972964
987533 117896
221517 984087
-578052 151348
750066 286613
-757227 1585
-527269 298316
691350 -636128
-679019 120265
-701133 515478
572999 174512
-812514 443303
-404376 -413473
62811 -691106
726386 807693
712665 -609270
610173 -882617
478364 240563
-328237 766742
617062 -679090
-309775 434592
340791 -431099
-583280 -727405
43970 -597742
-577938 -838932
234716 -719908
-921522 358551
-101997 478400
-817304 545887
-223570 -113711
793868 -304589
829788 954559
292624 903752
803057 -873120
356315 588082
-967671 70152
213545 -228026
349775 -462219
-560373 822968
-214339 294629
978339 -587337
357837 532591
960843 -743291
-520313 41062
581111 -836205
-936111 481198
761950 985319
537983 608994
-210160 -761523
449961 -381475
-486031 36648
-423373 500058
-642691 398340
49215 -811309
843046 448937
-312992 222270
-571066 -110051
108582 160336
372079 45281
-335980 -272419
136575 -38644
793305 -478565
-70064 294365
-543484 364609
559102 -451377
514579 -903621
-614326 229157
-748879 389680
364136 -173485
597561 -553502
147425 820145
-592210 376472
756991 -203329
636950 520037
78669 -843482
803526 66486
-718485 539541
-363097 124796
-823014 -776076
155776 586323
352077 -887870
334560 -218326
429132 47165
912372 922604
92428 -110358
-724380 -810108
829847 -65706
-450204 -947089
-455652 171269
66198 -123428
-35747 -765221
636952 -590597
201711 15878
960860 -537850
-358709 462222
-603715 732317
-79897 -838098
644441 830400
-405123 557692
979230 211381
-999990 605536
885737 210570
-860318 -829810
-764738 -63974
-163642 -775106
-838302 686560
-331284 67206
-966272 -424153
235406 368711
-665775 -35211
-808070 -52960
-443356 -559334
-882840 970770
524839 -319076
614564 21985
-286630 -299274
518105 -22893
-402238 -622300
-976446 724372
-261414 280175
-956586 -911870
-929743 990142
-344270 -261057
318147 -245054
89061 157706
-679400 -728054
-80138 -825466
960932 -219600
911538 -129044
-729881 497365
-731188 192822
-335814 76879
-580964 -520353
-990154 -509903
662670 -571419
698969 946232
945573 562757
-254494 746795
-276422 -468708
-211487 267109
312221 144588
118108 748333
-536777 -572927
630455 867084
295363 17697
623223 456289
420095 135516
459770 754760
-865887 -259838
475544 343665
210144 176450
856579 -997000
-915024 -717950
944641 266967
521305 10014
751856 -164857
-1630 -794409
960248 145650
-96518 -888645
635996 377814
-540114 722198
654041 -976542
-285208 485046
656864 -5170
-365867 652758
515749 526545
-372806 -875621
692842 968994
634556 -555666
362545 574569
237313 -378637
873245 -690423
-575708 -67240
-438700 26889
-39414 -538954
181008 -540118
486492 875364
-145926 -136703
-80397 -280240
-390224 286093
80217 958814
456352 847725
-498374 -634017
-983967 -909044
947160 311382
793984 -183647
710007 166613
-251582 764706
974659 -549832
267678 -547906
-274227 786294
-758394 509871
-101975 323963
-266274 127453
-348739 -950575
891980 634545
61877 320787
658782 38345
944037 343391
429907 -426098
-489111 243996
-337940 473913
-211985 -756477
-203624 194586
862051 -83503
-539423 -396750
380575 -722520
-55827 -42309
749547 -999065
-185467 246261
-25755 819834
-875483 -146860
-994438 536487
-273014 -968069
47623 -602710
-242188 653631
61138 -34430
21265 430231
250814 844415
828973 -272733
518247 659777
-460583 184298
439861 -126036
-619056 671622
378963 -90830
-340563 422336
707225 -849554
312981 -750409
-503209 -467192
-318539 317337
-258860 -180887
-777045 237909
876051 -461269
-993901 936267
-98625 -529048
327920 926746
-378303 -852138
155511 -115745
-544766 -382149
396754 534375
-386783 366449
799138 551988
-481365 843117
776216 795299
275578 554057
-484675 350910
747988 -63447
561805 -991230
-93531 572092
-897270 -771907
763816 591349
335092 -659556
909662 792268
-941231 636132
-429646 879776
928653 -780268
987107 -652856
449288 709925
-76378 -956209
535014 -625546
-322437 828552
-724852 468048
973824 -219177
666991 -932052
475669 502555
-665998 -373412
197588 861871
191816 114747
912812 -964625
-386797 667805
-119204 537960
700253 -875306
-74790 -646510
-195852 -127828
-736323 812609
277653 -485942
-532795 -569938
167850 472346
830455 -733857
-804771 102225
-375977 -584988
242426 -595472
126840 653235
411720 -215157
-489794 -836798
-215866 776463
886247 961082
-119786 345669
-854052 -199887
-621053 615179
439258 -984122
-57595 46250
648250 -621023
438976 147066
317370 -297528
-883495 -363837
296720 667006
508372 745161
-984051 -124541
894852 -447723
678300 -486706
-90810 -987074
636885 -145392
214570 -651811
654144 479311
-167066 -895068
65046 992747
155695 -403874
407027 -263129
-993974 -982492
-501193 -620893
233020 -466414
-909804 188635
-43835 653641
663043 -362323
696022 -772178
679334 -622043
-164094 737727
-70993 310873
302472 -312840
-181579 -824138
-118673 656633
293150 -928089
383287 -755384
681131 -452972
4293 180413
279964 118191
-670120 906245
-819935 -590948
-298970 551262
986507 -343735
67179 680485
-377289 706926
352611 -504726
-770142 -918725
-515247 37068
193915 735914
-638946 -417742
347046 474527
232372 -565430
722257 -745200
-342297 942189
49625 -575128
-614154 407227
193309 -493349
-120149 880398
25416 -351065
359517 810680
-266655 -629017
-100165 -640036
-573186 783210
377468 -439521
403667 898469
-150277 -171658
884914 639487
277221 737358
-675318 202714
-658750 -557773
-824183 46824
90272 904594
-519921 552324
-767361 664431
102389 -133115
976178 -228451
439511 68512
-597870 481791
30206 -865068
-8012 -598195
692855 -121183
659401 531355
531820 663036
777960 391528
-748964 -205616
396513 578473
-90928 886803
741504 347281
-406430 555923
628276 -736567
366778 -547564
306823 149669
410453 -939850
801089 439265
859883 -922179
687728 -63098
118677 -583811
589299 -186403
-530899 867948
970351 -91517
-143458 -65920
-227264 -761625
-464749 541985
-764844 -694157
-340894 636323
632264 797997
-426790 -572224
691319 500595
-159667 -867730
297079 -30801
866528 -827725
-697400 -967731
876307 616883
117617 193665
166997 260626
438346 530341
-852796 158379
422948 -778162
495659 860083
-552225 995990
494435 -605033
944616 -9046
757691 -905153
552243 464060
865325 -707566
176501 -858912
778704 -679246
874884 749654
747949 479829
-397984 268234
-554035 671530
252837 -651154
608221 -593043
-304450 542345
-943420 119777
588665 -689459
-640151 880580
292962 -723016
576438 73854
260556 651844
-368420 992233
992054 230070
-828896 -455556
-219661 25483
331152 -247542
-477491 -68166
354131 275623
-912731 -252268
-245720 67181
146945 -758459
488465 -4772
95730 -787738
89962 -401311
-164233 -631431
-344084 -779634
873602 774710
-917215 -336499
-827145 653545
-71198 -82696
726160 -720204
187379 -971673
527817 763273
-63599 30771
-874673 718500
716365 866392
-981859 -259659
-789175 364524
-822620 -253645
552116 265553
-493688 389474
-314794 -691822
409384 591343
-673326 142288
892412 187960
-19027 -338276
43118 798803
-299153 -134871
-467115 560917
536 -467581
-270049 -320171
-386164 -339477
-201185 -728638
553036 621329
769000 -115446
883910 986676
-191627 54372
194486 637006
-362653 460584
-572806 540564
-175633 276872
626670 -499827
-600998 -108344
549785 -557596
-478405 829186
543715 -129910
-353987 878205
183256 -107946
457065 660875
768897 267820
712949 -34021
-969224 497878
821388 252865
-821868 347234
-601381 -742121
578735 842752
-641792 -887925
525640 206644
-433374 -824229
7486 476395
976034 784106
-828966 66860
-505096 -662213
-671159 -103434
-401743 43921
-6001 109265
-338137 -635143
258545 -485135
-310823 -370248
34638 -520806
789441 952802
857429 136012
-712745 20845
708097 -930158
-663896 -72656
-220198 -548662
-59080 782627
677939 965268
109675 266257
728840 668706
-33311 -554836
437854 -533506
353157 -939565
368648 145508
412957 709461
-451243 556990
-777747 -997465
-879795 -764502
370091 946157
373253 -90525
262681 -488750
711205 -699600
321550 515670
557159 216853
184476 307968
-482979 82815
544804 -491712
753488 507806
-902902 -71086
-622951 698349
192470 -248343
729548 -139037
392716 692497
756350 667456
-563270 800240
386676 -780991
206644 671843
435933 587723
-426783 -956231
-412434 -541471
-845587 50984
57231 380830
245443 -669422
534591 16506
-995606 618704
-27620 1168
630483 -295682
-317133 -825497
-876800 123673
413179 606129
-456017 -937356
-100928 -990856
-920452 -468601
-316936 -164683
-542695 -395344
-261388 276402
-275330 -178430
988606 346799
-429084 -419714
-177746 435337
470423 -228189
770485 -966675
931972 703481
608045 -615998
-881008 -990
848199 -465183
-950696 -82575
802964 -586203
407182 46401
652473 915616
931414 571241
121844 556832
58963 870464
911471 -462864
-352154 533403
-503997 531669
886079 230677
-514173 -714929
-629930 -324624
88747 133061
-200299 -129936
963872 -5682
-853576 551117
366693 897385
-781821 -607752
529355 -538489
-328070 188961
-89933 -866797
-132725 -853657
-984224 -294666
513977 129985
-943560 417212
-651860 527626
875241 -993966
618452 612335
994425 -889502
-205534 465796
-239373 813108
396232 176101
99189 -620189
-648450 789539
398840 -66375
-809573 384318
389945 196822
164030 274095
-846176 890130
-563971 122813
-312842 439769
-667184 691395
566201 359213
-840693 -668394
553895 -165332
9377 -788180
-417342 269776
121490 731998
949081 -787428
-355111 -639889
868213 -967806
780636 19589
126629 -333555
542145 -551633
-473213 -848207
872804 303353
891492 -124161
566601 -26617
-395805 -951107
-263433 -458441
-269770 -147653
-817127 188983
943569 -219128
-964148 -434856
717830 521736
754598 -882232
394246 807795
-370778 713067
610704 -165692
306388 934641
313023 -356119
807582 904105
-669765 664520
39080 -462228
798778 -919466
-642220 -613544
-868360 -44419
-422036 -222977
626530 215334
621213 -141428
871932 607637
711354 -486961
-44119 425462
-849513 -609161
573364 -138716
-469608 636647
915381 -562454
-432270 675313
93422 575225
878049 -31388
-605813 411386
835647 -971
-478266 -649022
903042 -472925
-142237 -356650
259675 24237
524493 -295187
-683120 -138750
-759251 -612178
-189883 -521045
24643 476521
644725 -550642
188584 -818160
-137104 -665578
742921 -506836
945920 -975913
-780916 -724397
-900531 -44758
578664 -186069
-89231 775514
583523 371824
819434 172038
508462 403598
463267 -30773
332041 -625803
-244494 39976
-263860 785329
-247470 -837643
-421728 -871600
-943973 -26413
-917002 408374
-285686 -54881
-295313 -736465
-420648 658503
-684524 -974912
200621 202153
-302975 -52310
-155075 859782
785403 -893786
704140 -92109
940393 -385711
294133 -127460
-522515 -475938
44782 -294849
-148971 -929434
232904 -574352
24273 -426996
-261122 239062
-45855 531703
248723 -288659
-885133 -160602
-118714 -254988
-166768 853517
145147 -370607
-436897 -525470
885947 605632
-344961 -261451
563154 925972
-311435 677695
-565046 46819
-644609 419437
-711438 317979
401568 205139
929041 443640
878763 825797
667483 -104702
181924 -437063
-687309 -636581
-627641 -188312
931380 307714
888539 249369
24220 -660918
222411 541991
-210286 -965483
885851 544435
728659 -155929
130457 -224176
368340 -51040
307146 -158565
-382099 516391
113653 889147
706492 163794
-634877 811094
-650856 -148229
-461141 822264
-46165 956709
-512492 38869
-700301 -299567
-536126 -708286
118674 -9162
9418 512569
-222395 452600
-516121 -779268
-813610 781979
-805300 -504312
-85012 -412658
737017 148548
300382 -561414
-989516 -104874
799746 -792949
245508 -486807
44795 693229
-578429 -245639
340684 -641763
199127 160267
-882741 388852
-171030 224233
-503419 -968038
605641 450356
763528 -931217
-64878 184156
-115261 -210237
85949 -827440
-607166 775555
698404 -921371
-687114 255303
-630012 -23139
401886 -59876
-278224 935489
-432090 595552
678635 61965
495683 -433298
968438 924085
-247804 611189
73339 -456282
385543 -702754
-773425 18789
-610452 378298
-845613 -735681
-954500 -105703
730632 -749027
391038 41839
-148358 -823804
-164618 -773573
-889285 277680
741197 40542
421014 942402
-318757 337083
-130575 -222809
306382 -312922
-152366 -628795
783662 921231
606052 -934577
760151 -568575
21623 879690
641111 -213770
-524574 -920229
856460 -322758
-739752 671924
120992 291954
503166 807204
-901548 -287694
522061 -571467
-488543 -82144
-372638 -588132
262757 836150
-631587 898109
-151031 777373
-86072 967528
-304607 -7291
422159 142241
-497504 783475
976805 -297689
-669077 -517790
-343622 -634873
-989599 285673
650372 -98475
-977576 -315830
-17785 910761
-935645 -426706
-616804 385103
-996471 219493
285242 -577440
-474623 764699
363569 -720419
842714 323491
400761 -974961
-140739 463431
-33375 -80551
355358 -761234
-965171 -20268
-256855 -172819
-157202 -656438
-685567 -278211
