5000
777258 28116
-201164 -135059
468378 -652387
-927629 -333557
267044 -840499
34372 694225
-790781 654415
-894124 -818380
-732970 882298
-55504 -157720
47533 360583
-866240 732909
711182 752774
731945 -810948
902082 -214707
773903 -699094
-215437 376168
657235 317322
-892911 565223
-648986 -438038
511593 135506
-692771 942980
746081 -570625
-737605 -690677
482558 -217986
-530508 65396
-212546 -426296
722425 -297716
-325352 265711
69747 323673
-106011 988150
87326 -406974
-765562 4254
-149335 606032
876761 -380771
-620773 212380
435735 318021
842489 -745685
478793 757836
195818 983839
972744 -560950
-497761 -289482
-231449 -26995
-149903 -948821
948491 -162277
-957861 900493
-761473 802601
-215789 -197162
96298 928915
-305974 123273
-515892 982916
-971463 -63742
-848658 476032
-746356 -609682
129333 -320144
-357804 -583208
-606087 -855171
-863104 481145
58230 -958491
-279059 -253335
610747 -440719
148111 569592
-104312 -51878
-875329 -875261
671600 242302
643756 -819013
-701946 -260827
142264 717697
-915266 834299
318909 668874
-663636 -237153
-926147 -573981
-28565 -330608
-184187 -895249
507076 -484382
662315 -640784
428614 -844968
-629705 205738
691938 -632365
-52375 231371
749876 792581
-710927 -617254
-958946 378807
269870 -401742
-67913 398090
-596731 489182
151962 -60366
-633766 721817
-492031 138493
-963446 637276
244565 468912
-200015 541402
-376179 -418339
106562 -780842
-993998 -200774
431403 902507
-845425 -27003
961476 -362
-820711 -44632
-585471 -174991
971307 540680
74604 436240
-459550 684165
387375 855724
-674222 -723804
-308106 -205949
786041 647617
-867346 -793001
709494 800314
498840 -460922
-346780 328327
-767137 436015
-538846 -189746
-552359 975326
927175 -827486
164644 869789
-525397 -660478
-498416 -361721
-542025 967192
-777275 -795463
458247 168680
23032 591883
795294 531185
-994345 -247104
-714391 -347416
820049 277631
163315 -594139
940201 -913789
-310014 -22728
958770 907199
13492 -564983
976520 -6809
-882354 -539965
725900 -606293
-266331 -554482
226884 366611
633234 138985
402494 919480
890371 224540
-413396 -503917
53084 421829
623820 -134107
248325 -117662
-655491 917084
-553377 457055
960794 250673
-208965 556356
-963266 430257
761847 -570100
567300 -889964
809530 -639890
560703 120980
91652 468477
42684 -658786
-638297 -249978
-475427 990956
902436 -588344
-949373 775650
-652682 17361
788598 554407
-209145 627237
909701 -883370
417167 548645
142449 -225097
690541 821965
590351 383466
940311 806717
399831 133779
738049 69498
672411 269875
751833 -748157
-148455 177762
675225 683017
-705357 322603
-489992 -701675
28619 -79510
-380804 115187
623019 616895
-56834 -821410
-597426 453625
435064 399857
484454 195339
360012 -747332
815820 -689370
-524556 -754902
375953 -156054
655739 -684638
770949 -379878
-85751 895500
-599753 840688
687329 -92304
-332987 -947908
198588 696160
98703 -269052
611949 64020
154677 -993459
539945 -447148
-416251 -549554
21046 693157
156337 867843
-743762 925952
-711220 285157
51242 272455
254798 466368
-744988 -957247
-462399 635225
-951687 622799
-149151 26632
523924 956595
557213 -550053
-330284 189611
636990 -659657
-468060 -270147
-872335 -671400
-733018 472649
-78406 -306127
463151 646573
-678762 82564
83672 -435115
787758 -688934
-924969 -977489
-350517 -715225
-203801 -636983
-991115 648445
-298908 110090
58313 930851
235214 -803906
458677 -27894
169303 -124736
-178339 493087
-802227 415673
-553591 155194
-749300 -874361
89656 -221157
-469908 765659
-974794 -716604
964936 353240
998527 -580136
544001 -216292
106111 77639
-917096 531814
309139 -984187
299720 -362803
-410418 -122939
269001 -955363
-483216 500890
959822 378171
636082 -977756
-93358 -658155
957336 -620063
697518 -916687
-269701 -920186
-922347 -562895
547140 -885943
847441 -195858
108035 -249456
437144 730398
353916 -635335
723190 429959
548444 263194
-538003 -280410
273747 -125478
749286 -133819
-136685 -919085
513722 -750178
385313 317319
-150127 512961
336734 -635529
451576 -843131
354521 725859
-393654 228127
-278651 423541
431656 400586
695721 -989342
-609053 -223072
322420 969553
-236933 424065
27410 -201466
844058 163985
-234971 -665937
846994 202553
-95576 -950783
525942 689941
24318 481890
634088 363507
519116 423053
69886 -264953
-235530 618136
-630452 -888268
44624 343308
-794498 -256144
201723 141247
-635478 742244
-221482 224339
-737038 -179648
-567987 275325
88612 509113
-405502 -528965
-590218 -677316
-25370 -24343
-476149 163439
-705556 -243345
-333035 -764565
997803 -229085
357549 -696389
742770 552089
868462 -320099
375262 -647023
-875271 -622266
-590217 33368
-547946 593744
630284 -409568
-751812 -623060
698167 -285477
-89980 144542
699664 413811
29043 597976
738311 -52971
908971 -370272
-554274 490726
-205069 -638962
872555 -701737
909530 -345655
853748 726024
-667888 831942
754011 -10925
-241716 583317
954510 -389626
135222 498693
305482 48802
444106 708864
-319052 215455
96362 -944915
155977 583746
776787 -258676
790106 384945
136805 534748
410574 -879782
293654 420725
671589 -450550
876962 -253209
718652 137958
104419 471823
577198 -929822
404120 -657816
68473 -589423
135379 930337
666781 980250
-271469 -185705
-929755 861189
-483246 -749031
167715 -966996
-427884 -391196
155985 -659680
-446561 -809078
-51776 -947121
817476 -585459
453026 -830097
307693 447484
-271505 74819
-220406 -879703
-946979 -125817
54735 -914493
-941373 -748223
978537 -89759
-383981 159219
-349738 340118
-900196 -179076
-845423 -100046
140472 702766
432906 411358
806464 -758717
646535 -146985
-11397 637493
-78049 -534644
-390159 67538
-216389 -23123
715636 879201
-601587 -162848
784730 777579
-7532 -147216
705436 -719579
264860 -316315
952470 850630
-157905 -168738
377923 -711158
-721744 -49033
682340 -372041
-87120 471962
95665 591711
523422 265615
-925419 550581
-923406 338079
-869708 -594349
-721304 -706833
305140 709572
-357005 595827
-82202 658064
-569743 -627991
733296 -756901
57802 -679627
351041 -243352
-815318 -103437
-952689 414016
-465499 238458
202902 -143926
-798799 -940913
456888 724168
-504665 945663
102706 -836773
675907 442601
-869645 -888650
621044 504927
641234 509889
-548846 -28453
-397684 -796366
-786938 -421619
679204 -95629
-941004 399757
666674 896148
672869 564979
-894619 -10456
931141 9037
-878405 -673498
-580900 775330
305329 355592
-544499 797735
-909028 915827
420098 -792970
-464393 -512111
425331 -477337
502593 -11519
170290 570690
329217 875864
521578 101068
-710968 -586198
764802 116366
267728 335174
843708 74442
-449613 -256398
410920 215975
693600 -696826
382830 50488
594724 -318135
-458511 914159
421924 -597792
360898 -170895
4331 -298093
104529 782389
-850212 189906
528071 54831
-22396 107830
-356761 759386
868307 788694
-289578 146235
222897 600626
776458 4762
-312319 76887
-389074 -56774
952629 94223
-707990 -339978
-216725 77276
-669015 248401
-408884 248902
692677 553945
642037 -672688
-727403 259353
-402397 -702003
-373887 -499803
-31382 -206163
-315930 596421
-463568 -486298
-157917 -800571
-205029 859880
-951847 516725
605117 54322
-748444 -679969
625449 -195357
106154 -205979
-576962 -827932
49797 -575715
-803329 -818934
-784603 -941040
556698 -983521
-799115 -74945
-249350 498953
799951 -766925
-774046 565247
196008 -676871
306648 -611662
-143349 547401
-459861 -344062
-47636 499890
-66241 -311598
455484 265431
-663038 739914
968171 247781
-452889 -606810
-479905 926696
-620547 7624
-681316 471870
-719185 1777
-453884 -9252
-801865 -72692
-97950 767910
419371 759917
435251 -382622
-526266 -65880
-111298 352552
248648 491815
312565 -467708
-746594 299649
266588 11447
816257 736755
324156 -893601
320436 -395686
98118 -726451
-866134 640121
748742 995874
-379726 -677309
587045 532361
233199 -863234
-842787 80641
-696012 708778
57226 -623734
-412931 -194476
-64727 349659
720440 162124
-523927 -194934
644295 982978
-687633 -769515
724393 -394155
865313 -529974
-351320 -994869
-289456 994186
674941 -114558
-894129 -605140
-761868 929475
-960932 664014
229568 954052
-5478 281798
609944 -409361
994944 -267197
-649277 -675390
954764 640722
650499 -687693
-512591 857796
89985 250633
644345 -64607
-103178 -230239
-497026 511046
355525 133124
-354442 -27784
491909 64349
883884 -604775
737579 885373
-200078 -204608
509805 -326653
385989 425236
937945 979595
955151 724878
-488008 -493431
-752677 537397
-946497 -952061
-167302 -673799
-477340 -394064
-895139 262536
187984 -440524
-859035 -95128
463875 20754
477001 -633637
446810 -504083
-773549 861038
-282330 -286037
-507338 47383
537985 -772232
-554180 901248
-93668 -828382
679583 219655
916553 339089
73694 586363
-3911 266811
-474013 -71287
-561033 -234863
945680 557828
-569726 -772853
707201 105282
89002 -634065
729082 -840962
-393827 -723985
-508892 -941828
145187 185089
-261770 618520
-199619 -342515
304769 -218176
-101427 256179
-875538 -817330
953186 -512978
715532 -595896
-745320 -826266
-785648 745445
223815 -115416
168343 -228501
379819 852119
-179287 989593
-586200 75442
715004 -717179
304722 167843
498662 -329214
512788 974350
-11881 -913859
185927 -28120
-631634 269425
-433271 -84614
890506 279130
521443 354016
684041 698687
-960501 -961941
996529 -280418
-939697 -352020
892001 -451447
60025 -87197
-222806 205920
-559307 -731945
721601 -575118
-987661 973849
726550 -907824
-175631 623121
239768 -296946
901034 -345389
-954015 646464
679894 27902
265069 -322075
92666 797931
-434600 451596
18998 -178203
943108 124829
207927 380
-278901 983089
216246 -35075
183629 265952
130257 -328757
-971935 285004
165944 -955092
-363057 -170179
-811609 321043
678768 -334951
-211082 391687
-127527 670479
-202805 -686050
-624922 -17100
606087 -922237
54426 -589891
390833 -292561
811872 -745244
-965114 -87100
-459471 10604
507439 633543
885279 -137560
877019 645892
-459313 -681157
-681231 385770
-729146 868172
-760691 27119
-738184 864291
141702 472246
-469417 -849710
-921899 -35154
389417 -79143
363360 -817152
884830 -919007
-428805 -169891
839536 -573846
-280717 112506
-12221 623170
-984561 -730789
28270 -581442
-678145 -569968
947091 -626225
-15110 -936470
-279088 418133
-92233 778483
849141 721647
338813 -249372
890167 -837680
-520781 287221
899764 -696179
104575 -419428
-816065 619275
289989 480936
-688372 311660
750974 645286
-12191 561383
655390 -685316
300112 313516
164840 -358036
-930437 -448865
-538176 -369794
-878002 905984
415309 56467
450671 -124859
-558437 855196
653889 -816686
835040 -305144
459401 -624702
141743 567764
-445853 -490417
-736827 -816698
-674457 753456
-416270 -620492
-869139 -605398
338274 505528
-507962 -229441
235806 -314923
-742775 -578406
804393 619551
-228539 39031
180592 -563622
513940 -811772
339842 -160585
-598985 -937538
-361537 599548
-188877 -799779
219702 732337
285325 -543172
126226 44058
-758935 556147
-602439 297551
-520017 572428
310220 691404
238921 273992
95312 335264
106372 -602461
-43299 -142599
539934 -390045
-841943 -627982
971858 703984
-245625 440141
-328686 -381948
-657701 -57479
-922193 569393
-158523 -99450
169825 -333970
-602807 -36252
-991039 712937
-203110 -269264
-188028 683600
537806 -11562
-317508 -933958
-498829 -15749
483175 8372
64110 555389
719217 -478946
-586851 -444346
-854549 910731
-738322 -360832
761536 840523
586226 -744524
-927061 -606260
21374 -2674
238181 -55296
590198 632703
449594 469168
-951529 961792
434255 -915037
670040 -19931
17689 -856979
425922 234574
68956 257130
38086 -442830
-893599 547011
-479372 525224
405292 -483994
620691 -784827
-357221 780064
20542 622110
-840964 109362
393266 -786781
-606019 -897641
-896673 -365976
361903 598998
-980212 50839
431861 -420186
-642510 839835
-793361 324220
-131866 165163
217601 -817515
212427 544911
732440 895929
-749873 439351
-254744 437038
912767 668158
-93264 169735
732796 353602
-678406 -379069
-400357 -494505
-132775 542958
-989371 653473
-205416 932241
-521609 -455457
-329237 -319523
-110456 -948563
-178765 -391382
-384282 -54760
-836547 -145566
985949 588257
-891830 259024
327082 277585
235454 421708
-234094 83461
623864 -235394
539878 457521
923924 -779797
-586984 -910555
-246306 -383741
877848 -292099
666415 834208
-590087 975369
-747047 -232636
-710455 769431
-993264 -717446
-985814 -117162
-693871 515759
722390 -812612
-438136 -666497
820722 944933
-968772 557549
934278 -500075
316097 -691633
-420071 796143
-330139 650530
821281 -702906
-681474 -488034
-424687 587612
-222642 119408
891003 -434443
632986 106075
-245935 -930973
821579 -568989
-146046 801958
-972614 522446
-756241 600682
795003 -513364
-165456 209419
780687 -969966
391011 -689544
-964979 -562762
-374646 -946276
-514905 142962
795030 629104
834130 -670908
-324694 -928586
244489 -801716
670913 367890
1852 -542815
391773 117998
-780347 164509
-927412 -904312
-440612 713894
152408 -438497
945299 563758
-362417 -834615
-875528 823178
-915619 -912987
749862 563655
-45730 -442653
640294 -331990
624225 164086
-296064 -698943
-718277 -405769
855065 485931
-954156 117143
-895457 -618779
-747444 325995
624998 -289812
265881 32550
192577 35389
-359634 288628
320419 254540
505943 -950564
-813341 -131788
676182 -657488
220444 888084
682300 712194
865172 782355
-340163 61181
784249 94992
-165023 -709135
-771049 -145425
10007 -189726
-122790 726381
-909022 795019
846361 87715
-321608 -116117
-616016 144429
-323933 -692099
209130 -27032
462207 -39369
686328 395676
931206 -659162
767201 -451238
131098 -277460
-624247 49862
383735 -68320
944510 -695814
373060 433012
550845 936264
91162 871349
914541 751323
-694335 895612
313087 -769984
-747199 -538304
-48883 954013
-704258 -601833
936087 286849
-542469 -21654
861773 -779815
399213 -401183
887487 -186322
-711748 351923
-229004 810888
826663 877666
-707452 162949
-667486 350427
213261 -528311
-154956 -455028
-97086 54392
69537 637504
-316111 -551275
866163 91274
564128 -163530
-202648 759452
-460267 590071
73345 958562
728918 -877989
-915868 163366
-240804 419555
510862 -880820
985360 -40959
-703927 48164
-885932 272816
-847400 -977338
-461904 578696
-754530 265434
-195894 -875065
-769432 -551538
443738 322403
-354965 -767260
223301 217270
619870 471498
-880378 -323854
750254 -94230
761206 834948
-579217 -334977
-525752 984631
941885 -733555
222414 -661567
-9198 257515
-663649 352251
352465 -292132
-89807 826168
-304724 871388
-693577 550530
-282405 492087
-735587 144564
-236319 643813
297262 -470085
-375339 460486
-281797 269629
727357 470709
-240704 -678703
629284 -919416
596955 492746
987630 252378
-691324 282862
320720 127686
-788956 -775706
845645 835559
89196 -895513
-728126 -867202
-144536 -322377
141147 820865
413498 -204086
615203 -347436
-447564 65581
-631602 16820
-158567 -642594
58765 -141370
848694 192965
-44258 -630826
105004 665272
-993902 860764
541931 -693549
599889 -662945
784552 532527
-794107 -966071
322941 -380137
237486 -351884
251551 -469287
817709 -894682
588375 193303
-167804 -515966
-231054 790701
-976409 629363
40789 875211
427864 598909
237133 721048
-991137 56795
702759 212528
869221 -590875
714972 -144037
601611 -560244
864112 -790394
-28921 386333
-872124 -23437
538387 -614891
621874 -319606
285777 218239
957215 800726
-572402 642336
270314 -464684
-490514 -585499
-585160 -671711
488632 -634276
166382 -322317
624406 -880971
-389630 -370042
-477214 232780
-974393 297271
-331324 -546555
610694 805997
-972692 540478
-348364 183606
515795 -936564
99031 -294298
39400 -840385
-121284 531440
-270751 309702
-290115 -341265
-107922 -37772
-48866 -244416
741638 680987
-841781 589714
-896935 877121
-742883 268359
-975684 576906
-941066 -185866
-435365 40365
-98737 818396
110767 -375047
-732968 624189
254810 520896
716628 -641303
-759890 -207376
-186409 -762589
-433720 636285
-532393 106298
-242507 318962
-5604 -537285
-363482 -10853
609122 523860
-43734 -231742
967469 -721468
733395 -603532
-280206 929672
966553 -475929
830444 -773843
126172 632054
306876 858185
-340003 -190444
-422823 -470739
-71998 -200311
360975 -363791
723523 680317
-807265 288959
-633276 -883906
-879770 34337
701185 -744823
-254514 835200
530289 -616345
931635 -479044
-717629 -840165
797715 -937865
-67111 -749267
-75219 -23229
-416458 -392129
764787 2539
-810068 123914
-600608 -785256
-223679 -821995
-73513 -189988
-948966 389270
300785 417265
381110 659424
-889299 -479466
-162421 -638350
-468154 -449198
-502433 -941524
584827 -439909
739888 148908
62731 -113009
57386 289263
-424162 113990
-57891 564753
819287 -736926
-939375 345353
310790 -309246
260282 737019
-278681 644346
308156 -856405
589924 -419351
321045 -986647
-35358 274004
51655 260273
-904936 365255
176039 -451709
-602485 358416
922510 421661
-348655 430352
-553124 -991710
-325187 972325
636458 282023
358490 6160
-643943 -923158
-698278 -886740
-779127 69933
-670519 99082
642960 80580
-956661 778277
-949633 200894
6856 -959931
-503056 176638
186388 87594
-497458 -547052
342082 578749
-763067 257214
-300958 54315
405463 -488215
-979269 -181854
-466843 478398
-342443 -600445
-893954 -181605
-8174 -206824
285386 307801
712260 -411936
921455 -352696
647082 135131
405555 984161
622380 334406
-598533 -247763
500048 -253751
-940043 -289550
-845588 -12288
-260607 773710
811750 -717248
696613 122276
938208 -202235
565820 -551093
671766 -234800
-327292 -565391
-27983 147230
609409 22207
-229747 153277
-638211 -71607
977240 -969106
840225 -653809
971652 -132968
699721 346247
225432 581968
437733 113904
-201209 739597
348074 965550
-86751 651120
-464083 389329
-687652 -300420
712813 77141
685597 -639333
-559400 -64052
-693792 -469524
-478257 694368
-194982 104289
660902 -875439
625565 -566200
132637 111587
541571 -302580
-2919 -854382
-373069 965169
819339 -614894
-976616 -171368
-245885 612765
817718 507735
-587745 501515
930719 885106
-132477 951022
-211371 -989791
-676223 -761187
924957 -111963
476194 -37755
-723287 963731
75122 -877774
-417661 630614
-769919 -700964
380143 -680260
116152 -445492
442169 -738358
-411796 -162808
750091 -449859
740181 -627722
435941 -336173
-246409 714597
-394911 336628
-540392 308577
163828 822263
178302 208475
-411272 -709109
586759 -419621
-12431 -341250
984671 996923
839741 -675034
214709 367372
-211563 924233
371911 -873130
642234 -763608
99763 606484
-436068 -127214
112284 -5185
334583 -387266
-293064 831942
-244761 312143
-794467 916987
251565 439414
-562761 -78214
-897690 411314
410511 -355983
-667366 44751
253549 333964
329258 56837
-323298 -40756
-615334 -67886
126606 330177
-9874 -148856
57055 -671360
-146735 -229534
-951776 -655929
224357 428441
978203 -879396
614947 -697632
645998 -712102
887340 796192
533888 182074
-20932 73170
29171 492233
456048 640410
837675 186856
627232 -437406
974722 -384577
-459919 -101329
-229134 739090
-905767 197690
881240 -401620
-238623 -131121
214937 -810573
-304599 688895
230832 -979906
-373557 -928854
-178225 254738
-389322 234214
447833 -695423
-240995 -650708
416054 -261574
978568 -873725
-369790 789047
-709151 -514246
-389186 990554
484002 394826
-683350 413666
293456 -855196
-726639 144733
-447175 722324
992210 979050
-218907 154232
284272 276809
866284 512332
-972082 387308
-638443 18639
-984255 363558
-600276 -768516
-56924 -445770
-555268 -805854
191969 -282485
-95946 916894
-777135 613210
887888 96991
968555 -454876
624638 -33890
-45162 31933
-235264 942629
553059 538308
-982555 -85021
200886 264351
-723832 -204881
779662 -122976
764603 -48321
-302692 728493
935250 647330
-563749 -38872
848224 898088
875295 686510
854526 -982989
129077 -369767
-12170 460535
663652 283455
74664 716463
907046 -624331
-852496 406448
-499269 -559145
345157 -477557
-432904 718549
-980366 24739
-316086 152466
259270 705270
355663 76332
-952395 -486680
-125844 -348634
-369687 -377113
-532727 -720996
979703 -280118
-989435 861025
-805548 -652434
59734 -77576
-505357 -478362
-596927 406644
-699951 -58585
388136 -890390
-145306 777384
-342356 800555
826204 517131
-139780 676003
-434286 117621
-916221 645392
982327 343807
-396288 -763759
-366846 451416
134895 -277870
898085 -382813
-178979 922405
-887686 -62399
-806594 661443
-121508 -303934
-440924 -953076
309691 -179840
-745878 -398096
-615932 -198068
-525719 808625
183317 688377
-291717 -167120
312135 -817139
555011 -918238
209623 668710
-222146 -520
586117 698688
-975933 -601833
788320 -723680
576308 867629
650459 37334
264389 618909
508684 289921
194592 -920262
-88789 -994362
671635 -828290
852988 -683339
-204403 588856
-553922 55970
206983 -385938
-551088 -685141
371901 -322702
-525933 -901641
-166512 662712
-221150 23298
568763 82985
-667803 -674140
-89272 371624
571997 -225683
929635 -294796
-955048 -299780
554129 -251573
-37469 -151108
-831786 -527700
267783 -23388
587249 291907
-822312 -912676
522620 -743065
764271 -196159
316966 -528751
-157822 -907037
-963628 -105908
788584 -902246
-396136 74608
102509 33246
101115 742822
-678384 807539
-381074 899777
-824662 -726473
253466 206146
-431346 -571906
-965063 -561426
-80862 595567
-845425 119400
-696883 -117511
-216848 -765954
762628 -161944
-94714 -396957
223782 579449
115120 -198050
353621 544303
748347 543156
797103 340472
957804 -497482
125364 -848988
479640 710478
800511 -690297
-535152 -743806
-43103 -832416
143293 -687458
6449 383882
-424117 994162
-762231 757732
458532 720585
663473 -562727
-273513 462771
-126205 -501670
237032 93428
-378379 -684181
-38028 -727025
324377 392842
363584 320296
-615460 -935517
-350485 -491573
-630589 387349
-365673 532183
441919 949193
-628240 295126
-573925 482665
99090 -975696
-896059 288010
-702874 -692990
-109995 944035
460402 -595045
-973169 98308
799271 499424
801240 566535
-380923 438714
846749 -635427
-347432 459282
994647 -823315
490893 867123
891904 549660
-61791 32684
157640 -967680
-95864 271435
971422 725043
-461371 -140208
501737 -451343
-855287 630416
-973573 -182467
-511597 359624
209567 -171020
405258 -664725
-431159 -651225
346431 697395
910996 77253
738323 550039
-941278 193823
-657628 -921821
900151 533132
938289 -723022
-34674 -681165
-673457 -130332
-991762 -567390
-645478 -218889
-607676 291457
493754 73665
309247 620943
-193335 946356
291746 747190
-223001 938977
918846 -952676
-714107 428161
694387 140256
371401 185227
-451034 170904
-704311 -778019
642407 828860
354169 768845
451284 -455356
920639 916923
-922660 629454
359131 725356
517246 -368679
-6508 -966126
153966 239222
-515880 -445215
297814 -452183
972957 -605752
-815828 -840833
363679 45230
-695662 670598
-171072 -745736
-258225 762579
546067 75900
-614807 -446283
-929826 904087
884819 963097
27539 -479711
-559947 -115417
364262 433796
-278347 -149809
-607700 -188720
722296 586146
605933 -814197
-841310 -73727
342801 -377333
-411073 576094
-115296 840334
624120 -392976
886040 -576678
-334747 -298827
396903 -89433
-69777 -722633
411731 470296
-633074 688920
124279 398295
294268 500371
-114429 608950
-934726 964119
293380 -534415
673280 267076
498142 735491
145716 -584842
-535905 50774
830815 331164
977106 -611686
-98427 -261315
-355195 730786
-813081 -841156
-55771 30817
538131 -38443
595536 637925
579322 650372
198999 -620301
-319485 -758104
-566386 62769
-586796 -8978
-825211 692612
-312599 -146732
720954 -966588
899358 -494450
744506 814492
979517 689513
-504555 -376368
-522477 -441491
28333 -82449
-484410 -465381
-277859 883346
786138 178079
-145973 777255
-76600 222701
599607 3093
448802 6567
-437520 -806045
392096 -68356
519771 111649
793977 -430303
-194786 71130
341730 250983
732234 959386
-685156 52065
547571 -313944
755025 393464
-35646 -667066
336316 -680118
-998036 960692
-259255 -42060
-490833 114646
-273534 696966
555475 -435187
-247647 -692137
-531708 543646
-298187 -602943
193127 -120691
-50351 -543399
-197027 783269
-179287 -621648
-899809 842083
-925244 -854519
978061 -344134
-48001 44250
705238 49986
155424 -657584
239182 -894367
-140326 -618858
-876120 -367513
-535169 456343
-846506 -29216
708051 -298818
289470 -916302
786763 -636830
984453 -938962
311049 -993550
-261214 -41677
-28778 45235
766939 -471641
561201 -329878
690380 -175942
800978 -911501
-79541 105793
921379 818528
-919637 -500609
-774165 139451
443023 173827
-224757 -501768
-370945 566922
329972 289862
755215 -163510
-541490 37024
900634 117676
438586 492049
-28624 -621571
138369 -473420
858075 749153
201921 -185591
727516 -67273
-151899 985987
135181 459109
-200071 -56611
568879 -731882
874630 -378570
-712567 -785735
-321952 78556
64846 580769
-457311 130776
-335405 -476423
-411691 -493186
-292854 127840
-52281 162394
339740 -921827
466349 717400
-558207 278609
-842270 -822764
-322100 -215395
747414 477498
-914793 -865400
545486 900904
397376 -367813
1403 -529699
-327084 788935
506125 877596
259986 -755609
-370228 437867
255692 196278
-386090 564325
231592 -606610
807622 -795081
368228 -303330
-500803 938865
336609 644540
-909154 -941656
-472399 598220
364881 63111
334269 90527
318974 475778
-382971 -357272
-406637 -832185
-20843 -517469
665866 -949114
790695 549158
694474 632791
963561 -493308
310621 -793542
955013 708820
391654 -673319
-786648 -212894
859755 -943589
68204 284049
550770 522734
979877 -283280
-978557 697824
-626581 -373937
864970 752784
-236160 -238981
-395939 902092
-528278 844657
-892923 790594
-543426 195154
395097 8554
498215 -140614
-98980 98824
-623314 -544878
-188375 27381
-780130 -692083
-935142 -291178
-148589 158687
-690754 227064
-127827 46769
660971 827971
-987002 -70028
-176786 -990890
-514081 -513030
292693 -303465
607675 155475
365350 841574
-528895 567565
904599 -631330
-577591 -600622
692817 861430
129615 999509
-108259 -806584
-185233 -604671
268536 -701001
-231492 548312
683916 -936283
-322591 612702
-770673 -893331
-991405 -278584
513027 -66170
-898185 982976
87947 682535
-757113 -99294
-581153 225046
-497889 -442925
586548 944610
-664214 691098
-740449 322893
-347575 -714675
-805840 539857
-718324 -275666
30402 204
783077 -352256
-876448 -905159
-962976 -335900
-20827 290767
127499 732115
756529 -146539
-999681 58155
-243655 -515760
-319303 -194999
499127 850354
-739354 342913
-842606 501406
-886852 -861070
-517630 737226
-137339 296347
325989 374266
-206473 -424381
-847069 991786
35864 565590
-756994 -702315
809334 21250
-895121 -929688
996385 924050
453586 -648507
997849 756324
556618 96337
419877 511835
597376 384846
-344355 226498
-645411 685291
-749007 906671
311222 -626647
-765148 -554932
-177263 253968
230155 539773
912209 460315
-441690 718153
910803 802654
-349504 606987
295642 -59551
41304 -175588
-706456 67081
942058 378431
-307579 939706
-630120 700275
41056 488297
864695 665560
378853 -627395
-894538 251024
9077 -973428
-326056 956652
670856 -506658
697986 -319629
-767282 585703
-780533 -462341
283896 -460530
226952 -221079
-753970 757928
610292 789975
-657922 -297327
-280813 -920734
650591 854198
355947 782318
661417 -92908
636355 -703488
-706251 -907824
-676625 499480
-560164 -373440
-966993 -276218
-440551 21798
283513 733952
-789438 524231
96106 56076
-959344 -297078
-450890 -645616
92870 -589897
-682504 -28509
522293 -773627
865552 669905
232929 315750
-752566 610089
-720604 6556
674052 -831710
485468 -675384
-664427 -927494
754780 -289421
352689 -601624
782979 -335160
-537189 120231
-988468 34222
160738 -196568
499367 -125440
-624522 51767
404740 -471440
-276201 603202
108931 193474
414527 -914616
-703523 47467
984830 781155
40367 -672319
220305 -440722
740649 -537697
-146051 -593417
-916073 -936977
-854894 820662
284074 205753
498957 -276099
728654 -995888
-602145 -488119
704885 386224
115619 -348354
628240 -16539
-295196 -47844
842311 110182
152427 912933
331159 666921
716717 -84155
220427 -67350
502245 600653
753735 -394439
158890 244140
-678905 671621
-804641 -356840
-522219 -247985
-621637 -129362
76175 -979595
563758 -359229
142552 642310
623530 234517
209214 231834
219605 285314
-319820 994976
384173 -418276
-229739 208909
-368412 -103311
-310472 435984
-807964 990992
-120293 264960
7508 209539
-833374 573364
-253533 -329601
47816 -600372
910812 525507
621654 299788
999162 961938
-980121 -491008
-208100 -470602
821004 459376
395148 -84328
-309779 -119984
549160 -882525
-679531 -143560
-325445 915700
-152316 -669667
12296 -613181
619416 -760987
16598 -868770
358867 -431067
-808873 -158527
41826 442160
-178746 -179545
739739 429570
-192575 -725745
-473368 280733
889985 -384431
31624 -17780
64937 126292
545681 580388
899040 -512987
-285178 -22340
-18791 -274663
315309 859047
370557 -317851
363352 69291
875818 -338193
-209095 -274337
-896350 269606
371980 -425909
107373 -342256
145861 293288
359364 261021
-967686 -602257
-148594 -259979
887711 -15536
286864 224648
-405572 -794147
-830727 516676
655053 909014
307988 306561
-902562 -387680
164289 -342194
-938856 156942
-695252 776350
624036 562960
-656791 -117160
-242896 -64119
25457 -754402
598567 -819602
25323 -357008
805055 482597
-138089 -397971
-429633 209764
-76282 -909651
412195 247588
-673234 737570
-272542 445560
112756 -829651
237029 -671028
-140970 -978191
876615 686137
-856115 -77119
-198967 -803664
-838694 -77540
-153700 -549058
-356578 -321133
-182349 -191725
473651 329183
-951867 901631
567454 137022
828140 -222451
-226757 161238
-283632 -512887
263676 785147
344445 962992
86680 -669456
-925830 -195433
856021 -635450
343561 -826602
-75517 729380
-76169 777104
-668130 -761489
-391470 -605216
322547 -636625
189420 736645
-487805 -156919
833381 -626005
-240175 670113
18447 -838803
-943341 967461
526333 465536
-642259 -885323
465593 -105916
57445 810427
-715880 -462852
924229 -947895
445013 -387762
-846089 -794852
-405013 956695
961906 -562385
-330765 -497106
-330699 -906919
-535474 336857
-689056 732770
801274 -687738
-844085 -401508
902879 600978
182207 -897675
659078 208192
-784227 -15759
402658 -973809
656365 725349
171687 812616
65698 333160
-917760 451337
-181611 -427469
985157 -981703
-935261 63154
-178369 -485779
925043 433756
-104396 771683
-861102 172757
-239539 436471
-548280 -207306
321965 122932
-671747 -479467
-537940 7205
139261 -708406
-826726 -498242
367534 276015
-926195 31091
-995383 700167
-431319 -339091
868051 -81516
-329343 -93311
691418 22035
-75475 -576129
435230 -97636
-161448 -85103
-961231 943325
-539022 -577502
960399 718581
221505 509229
-584378 804937
125388 276671
-155432 -354608
-670025 -972636
878425 848330
-88347 -856657
-247080 -956243
637105 -993174
27882 88142
-347471 -313586
-136307 498855
-504304 168998
-413756 -407048
-401685 86353
-837922 574073
-836652 578534
-371835 -210749
-160449 -318187
-665603 -736289
-33476 -7045
485423 -236581
372393 872933
-327723 -212396
-857269 -685902
792412 -991437
-392109 82259
873287 -570189
-614257 599749
-331936 178882
-167912 -87456
854599 525654
493998 -864634
-200968 771354
-596072 -859674
-237904 -233456
799490 820588
464197 462900
-752891 634678
167290 -966725
991477 -498187
995772 -452324
811906 -548039
245622 -231107
-696342 -708686
912385 -135970
-222207 622664
-57192 -401576
-18387 -28650
156340 460475
634195 -680853
-798551 711333
-594039 -374779
-383054 -382816
-552814 -431689
943608 202814
-309608 -352934
-768248 -645354
-794194 694271
405273 316187
-876332 427520
408152 964415
-869695 -81993
56408 -435336
-297554 -474651
-34781 711223
-602499 -669186
-522836 436980
13094 -723135
664584 -743537
-761927 -198035
-944026 -419825
-494906 375122
-635352 -502548
514007 -889309
-812063 803943
-34279 853558
90350 -64359
222320 42748
226621 73031
-578192 -19956
-58539 427416
774043 49616
-96937 41626
603781 -75619
501802 -178970
-101758 660333
-786121 334471
864719 525037
-84079 -957608
492619 -381787
329731 25745
652153 432216
-551368 -402013
-503760 -714842
132117 -787871
413305 888147
802161 721597
-821934 938974
103227 746373
-517847 15447
-441292 -957267
-444779 775340
543483 -788620
-148348 523142
865814 -213231
-887458 -922768
-385311 818675
-411233 -835300
399837 -520306
-281923 -563520
-226858 669557
278805 -394029
-734171 -748401
695103 -544526
-372883 -203833
151504 -60563
-688872 -456358
51724 -974072
-41386 660453
-966585 493275
148910 -26538
55313 7437
956395 709587
971206 -525145
-457160 416638
195946 72292
104222 -724379
-217517 91677
435719 -863233
-736876 578538
-530383 -393777
433746 563036
-478280 222672
884276 -351128
889398 -784182
498702 -846756
-16370 -858223
-405124 -591329
88546 -421156
765559 300010
821279 979985
674485 -621621
-936213 192403
316701 374511
452042 -171556
978733 -712873
-805725 290866
988334 -645515
824923 -463701
-487566 -808505
460630 494489
-114515 -817547
-75799 994515
-931811 -85863
-569586 -137718
153942 -779183
391376 16371
-62634 839531
-354247 428901
-574366 273221
-732218 -475210
-361401 323475
850595 -298778
150331 -823477
981663 417615
120853 945547
861377 -928310
939231 315547
-870484 320128
-728774 -256089
731464 -11340
828935 -540882
763824 982729
-300713 -465294
-145926 -442031
987704 -482583
-670835 677763
-545955 -789689
814279 -631029
144909 -254149
-369896 815816
-703942 791512
649206 969950
-848535 922191
746555 451082
-873417 -354770
810714 112585
127220 -219200
588081 -500272
108330 882468
-896177 -16502
708511 -808418
754458 504811
-288577 -267623
591091 703700
-889491 559545
288561 262085
185545 511453
-512167 794254
521314 -873248
-801066 -548464
-726116 -58776
130816 -488418
809028 -97156
942192 325185
24162 -212642
-586532 375072
-319545 -603246
-550893 -713977
-548820 -752438
-724694 790079
-970942 -547782
-615468 -439394
284289 -294948
-67280 973184
-904097 -865394
925552 -90183
-919989 946387
-84368 784100
629184 -607425
-420873 -448150
106963 -908200
-66862 -263218
-282554 284886
341121 670172
963495 -332627
895308 168196
289292 -441049
-338971 -88147
888631 285048
-855391 -82082
-384952 -38976
-80989 -790305
461045 990341
-43401 533967
-315687 -843752
-240129 444982
-942369 383319
-67453 -267947
340 726059
-636594 -61803
-276518 795149
-546936 -31150
676128 434749
366327 -801335
-136497 400742
-758904 -326180
791665 914466
155139 774357
783916 892631
-352040 -890060
-308109 759903
334787 -603627
250104 656862
833260 -452465
-566190 229515
516925 157524
-932651 249466
651148 583816
-274966 300108
902070 432024
-510597 710610
751178 723353
-710616 -305969
-447175 -884293
-956107 -474326
780793 -188197
-173621 -664113
712108 812866
-349751 206080
-888687 622443
-798215 -560044
-289912 -258768
-191503 947136
-752762 226722
169953 -412005
-217956 -608483
64755 849665
826484 740717
-709967 464739
544022 742095
-707847 659790
-111104 913343
-550560 448929
-279038 -318381
-664980 -492536
494044 -564441
540370 581955
241496 -121020
-472983 572226
239153 65111
-425143 -95309
-636078 782279
168253 -990495
343463 167192
-322201 -650999
91230 738836
878118 -608941
926583 710487
310576 957586
-583681 745504
426563 -508722
21340 -739226
884476 -478336
94961 -848447
-546012 -98752
-442791 575924
743376 332728
-580581 567379
-182582 300398
214900 554386
-408988 -482310
-285929 -968143
371040 122443
-617505 199114
973773 243578
-67005 103788
-508869 632010
-702635 986415
33263 563689
-166876 861688
-220755 758896
-393875 -116824
-913539 -659039
-957123 476120
-393216 761678
221844 942774
421784 95825
486987 183797
-121070 408351
-905516 -340465
736501 -188898
135332 145157
-659051 39504
-673807 30260
748719 -968292
-256518 -807679
-87267 -833099
-565297 695990
-988738 -555022
-575422 511052
564204 -739211
923089 233473
12616 866448
-209060 -195166
-596552 -146292
-733234 431444
255691 305128
-584013 -416222
436549 924903
801403 629404
238570 182587
671689 851004
-551889 -18194
-658775 570854
-322637 -164414
110256 -242388
-607598 244482
-920353 813392
-136791 -773348
-570164 -12976
-972147 431589
-576767 304467
993159 528427
337278 -709627
146855 149166
512526 -791271
669869 582742
682282 -412572
-758497 692136
910980 960249
20572 53373
182233 -384868
-530621 -321856
978874 365691
-162884 945266
-337661 -561526
779893 291408
-60349 542436
-598492 259704
180599 598233
-893920 -83315
148139 -139955
124436 509805
290185 876592
-747389 -442049
702954 192485
783311 -223159
177839 669615
105683 443205
985040 949099
-996394 -866902
807654 -326338
794175 992920
-629788 -452379
-750412 -295874
-41955 -429223
-303682 -805835
-448538 -807126
-948314 57523
100575 218570
-726406 -560431
-797805 414995
52057 32983
-306798 423189
699382 777548
781664 -288678
-55428 -199411
-222713 349832
-611977 -634661
-762860 325678
-746765 418670
273120 -265594
-423689 820924
-502148 -434809
-379083 561971
473934 563209
-391721 -336409
-628150 381050
-438894 -233118
742307 541029
-535929 156553
901249 -210215
102107 -505711
-133675 -419637
-301550 -716125
-846188 229042
576038 -123144
655491 537218
-606766 -875250
305589 -775892
-520708 36549
-877931 172275
745349 -69599
311475 584769
-882611 -465420
-110745 570644
255826 -179808
924126 -883165
569635 -362617
-222908 986357
281143 -111906
741547 -651027
-783510 -602764
-714006 -958123
-51641 -640700
950358 684877
-285214 -339240
925228 -639385
227269 274319
307053 244840
-95334 -470796
-884178 -729434
-78358 330344
865831 -791048
-401105 59833
788555 -588229
-724845 648274
317670 922496
875655 167768
-760760 -223594
205623 -260689
-658351 -946817
838385 -907671
271648 -157401
-229764 -106772
484636 -505223
275550 652861
912605 -788711
46144 579688
-96274 -523676
-809388 773643
-330923 -48724
292820 -804090
-932006 341641
580605 526468
-69250 887232
-489514 -828552
765802 -958180
-769415 -27650
-586638 471801
203786 -926113
643583 -105815
889463 -399631
538030 -879791
-632730 366302
-368314 -757302
876791 -469702
20238 470786
-266464 -359030
950657 245935
191193 237191
-637468 -679206
-225599 -761035
461906 -280311
-740948 -433681
-824581 -206842
529248 -964091
421640 -105545
235086 -652762
830818 -170923
435658 138613
-684415 -673417
-460758 598345
-228695 -347732
-909254 749227
410750 -862522
-71653 -451264
618026 -822990
-405079 -52784
584078 -484293
-729812 247992
444406 -666428
667075 674624
748410 815681
-818596 994060
231972 -788672
-236262 -277295
848326 -402461
827487 228204
-375080 -827056
-546811 -913092
616677 -394888
-128327 649649
963689 412197
-690466 914751
-117836 -519039
-463765 -878331
996208 -16990
-579117 -88929
924747 -265079
289683 366077
620353 -815834
572413 -323696
-936036 -202811
835937 -731836
-661609 -155338
-135275 869025
961904 37631
-497732 -713660
381562 455819
-188434 -696066
-13594 607173
-520579 776
115604 -438939
-307974 -386632
-961993 161796
-859197 753857
697671 -378414
680548 620725
209185 214034
215926 378028
-909589 398251
144119 217069
-433499 -604534
744772 -479172
-689200 187488
110232 415913
-97030 366180
-358298 -70594
612591 -318339
-332423 -348022
-500913 289719
66258 953845
49233 141387
153744 -339408
-681477 -65606
874012 533960
358960 747848
591570 -986880
689345 -245859
-840581 830906
454 -791668
-969406 39228
79143 -311571
-88854 -926449
-329580 -997839
207976 -208890
20303 -837385
747619 868582
-567914 254090
759312 975394
-555199 -253863
932941 -174505
-222873 844049
287729 -359868
-364267 645132
285588 626852
774257 -406159
-230285 -902441
-342906 681167
-204813 169589
-544720 -257905
-534105 944097
508271 93727
-923614 -86273
430482 -737785
143357 -856938
-745078 140959
596743 393628
-833625 -984896
923140 920706
-190173 255426
719087 121336
-4149 -775860
198103 -510656
-735823 -996160
-111520 541128
630454 -274617
665038 933715
-811609 978283
944182 -190904
949013 -381524
615698 940323
269948 634574
239758 953327
-688833 756102
911445 722454
919629 595012
-371198 863522
-754872 957881
900105 673034
-336161 -800977
526438 261349
956198 -249522
-447233 376832
692392 -372172
380415 191957
-75230 -391951
-632461 962666
-122300 529657
-310005 -328205
851922 913689
890403 155162
468131 900000
477073 -248036
-753634 781405
-972404 221862
-740197 -536422
18546 917070
-715242 -322335
880367 -236583
924446 797133
-599813 768518
230881 80652
-82836 -489360
-463298 157264
-632768 -955353
515455 -190787
433769 992553
777689 -861486
83987 -108643
-408533 -199112
624828 -978188
26387 148287
741017 599238
-730205 -249504
-524749 482480
-407529 631378
-374672 260181
514146 129209
138925 -717501
-444664 -267666
416217 -89062
-673713 330329
-21176 -767441
-762870 670906
-869592 -146725
-614588 293193
893150 -580457
-360377 257639
769983 864505
492562 703381
489225 441162
-359671 987210
-88336 265846
942715 -480909
-458481 -227428
545600 -190009
508714 -711485
-511970 95316
-822144 -680297
-603681 26859
-595212 -362523
-829600 485517
-974148 -501575
816965 346828
-432083 -227485
775996 24614
-75244 -418299
-873685 344266
743700 63614
-332709 -993382
964419 578220
-233535 934493
-931397 67368
-71125 931176
748353 -710389
242015 -788713
631334 -239943
17987 380537
-796645 370617
914778 925910
243888 -699260
351670 -104883
-559748 505853
968997 66245
964210 -493988
119362 982601
408410 675120
-83342 723809
-810020 505609
-653387 786017
578814 478746
796658 -25288
257650 -678263
994278 411767
-171853 100213
434009 371378
-339185 999094
955409 168970
571968 239099
775590 -158845
963329 646785
-263768 -795570
-870969 -299213
-885606 830572
644504 -693265
-482862 -124242
-824297 -380168
-886548 -484470
848724 979676
998569 -772543
90305 381744
547233 695902
756899 276626
299664 324816
182724 863962
-194971 871414
521144 -525189
140621 -76942
40369 17974
-515485 602386
651942 954810
519955 -538148
995482 874131
22577 920173
755508 -324472
-485627 -331506
894762 -627482
593120 -592135
-487226 340234
-650643 177472
713935 64766
-158118 -173229
603047 909962
-553277 761613
-660393 404993
552944 718951
483555 -51545
-697596 -236547
720100 -135666
-740521 848498
870375 -634862
520046 -480981
-247954 -654514
-324041 -584560
585460 -82543
527138 186076
-328633 -235005
938156 -800166
-10151 180353
-338273 -98878
151713 26734
121560 -526358
-501835 -632245
-772106 563583
452949 -131682
-915678 158501
562815 668924
359866 -710930
99159 -809790
-309994 19197
-239657 -584072
920601 -433381
-852187 251887
882711 -64856
174075 157210
-811049 632865
554180 -540935
61247 698447
399095 145001
956835 861912
-756325 -183689
-600437 -265649
4703 560435
984002 988340
-17550 -532425
251982 -884137
-549088 -595145
-506038 286204
-433871 -249165
95257 974865
-903501 -584890
-596479 208196
499852 -96021
-946040 667259
-295035 -371900
-248848 -288724
-452236 53540
-297012 68567
744696 422055
-894534 -405770
-821243 -87545
159511 17896
752976 -312687
155760 -949487
622077 924424
-322058 -4033
-610502 -860722
386696 -287964
-407594 841444
860294 820036
175661 955381
436296 -64875
-140682 -261606
631173 115860
-900460 462313
-70374 -506785
-646972 -92324
722285 -391222
202009 755611
-400280 -234748
-632105 459940
768953 526482
167703 63192
-786001 -694517
175029 333306
-892376 988914
370519 693994
923788 373438
-331340 671250
-886510 846693
-302546 928639
510144 981613
374769 -799636
-9880 380390
-906000 -512967
349571 -500095
491465 -474284
572560 196382
519651 335269
-393158 183430
764861 808926
560082 -896032
811452 -989662
488593 382339
-791824 -705555
526583 -844033
541886 889093
-582737 -75144
428826 -622450
-413496 685480
994365 473448
415670 -887521
266051 -647481
85332 178348
110733 -798582
-136077 -73169
881553 -392998
-635508 -694522
79571 435680
83738 -338661
-767906 -605080
-680644 -147326
-225343 666106
-131196 -425799
-25221 701762
-115445 865896
930165 -491862
-631706 -260148
242706 -883724
622807 -696174
-647813 -3057
408176 252950
-733438 -383073
899034 156370
-195393 -184747
292923 220183
-135743 722553
-320323 993333
904513 224827
21849 471279
-302305 -709390
-424086 -296787
303182 897955
-629420 -109393
986264 10722
-564102 -598129
-889979 36931
-136903 -421541
-333937 259866
892897 576103
974788 97349
-685226 -674941
811776 993288
-483414 -415297
-196041 -947306
-595347 -662224
-274104 959004
-489256 -839689
205725 787687
-226438 586551
-531046 -239214
24957 -569723
-903237 -224521
-797011 159408
425521 -416
270213 -916185
762876 -681921
-959267 -756833
-336883 198023
-447534 399636
-169373 -179488
404613 -868958
-239120 -38779
901649 -932237
-426642 -876506
-976058 -69824
-18235 495160
701597 -942984
435099 888455
-699711 143130
-2913 -179382
-397923 673483
-479139 832898
-103978 873736
82553 890240
-963606 823331
-905628 -195536
-549767 701411
-449443 992907
-537874 921633
586196 619841
-698784 445072
-638163 745921
444066 -552284
-720176 -14693
-218244 94236
-312106 -917593
588640 849644
-956409 686033
-44284 174767
-145 288192
-865019 205596
195113 419304
-982770 226914
433229 -949675
-422228 -657336
-8101 -262059
-806517 -269631
-938307 729237
446645 95185
154870 291424
-538632 -221485
-982760 603235
173679 958731
-778700 -550868
965088 -896702
-789206 731471
789813 -264173
-252684 926218
-212384 657624
589567 338852
-762943 801718
952682 662227
652928 497681
-325501 970871
-154274 647080
319054 41323
854284 -910382
-560672 -181138
-627495 -837516
-592793 -770083
231747 -266954
-660245 -283357
-707793 13433
-273535 490770
327521 -149301
-161320 -772041
-845124 -902767
-656924 769531
-524437 1123
755914 -691512
-862546 -431103
-104423 961596
-736710 631178
149510 -193488
-318604 -809743
385450 312519
735151 721662
-323223 -528275
-788883 493354
-640417 175416
501274 -394535
683616 -876590
994337 7108
-774776 340778
-922451 -169207
-156810 20028
872551 741342
611510 965535
44110 -291522
345012 758770
-869246 -248950
-977224 948665
-58096 -197942
-148609 -344979
-506123 -764753
380116 -965290
-471890 -735195
-924004 -615129
9453 303131
-360969 -345569
706998 -490584
-865669 -857542
-129541 882536
583431 549976
-688422 -314378
-581693 560785
476992 55791
-42194 -640370
817693 570469
812941 753650
-571826 -802910
-626538 357022
-786375 48255
360760 961298
-826748 -790479
348602 660326
-31513 -836598
685944 591149
-278819 -565222
-526971 -201945
785116 848730
212818 -718262
6464 205854
181279 322835
-972090 312609
307027 161623
-437127 519773
255752 -299764
533953 699863
398914 -699762
251528 -898725
-488456 -399192
-435483 -549849
931547 276224
-596024 215920
-947897 -195044
-371896 780434
-634277 -210575
442162 989974
-375487 520727
593833 -969689
-641805 109800
-746186 -613521
-164794 -695885
-885121 -508432
257700 791204
181637 -429867
-123467 -768396
219612 -102628
-453981 -650698
844189 103359
-492985 -716735
-581193 -485457
900062 -730801
686294 125029
10113 558598
421353 -822811
492028 -139852
307248 311303
892766 254389
383253 -73889
-938067 965283
507120 182864
211742 606058
353136 -212809
646080 561971
164768 -670696
710032 -208888
351200 -65179
-377683 -957264
132034 -856079
-35739 138929
637933 976218
-917939 732295
354417 960521
594116 -513344
-924691 -712857
105924 -841815
-398467 520867
914307 -765985
562020 -314409
31543 -851114
769421 291125
-165450 -953301
86659 -509766
302451 143578
268456 -388373
331437 -988557
70332 -634281
-208274 427437
-456730 184779
792388 -890430
-183914 838583
106283 308512
657649 161354
947026 -995035
63265 -873361
904026 614227
-211555 -677000
-631290 983909
-516314 -173386
278628 104715
-407519 584066
-354352 -155672
-677523 -169638
-70897 673517
872997 481660
406091 590067
-436880 201851
-946723 -480007
-109520 442985
-325128 524428
118781 -929168
746197 -700622
-868534 -815348
859 283211
834409 -952217
-838868 219807
-532157 817452
-757552 -420925
-289816 671256
-538075 -407903
-914892 333998
772157 380888
536949 -192797
907356 -277609
-771622 -900419
902277 786707
-855306 -770129
-399975 -465852
738483 34613
274517 806514
-651285 954892
330735 858371
130829 -913738
-322097 295445
684170 -19375
229087 12512
388631 307056
604188 -127721
559912 -463947
658700 664822
-697785 864287
-500707 207826
774465 906989
-169689 -964822
-53786 281580
-902940 792672
-657166 -245948
537411 391513
-482124 -297476
626466 631384
100180 -881845
460193 -105036
-510718 -413381
-925997 -388728
-631534 745187
-850129 760674
39812 -369388
-875879 823348
867735 -188759
989160 -464676
-338710 -194577
-49554 30631
-455046 -465543
-457239 -256501
953030 -690325
153080 -258315
-757167 567078
-79322 633562
-467718 -186614
-895356 658655
351490 625798
-226038 683128
-891692 534596
458246 960282
-65224 105276
891046 -28662
-954749 178865
865054 143262
-693779 -466126
1392 70013
-15117 587575
957629 572024
915859 72447
-444041 539024
-281644 283473
-654207 926626
-929932 -973428
457508 379077
265390 -116263
580547 -192532
659612 -871628
181668 -791352
947100 171893
763422 -613165
-834729 -278694
-388172 -807746
908222 267170
852539 511185
853645 366649
30170 228679
-10587 107404
-501872 77198
40095 -563105
-575016 -286918
277497 -777229
-358425 -228416
755648 114320
-739605 -721382
-805403 24407
-642142 -196478
-213919 666950
15142 375186
-6417 -35728
-937045 796359
-185974 -961042
-815826 51327
561380 297343
-861466 -594040
-646617 -902451
234264 -549283
973685 -605636
-590807 -119328
21972 46217
341591 384883
-564184 -505809
458501 -82676
572840 541839
783752 -34512
-750091 -139434
-495423 532330
244458 940380
-77118 -216071
472694 852027
-488686 357965
-29803 20629
387784 311944
-601113 91553
-769303 192694
919063 -64197
-351893 777277
-430636 402590
931374 537653
869986 135860
8162 443980
936869 128644
-657723 730897
-947208 -366909
578699 -724456
380675 -597078
-178511 704205
-261558 -553865
645172 397540
972259 -662622
867579 -855502
-849040 -392322
411450 441431
-469988 -533685
-758267 654842
934373 -668104
203928 -543565
190382 388812
-714432 897859
334483 11263
847047 500146
-577333 33715
-281458 -119376
263660 794655
-148877 -918894
-957777 699685
-368714 288930
407604 490209
368377 -506415
183315 625042
607760 -211274
-304900 177212
-331383 770612
-750181 571463
-804833 118917
728495 744774
589457 -4536
-755990 698581
-205384 624897
997823 -44142
136609 -823557
605622 -928586
806877 -448740
823687 866538
845585 -407262
-778910 272878
-538338 654309
-545829 -565623
933322 -728394
-427558 198094
-67308 440157
-811845 -296292
-878566 107283
520246 -898779
675719 628735
123344 309792
507750 -674850
-902067 -146893
-38539 874869
186937 290346
331500 -792138
-480318 743250
10366 414135
765218 374079
163032 -377025
817927 -1038
-175588 493798
120027 410255
-719103 -881942
370028 -816463
23311 -449908
-189771 3540
636889 -145747
-65920 391217
-567142 320296
-813343 353913
610817 93927
94441 -603077
7491 437817
-817264 879124
136652 -762505
447777 661211
-209854 527844
211979 328391
826815 480615
-840972 530840
836260 296838
656396 123905
-955990 20928
868791 298270
240972 401982
-595236 -139769
-887575 304122
-657529 486368
752990 481556
168380 -837682
782756 605922
-629555 -960247
-505991 659980
821183 -348258
-429709 304792
333647 645404
-907449 805975
922741 -899795
-298403 721711
66516 724022
486470 -670920
-582387 -590725
-263842 850137
-321913 949926
554905 169088
373707 -523477
556748 -489466
61265 -842377
-45546 -731229
355512 643700
525262 782835
496975 329932
-33555 562348
-313350 -477630
717858 220061
373878 664427
-546760 827190
325612 -760581
-304761 551931
-108910 -222646
606281 80080
-6762 -276204
124726 512294
-417555 965802
-564172 403078
-944126 159055
740150 66678
967282 -579423
168424 -116749
11868 -172459
251477 255416
525608 -143053
-53284 291170
410466 805043
-558803 -111478
464638 -528615
-9524 -274832
-921943 223744
54358 -63918
387386 -247150
-175112 -929416
66565 -323195
-571394 -924986
-977207 141460
-202079 106818
-223388 -501790
536461 801475
740920 198764
-400570 -381625
-425606 -227585
16432 254521
-720596 -238134
538176 155994
-773098 -911679
521488 -386523
-239954 238364
991510 -751569
540280 -208419
58531 439802
-333923 -282762
191796 186593
217923 -28253
-135600 -180969
-477332 927453
-749195 124213
-459115 131307
59712 900839
-612253 253355
-980262 124635
-580813 233017
-198626 654206
674613 -442981
-816846 -888807
-47413 603152
120197 -407141
112437 510828
864497 991736
72727 -39963
-157863 214338
520560 -122335
287212 -93962
866069 -780023
346893 527612
-460224 999740
-143632 82470
-782871 740493
-131487 64986
-585153 -108238
-787994 609790
-588506 -165632
178561 -135595
917567 -876285
456836 25531
69386 -37542
495986 -533924
500952 -918755
-709812 530696
446771 211921
-263766 -753963
-859823 -623428
198614 -47856
-241151 -119581
-12947 973180
-839243 -538964
988435 13632
-871365 950456
843719 226051
-455594 -563499
-136857 -815991
-977884 12336
-177233 329550
-778177 716717
846704 591894
785499 666963
795919 -270823
635916 -794800
75889 -912495
-920365 613565
856106 453788
940449 -668586
-807097 -896406
587927 283574
585627 -220358
-70174 -682148
292066 -289380
-647294 627712
-558427 -547147
-625121 -520984
51666 -131340
200865 552513
-754520 -410462
-783847 -171848
573457 -53087
329972 -914689
-127504 -950945
-536089 -850970
-866200 831226
833879 172205
62655 -240136
-133422 -303172
70169 -909450
874090 -141096
-905022 63068
-950099 950637
-821194 -756323
80135 512741
-657060 906526
-522787 247982
914898 -186818
13989 491175
-708406 589050
-943261 -445270
14073 476856
978002 881660
482254 -129451
997667 958015
-610687 618911
-977091 727222
-690015 737698
-227583 988377
-416129 -209456
-607749 -831877
25254 679604
564320 789366
-762155 -553646
-575680 -950456
377319 -3337
500636 53672
-172009 -898850
310947 -136785
96097 -836712
-604395 -645832
124758 192277
-774948 327485
341826 -554532
784627 -149992
-915559 782287
836227 243393
19921 274695
274623 811675
982276 604052
811311 174803
-865429 -678362
-108775 -245704
448802 801318
-534202 911981
134323 204567
-974115 577249
-273952 643104
-981000 -653822
383292 -603420
414928 321668
-600621 -663514
-45067 -924669
991526 -633185
-490947 476002
494868 -868676
212394 257365
-406580 -648166
197726 -754226
-467087 138724
86444 -630828
-368653 -265862
-936294 887952
505247 783007
172947 846527
770559 280916
901117 991795
612706 -844091
117977 463613
435456 835894
-492498 793942
983891 938032
-792101 482850
303427 637825
982761 -379205
-637129 -49330
-225350 -467749
-818935 118170
747386 965029
-745967 -337123
-672933 -174398
-520698 623523
939792 -266513
682883 -326290
82795 -735881
-382944 440741
828249 774895
-669205 -762683
-242461 426445
175493 794069
730766 439901
-472244 773666
-361339 141379
-801281 -121258
-160284 -241047
860437 -260246
102691 928444
907763 -526775
-704216 -783535
-712957 -301986
-44891 -37888
-135522 -800770
621673 -972320
-386157 398002
-777530 293166
471421 229136
-792069 -795432
981869 -594575
280565 -376183
-714333 -550603
-144695 581095
243431 645128
704640 -381021
-310000 362008
-177557 -437233
-94275 -799086
183947 599216
-518680 294330
164443 -574147
622518 -165438
77748 -647650
-995904 -670513
-66766 -911692
-268423 -286335
447468 -306588
-805907 891782
-529681 96847
-876062 -768516
58324 135203
50676 -648472
-500773 11170
183365 -235777
848381 -163742
270609 620841
190722 -274053
-113673 625641
253258 -191632
-860914 269103
407350 -525398
431685 809430
-437968 389280
-995018 124475
306365 -827551
-968032 -398768
-417186 -303128
-15081 -937661
-167689 -397650
-151145 -113190
-342183 136951
929775 -441045
-254435 -932431
605015 710697
-645706 78447
-237503 -967957
-30436 393437
720646 710931
-688305 216410
-336875 -805422
-716245 945453
-303758 -293575
-480596 137100
701520 -373445
-355190 -95511
19106 -345738
592537 323875
934738 709919
-178546 54885
-212572 -271428
-764901 438164
460831 -850402
136591 -222068
-432363 -471401
695385 -839380
-613093 -813823
-810545 546434
199730 -833470
-618174 484023
-364608 970116
-366257 -948415
331950 -717048
-50017 -954849
824837 55107
-916072 -344335
-607032 -855477
8790 589135
-108027 -980486
-744418 284463
353191 403399
-648474 404610
335445 -301672
558771 180118
-588985 187007
592582 2502
493881 -12212
-338042 416788
-918149 -486893
683496 443397
633910 -258405
142755 -596806
684721 561448
-233076 -250566
-653923 -344385
-146255 113177
100772 -327592
-41458 -677728
-697220 376180
93138 -936649
48723 -603144
-322417 182820
392327 11346
596900 740445
-47451 389424
861672 392853
-639220 -117901
-660649 996449
-500799 -352385
-143192 -570678
-647222 -991205
694038 -862662
-476104 320753
483552 522479
-685874 547824
-655561 715438
-61746 -365196
-580150 -845118
698065 330221
828608 52094
-848825 904235
-43244 -216059
433515 143027
311877 -576396
-133652 -932693
391918 370510
-495722 540330
-976345 -222673
-592870 -221720
98920 -795800
-458093 -315102
-67920 983101
774387 -317143
1290 567797
114500 -329773
51514 249851
-32992 -156032
-801780 -779510
-612950 828032
-229280 -447715
-688206 -747854
415625 -582620
-526348 -719211
813450 -851808
95425 -585810
38774 812862
-788165 373734
227561 -980426
-930892 179179
-60226 843674
-735822 481332
551401 -642760
-298664 -237430
-695327 260437
-360617 101310
233055 -468649
432942 247786
-123605 -120654
-384706 -242630
-732829 -518872
775090 -595675
818701 897421
769915 -829403
-453340 -940380
-571160 847051
576694 -961012
-685473 -773757
652785 357956
177203 925494
706175 -614019
895711 319521
95122 449519
100209 -859222
-585057 -769181
-83238 403671
780578 -270626
882884 340317
645465 696123
928103 299058
-988269 -135862
-911024 -668145
-121254 -289419
477516 183299
-860856 -917933
42828 -760821
-246230 723470
-796648 753220
701690 -83816
985413 -927336
-38891 714363
507136 -694231
-160460 -852372
729674 33914
-599378 -33519
89697 82249
701742 -818880
-448610 -56015
670488 -812955
-431388 -793470
-583782 -273358
-596299 -234837
463283 -762120
-229901 430149
136023 495350
-260577 917559
834380 32840
202876 -672011
292787 -709206
-907044 96703
984144 648292
746047 870040
-308529 371784
-607359 -956807
-79942 679072
636259 -15624
667835 922677
-109664 -937504
242095 -794506
89935 108896
-943050 -940414
504189 -724511
316284 -952433
463425 815794
551783 52790
-449003 -440452
-412688 279880
-834997 -38922
515240 -541819
169967 388610
-367917 937731
630786 -104645
280370 868009
-95888 932793
-973408 -612183
-616867 745930
-520442 -953410
-611186 9482
-205443 -919269
-233830 -413836
-738052 -909260
126448 -461306
289457 -801055
113402 887524
-728942 349719
278642 -412732
-881215 -324204
18706 653882
469984 751798
-43630 855569
-22500 -809203
-503390 9155
-32981 268795
-265003 509060
-399048 492937
487986 -914219
-58006 41490
331211 -731098
814863 -196464
36745 281271
371915 -732117
722916 -124534
260639 278126
-793152 -16388
-679841 -356651
-184810 144069
-442457 -57696
-714301 -257348
621021 68073
119091 -806474
58483 -667824
-120486 -635001
-915759 479994
-167345 917463
469252 901407
-300611 305325
173063 910950
995294 8050
858307 -626190
627163 -3861
958684 396104
-223083 309191
-359406 429460
235516 -770411
-326318 834331
737041 -362577
877341 -694223
370314 50753
-407196 987766
-755350 128689
-464311 639847
-26763 -466939
259792 -264566
-718587 -118175
352471 -706759
640356 279121
-720134 247560
-361248 762513
705591 233040
362456 -856561
413624 -222394
-444711 446519
-606834 -643514
-277283 521966
-534852 728550
375419 116810
-79469 653879
85432 -579072
-455426 712933
625798 -793104
-357214 23466
441793 307583
-947124 902557
-443842 -522003
-725445 823201
-657082 997067
-132166 -336368
558704 -393764
-732495 380940
66242 -325634
436151 130142
-79947 439830
849196 134495
-183806 245638
-320383 422928
-63608 279739
-781135 21599
398083 -895281
-3109 288416
177107 -579051
280145 -182408
935993 521131
-395411 -486171
798108 503383
786077 386283
-685165 393102
-620368 675059
715872 238303
-746058 724139
98657 -539218
867957 133796
-877399 -306013
490188 -198579
50754 563123
399264 -356791
-665306 746604
743005 -783914
194982 765426
77447 -227938
532933 198023
134814 990540
709813 121500
-511196 -122219
-963491 52231
-318798 -645413
291142 -854261
728494 794266
-610124 -808344
100644 -834307
-641660 -89810
-559152 825935
-509050 925132
-593612 256125
310119 -385925
537442 570964
340492 610437
-258211 -688524
-72661 -135231
151835 -407008
660128 626995
-446750 364708
-169145 -883949
-191736 -192208
189125 -208424
-896887 581181
-60659 -750062
767847 36949
38355 594966
-460685 286591
488617 -762794
800586 -160547
666728 199713
236289 -379505
606779 -736311
842267 -337494
469194 -965599
-133816 171650
-520770 308866
504749 104138
997649 -591568
-449249 623455
793721 976437
-66314 -747704
-825015 204334
367034 -248728
-479498 -272942
493520 863937
304423 743387
-91137 -590983
324571 -327181
716470 561813
838643 996819
74740 -39440
-603137 276967
306203 804015
708191 878700
-992360 -295872
-654378 -854157
-881797 -108220
150285 726865
-675966 256184
-920796 79485
-627331 278402
-493026 -793906
663137 618745
-934849 -917233
-687153 83424
-965931 874290
-142901 170042
859954 -70992
-5851 544468
525001 789641
-521433 -856158
596093 -367819
506216 751313
739328 -533479
961106 -31024
885781 -32471
-958090 351221
924260 -83633
-996990 -992078
-106440 254504
15873 -185529
937582 -534711
-211179 676412
259413 -534061
-934253 11279
681098 -400583
-919826 828788
-331951 -133403
198278 -886163
-943935 -801869
-289816 -354276
38514 -623037
-762719 386720
-669816 -808993
-655027 870646
-444075 -883160
-865126 -42208
-265431 -355868
-975923 -653361
123165 -372193
-244676 669230
-391497 110141
409126 -123049
962104 -814757
-90574 882834
-616779 -679166
-821231 262277
737695 103467
-26446 -666310
-840004 16761
58875 -712392
593783 -26726
626439 787643
253861 -381855
543723 318401
966492 888737
761761 891599
434603 131014
546805 60623
818758 630583
-562534 -755659
-152128 958310
394552 891887
-979911 -196091
-133873 -20456
96436 -640541
-61579 566232
-350829 376481
-528207 -519021
-352590 226443
49151 324291
-767099 471262
-186857 -669764
70940 167359
-685126 798922
-994950 869230
-248314 -609941
542251 519004
933235 504291
-979557 691518
-617475 367491
170421 -896572
580092 298831
51859 826080
115925 -753020
130049 -349732
-854525 628396
-651984 124323
-366508 -921893
-841259 564267
350644 -955958
-943822 -987169
11430 -979933
478861 -526091
-300745 -533229
789735 -484694
-855722 -694115
-399115 -473236
-862221 830764
783114 517929
731925 538469
-551671 369142
-649174 710457
-93297 -463719
-75769 -441230
-43275 646500
89959 -591870
593995 -221060
945147 -959050
254394 -161145
198985 -525638
-78830 406556
-471653 -956546
453195 757723
-801911 779656
-232695 -715491
944157 667054
37287 -584715
734780 706060
-514265 549944
-408817 -297426
98525 -868096
294963 503599
-437823 915744
56075 876214
19448 -35666
-785154 495594
360129 674550
-991325 -293403
-871327 603119
344412 950466
-191810 604880
269684 484274
-743403 445779
-364236 43693
39771 -784391
895879 843562
319444 983447
848035 -92019
-153177 401137
825964 820803
678290 345706
-862912 -111306
-783906 27109
499528 814689
493874 -158192
-504376 450381
-759058 -985153
161420 831559
-646501 -208322
-406816 264426
-498368 619875
262745 347991
37402 994428
516558 -477365
-211847 -402823
-1197 -767362
-573059 -300405
-49108 465928
845111 -292972
-602024 -344069
-758156 495763
-84733 -40853
-280399 643667
-798498 290594
148824 444602
-925368 742944
-500573 -847107
307001 -501599
-575823 -647725
400508 -263271
-544230 467689
-19861 -570917
-964929 -503755
-381980 -12767
458087 486425
-691599 -471641
241392 31501
974189 332909
347302 421778
-526211 -975719
955565 515520
-403929 798349
375278 -758803
735392 -574241
-443248 -355905
291979 142388
223572 344510
-194322 762190
377686 -204765
474282 805819
-339878 -163282
522198 375361
183159 -427910
251802 968306
30368 -136055
133639 -455813
-861662 39740
196469 507047
447726 638463
-915670 67938
846452 580395
-611348 979289
-413211 11527
774367 400930
-306259 -2330
-477733 -624482
-67709 -969024
-527971 644017
-222024 539406
-132062 842865
-57114 -15591
430745 -583628
915570 465773
-650912 208133
-822912 208277
797603 -47037
353807 -763312
-751612 617846
998896 -427071
-355557 404304
-91301 897208
-495172 7839
716603 908559
716918 579658
180266 -92756
181770 893647
61613 687774
373104 526475
-78402 -904309
527298 -437735
494251 -301739
-924351 -82087
946226 -192578
-583100 -109910
182409 -616612
-489771 208293
440561 -419541
741430 866337
79501 88301
-682365 737163
453417 203251
-778549 -36245
324041 -928817
-654318 422573
-37521 55024
846901 -309530
-406322 -832399
-552257 127879
763116 198375
-760280 -519285
-237145 367164
-802733 -101742
450589 139434
-183312 -513431
-420410 912155
-474345 305814
-21282 196882
379289 -68629
198924 432095
-615399 355912
415434 -989082
43638 213346
714757 996897
-935972 -304675
-877346 627081
615708 -47956
438903 -465007
-425131 -290408
138963 386276
-910705 -701005
621045 -296844
611693 139457
775848 439311
-460306 -98883
233147 -16091
-844285 -900157
23429 -383321
62165 -156658
210299 553133
-714863 83149
-171882 -980243
66417 41177
-302707 617332
839069 -883692
900750 329539
985105 374733
-228290 44284
-127823 -599683
917782 496170
-570798 -920806
979439 363079
401981 91381
-918852 445393
-315327 204080
279486 -808703
-71446 -83896
-489913 748714
482763 -955949
-135935 -255267
935244 994629
486794 991025
-880255 526748
91999 -778151
371279 102106
-913131 -234047
-228174 501701
422582 393642
-79530 406654
-974802 -508948
-846530 666010
12688 -455200
-507847 -81482
955946 584557
666134 -554858
300983 -431570
-244608 -295962
66988 -430015
816599 -216576
-158525 -59425
-12259 824950
70430 -574587
800140 81673
155879 810446
470365 -663705
-879583 -952670
90672 436297
626000 82361
-855419 -404517
-195305 296609
238614 -157924
-958670 -234764
546429 -944652
39415 -292459
-758029 951633
-794817 245169
-281017 -592725
-344506 898131
-816329 263553
-643012 100406
-866727 -365078
-158908 692238
-558828 308795
797833 556460
987739 994627
572202 -310760
-370216 -202865
119291 161652
356087 -431814
195818 -541259
-619205 243388
-940137 -32095
873428 91956
531544 -481389
33304 529114
-542215 -914570
524299 -757005
329280 291549
942864 -667612
26858 -65294
-907045 309647
-666234 -199604
-58301 651295
-312443 876077
534348 -348759
891626 -266687
-56284 627418
-935790 80582
94624 18009
-579687 -52399
-152130 511700
299861 464854
361702 186577
-425226 736481
910858 694922
408710 782308
-682258 253027
-397897 603529
810572 -405490
223760 768584
730128 164871
-602593 -798449
-944543 -955549
39077 796209
96985 694512
62559 855418
954640 -895251
336183 437709
-369517 -732578
171813 -343566
-465296 385847
883908 867288
-558968 599086
-966543 -245624
-738532 -473624
181346 -4922
-731528 -295442
-628404 -453972
-680278 -11244
235274 91499
-415954 709565
-371962 -443115
719797 980428
-408932 999771
-791317 630268
20222 871211
720207 -572355
-641762 -545231
-826818 -807760
218391 493116
-446677 -823183
-916665 -954783
833344 653002
235130 970592
695998 -672907
-803794 -488807
-496916 -228790
382501 -105880
399092 -140656
-547512 -751244
-990369 639200
449135 -262736
-301436 249401
-279463 -314970
-363890 -561594
280840 584925
-329408 433760
138305 -344564
-896629 67368
-536499 -403878
-94242 104685
-438022 -357517
-264182 50852
233550 87725
359029 944536
-532416 596345
185342 261635
27343 552445
242659 978874
56783 49741
747342 -790156
-482198 -704854
946171 -833237
763367 28989
-922644 -331356
-140555 -491383
-698146 220692
295007 -383800
584778 990513
608992 -39771
916934 -738502
-720422 -543766
-442787 -332887
49983 -145464
-869470 -521262
-664129 -108274
1343 -457816
691914 584977
-835523 -740379
524230 -632552
445443 -497609
-548944 -810581
900292 501949
-659797 -401446
596290 -42832
-86358 297120
66683 -302572
-429989 440601
984329 898341
-965505 -430236
212174 469342
-591291 -561465
486282 417299
744345 -866388
334067 -144205
-279346 -668856
-157128 976739
158026 212212
805168 182456
-273676 401603
826230 -769769
-483032 -316445
-471806 821074
572214 279646
-283709 -523886
966622 -976640
-313863 -990453
-201744 624545
678051 456078
421750 151135
747891 -265325
286108 996796
796193 852087
-168585 941958
-920980 133564
-742812 -313834
-256983 489121
-54254 481520
-170821 -855899
-594290 -630882
-742011 960752
282661 330931
207540 338929
-260813 663000
-22129 565994
484405 630073
676940 888562
932419 738538
589513 -372279
867193 48358
297737 -435821
572934 -890536
22420 344542
990485 -335133
-595069 59293
529363 626072
-824494 601493
764029 102082
-410853 -720703
-461269 794400
25362 580867
353760 722341
-193000 74953
667468 -339275
479392 366639
-989313 324571
435117 694311
-822186 -76106
366074 -267089
391284 609959
-531974 397015
-907977 265174
-652357 517997
-124492 -277822
16939 269317
351565 471748
-625029 -877392
-747164 115628
-985421 796020
793180 -666126
-350893 88337
153175 -997833
-857708 823995
468465 -9336
990597 -20993
638155 -316848
-145007 140988
-141274 539446
209619 171139
-838361 29389
-971320 377869
-884531 456632
476714 -825463
696065 -601613
411711 -897686
-956410 -468599
-208950 548597
-193329 477713
559947 -327668
106722 -293136
-618208 -598076
-44362 -12925
40375 -314158
837386 965424
-439919 568682
-741279 -96240
743026 -964129
582963 -28342
-751297 -125196
-179700 821924
-599290 -591709
958960 -900291
643816 483428
302751 -407982
-955081 -229029
-807618 -533352
-788762 631906
-387468 933606
171275 722105
-25812 944812
-295729 215842
-773123 -765096
444008 646714
427 -599997
-535353 -504724
-164208 -137929
199300 143300
65843 808418
336804 374197
-710589 -871708
335198 -833595
-964280 -346187
515332 713608
-959036 891354
229788 899190
645754 192320
632945 -909316
658029 -101865
-566060 -946502
928403 -472708
488758 -142969
-450237 799250
680605 -635554
-160209 -310301
-773515 -51599
-803914 -114716
180018 -769516
522000 766779
-844415 -334890
837375 -709933
-82590 983799
954438 541570
314417 935440
-837263 -611538
-735041 802644
909281 651334
-844517 -497122
-209073 347531
-478952 -299695
-276819 -461082
837563 -625281
272978 -668512
860492 261777
-627536 926559
603796 853452
-909787 283482
356732 96138
-119365 -393093
982571 -359669
-308426 -488775
-632320 824703
-616796 983734
-933145 109892
456144 -396420
-753440 -502446
-215476 -398537
-916618 316701
686954 185770
700019 -642517
774925 707192
348577 -269586
-763671 -233265
580411 -662653
513121 -31231
557517 -204081
-277104 564572
384354 -303133
348704 219024
-646217 529262
706926 144030
174395 480573
352948 -315362
-57981 -190769
-790175 -501108
-140064 -444269
-584396 118322
679298 -221593
-648657 927189
592992 -679540
-906947 307658
647722 863932
755876 862646
-747509 -990068
802864 388742
11433 34969
-64322 829928
896892 -920142
264023 -213140
247574 136241
506362 -605961
-440286 -318538
-948982 672032
118336 790979
78203 -438437
-333120 470899
675125 -697650
-30641 -48292
-718413 -831778
543383 -32394
178788 -913764
-431207 -860201
-639129 934444
-203145 -781933
-990521 -742907
-200207 -585606
-159287 -107111
97993 483288
-731003 432930
444970 752779
816109 115983
846255 -948074
-466543 -724829
409658 500288
882524 -262405
681377 -325011
272911 706560
-141351 -774606
790158 -800815
-960479 976341
-415833 333730
641279 981173
-278455 456606
72081 -583401
663013 969214
483346 -773909
421612 322303
224080 295784
-927130 -110727
470957 -42935
-715316 360776
306564 -969609
396784 879441
-913248 -812461
-428761 965418
-650517 -469106
-679901 -834396
-789541 68133
726004 724130
418381 630246
562102 987905
-418635 426141
836321 -920279
-664778 698049
691830 -128012
950049 -398545
-122595 -533196
-454268 -456415
-647394 269898
-813308 245009
-505057 437610
718834 -182723
-728871 -622127
-123054 798770
-28466 -602034
-696642 76033
752554 396246
731825 -1182
88421 -617614
749474 586554
938598 451700
86167 177341
101786 608235
277835 -17434
-762883 -158331
-416292 -912360
-434592 610196
-340330 -323777
958506 396476
836204 480606
-921661 -177609
216856 9118
358894 315422
-859338 -302836
916163 412420
968868 -434184
-124780 778775
-297777 641899
494099 -231290
-109062 -510652
-763228 -427563
-760071 -310360
98306 83264
-659655 -480943
-17021 446258
476740 -290635
310612 -378214
-95358 -908190
-870648 767195
-718853 936454
125407 739046
998641 -846690
-603054 -359920
-80833 778279
-323373 -846491
-707903 825553
289408 132035
295245 -801472
-461979 -780496
759562 -977404
-999696 193576
-303024 -946524
533604 -910117
757946 -7103
11476 653713
-346081 -526870
-177324 -272131
992603 69378
-997502 -713104
701902 126339
642752 661434
-583638 -422717
-972159 617078
-232430 -23605
868486 664540
765718 319296
-533394 530593
-855037 -194469
346927 -943217
276422 645145
-195289 628066
-482779 -474755
653164 409944
-282622 806699
-752533 -417384
-413082 -570352
995606 664968
589916 525737
176274 -535553
108323 -439526
181000 -941422
-698303 -34787
-314506 -596540
-741866 -557687
-18924 549424
931494 328347
804498 579367
899177 716281
-33304 -654366
-926651 -832469
-350962 -969757
-969885 204724
-192746 888774
-895932 670911
326608 343850
-581711 269333
821609 -662829
-293872 -597561
-234998 -27851
227789 253937
293911 945242
-930489 761190
-927320 530558
-625078 210208
-199427 -239021
-494920 -613481
-507687 -276160
-627118 -896611
621888 112841
50625 670120
277466 407349
600633 -605163
264599 -348904
-668188 -141964
559195 392832
857421 -523037
-113496 754236
249843 -455955
405997 847966
-943254 590403
-721247 -739264
-203771 -829232
-588198 321079
811835 -344219
-617793 467518
-514411 -207559
137325 411174
982825 995157
408882 -227167
-830551 65620
225531 -623465
417963 58096
-756342 498252
52093 686122
906165 -606864
30589 -442920
-458919 591087
668649 644666
703532 -648455
508806 -451577
-689241 980242
-430118 -839130
90420 -824130
-515460 -934603
-217091 -80311
818978 565840
-676808 -745320
-699424 -981212
-798128 582846
-143897 652366
-316855 623633
251298 -613069
456902 354391
945049 -802125
-882920 -541657
711281 -661606
-929214 399137
-609874 553916
-783412 732480
408510 -178142
-565664 256945
970535 -33486
966614 470950
305173 263347
-757672 -100014
274281 78002
832102 -421731
-748440 459813
588670 196337
270236 960676
99416 -344915
952319 -295228
-38586 -906782
-646132 397908
656619 -544717
-255502 -886450
-139208 562346
429218 997016
-406458 792800
-527714 183794
521592 -324434
-342548 653391
-470730 -368748
680377 673939
-97573 -694052
-753294 -488420
-81505 -217442
686853 916627
235552 -375693
-126823 -238910
-689943 157823
-246608 -479793
771518 347828
353783 366851
946539 -491191
841346 475028
-593906 -493043
22110 568821
-15423 623111
-561537 -682631
-819627 -547933
796780 -960554
-789082 999847
105316 -146626
278495 -869781
281805 -806763
-410164 972848
-466467 -500611
