5000
786519 -47506
-685744 942585
673504 -388484
830552 388373
-209752 -511472
-897521 157212
913441 -433870
-67744 -10375
364314 261222
840999 94686
-48618 388402
-238583 943824
-784969 -8232
162896 402426
332126 267697
-386402 -402087
-331763 -83920
-960259 -398769
272297 891273
-511776 520924
761481 -311406
-333390 -830923
-204953 -680182
114801 303306
-108977 810274
775124 -363896
450611 -923546
153539 -529302
-893825 -194588
-653586 -733921
-370505 -891676
-257942 -759726
-209447 -583325
-552719 -284838
-711829 -621542
-3581 -874165
-34047 -569081
-598417 -639342
56832 133663
120365 -575086
-124631 767007
730597 -834836
-903030 514853
877397 -159817
584361 -376284
-906593 -997441
723542 563264
128298 787447
384806 -939878
213187 -317866
243831 848969
-890389 13781
-550992 -223526
-247007 21044
369307 590928
-785911 -466009
334500 864349
-787683 881390
471567 -512145
96939 322736
815751 -771619
224571 -703267
500247 -564337
-360539 625345
588206 -794570
-299550 -291562
549051 299149
-891100 -614623
-591785 -541094
-496794 -440805
-335776 -423151
974482 116301
-72380 854850
-539668 754284
-951190 611366
709264 700237
126467 981242
525060 536820
-856689 591338
-488378 -492529
186017 243236
-838330 -641457
-29659 13421
298056 525146
21209 157226
363885 956052
-366716 -311394
97365 66476
309065 421613
-968651 837917
-705310 997076
-180737 -423629
95873 943562
-796842 -594330
-655525 -72111
-970281 115647
-995058 -171204
634435 276737
-68460 866790
515414 -122854
611737 -596745
-318682 -385260
-738297 -12280
-239616 484316
949599 -675743
-462709 -199030
378857 -705142
16201 -51147
-528021 223447
478791 -538160
-593412 -509910
359006 -725544
401546 -982605
-727163 -566029
-401999 -4049
605909 2809
813240 -677599
621346 112461
968501 293018
974223 142348
-574366 -819744
535662 401863
-252764 592389
335317 -506599
420256 368019
-833619 401281
-51131 -626599
-968740 -657160
-432278 -333964
-439390 307117
-288288 178512
646636 791543
880213 902709
-115554 944123
366203 -344083
-71684 -670006
147665 741757
-133120 829723
687041 315336
765921 607016
722498 836513
-851268 -890155
705566 -750003
689073 -231424
813461 928410
-927445 860245
-500083 986587
-713227 693436
875580 -238194
-198966 -220644
784103 -936557
985019 855074
-976615 904294
790934 327349
-901480 -605146
-913737 332196
-399064 190233
392326 -673512
-336013 842107
469265 652833
979218 463780
136315 906756
945468 213148
-689633 701283
-623049 -343980
-215433 -866066
-294220 771318
-921478 -191864
-903768 -6534
-628173 -851780
-730942 -461002
487145 299292
-172473 -437416
242301 47042
-34418 -760089
637318 527344
381934 430980
558184 -324465
575861 175380
-95269 832775
-695424 -987398
-974981 -94688
-785270 467814
-35836 131680
-648707 -976857
437870 868521
-402619 388892
-981625 722070
237920 315136
-810953 -997166
609451 764668
-829622 855985
212858 -555297
480385 214773
100972 474267
-950568 686998
-539711 -907644
-508884 -497532
-968033 -173225
885906 -458121
404049 676734
-717286 175634
533793 -466097
776501 235569
-883528 543457
779155 341223
-477079 -314200
404233 146140
405141 422602
-240076 -115875
266856 -769018
576235 570658
650645 609890
939138 471921
-907217 -145702
346005 907204
767752 -571000
411492 -300678
779656 -182566
-380268 220671
-263713 223037
-15708 224729
-683769 -472986
591822 99278
496895 800400
-685813 467611
-602643 -554339
-445026 680870
-665648 11170
709094 -280143
-615859 -994618
-443329 24011
919791 -983790
-537233 886400
189229 771530
507186 -11976
-769314 39994
-909088 -45614
779044 -501118
-962588 -933381
268903 801808
991984 784479
295062 -21127
101395 906588
494818 -611989
459777 630378
-574242 -734772
-767539 212270
907222 264064
-123158 839563
392777 866156
701333 -668726
99863 993070
464284 791453
-849579 977718
-190605 -653197
467552 -885645
-283967 -246370
507611 -359680
-303717 390261
-29469 -199312
-977693 988807
-369431 707035
501271 916789
697822 -830861
260082 -575454
170506 -570903
294322 102204
688972 -956035
-813947 178856
431427 383595
-92850 -645791
-313596 778009
-869916 -202974
251120 -430490
-118633 -377190
-3067 677804
-595004 -653408
-407498 900555
-172275 -264574
56070 909150
-171609 -536845
768607 656601
-866974 926032
892085 791791
-651090 -118926
537166 -953164
627985 728899
25860 -34547
265453 862992
-564905 -629879
929169 653658
746524 -719133
-302724 609352
-902795 169380
-856856 114352
980460 -23992
20450 341089
943910 -272618
127284 834798
995656 836543
447697 331679
-2326 788157
-843668 563843
941533 453434
-766994 -141115
-504380 360797
32587 680726
-119885 -749448
-27405 898075
-869566 367530
-339364 668616
737106 -609769
-121503 50293
625756 -352622
176422 199747
-371209 534001
96489 -688677
-409549 -138922
720813 -34189
-392461 582112
-113443 -946863
-490106 -253015
577075 626017
-24581 82545
35002 -769182
780804 343846
-275141 504169
401011 138183
-297872 -855397
392199 -94194
-228174 909010
-860397 797617
728204 -816150
863841 93295
424840 712255
-569413 692326
-508134 -387344
767196 -763068
-351052 -796645
-866850 -757721
-74568 692740
979928 -687699
550750 371623
-770154 184307
-987962 558722
587369 291127
-40708 -359557
5416 -550167
135077 -27468
-625268 -447219
-528271 -70083
187629 711750
940781 -769369
280587 319936
-387922 551217
-30453 11382
-965615 -418015
4989 -89112
-747757 82138
-403891 774959
374855 -199200
70011 574724
-293625 37600
377609 -457823
316059 497875
228841 -393413
-958800 -89510
597622 -347885
243468 -71382
914129 -232601
710132 -295017
-760819 876235
-945380 -57316
284411 -797615
508725 774443
884444 753912
511081 516704
-708167 -460284
220784 99870
871128 8845
67033 942570
-495063 -745926
-922424 -556288
-572609 -42748
-128830 -257959
929084 912083
309541 -638564
957516 -215661
-168464 655238
-136993 -853041
-941400 -947204
818091 928575
202461 -302223
-32023 -177251
-410481 475071
662860 -876308
276519 -578737
562158 916807
652550 -750992
920220 -535323
-82988 -542276
580070 177998
608371 -655530
-865774 958970
690462 4014
944279 835449
448452 -889662
-187181 774317
64041 339943
-216659 -653220
-17568 -360694
-987540 188160
316740 -80321
-368302 -98854
833292 -11052
-602870 -983934
331255 -430776
-86224 913822
-278946 207248
-145380 810556
-971653 -302845
250208 -27094
-386886 -131974
-885014 385354
119213 480537
-600638 134021
573420 -384018
-110071 132261
-675971 212225
-20719 595349
291868 -198197
441627 -277705
500958 62272
689780 667655
815787 155951
546469 -306550
-815173 -447489
407322 59383
-252867 701192
-744200 -974576
-238613 577145
696432 267813
-595263 -755522
-609843 -169233
530793 991390
-639206 921360
-586723 22660
-176953 -405717
246377 -493823
632436 -26669
501892 -119125
-110341 -153466
166557 -753677
707111 37214
456766 220826
-711534 -337638
-375462 587172
-925787 975550
876785 753083
-775858 391873
-160912 -555249
116238 747094
-940138 154807
-35636 100439
738372 566679
965754 -506449
-874646 -259912
-187263 -372690
-303680 970606
-435415 313138
-744637 -868738
-568707 998201
522263 -526718
-626054 -536651
-996228 -709375
-610759 553300
-253930 -367365
752575 653140
-599729 199277
-645189 -517448
-800853 47388
275542 -70944
773604 756834
136473 344814
201511 138473
312162 911690
-856915 -511236
-99905 260814
-668724 -835462
-454393 429941
-207505 -117749
-560416 969282
-209606 -906497
-741460 -325424
261345 286643
-79013 21869
241405 324470
-677702 950343
850902 440939
899314 169652
475959 996292
-129018 -281038
719691 556426
-690693 378523
-264692 -548672
-675594 -458811
348945 -437247
-110913 260291
-137811 919776
-675934 -193225
357946 714171
-896005 -494085
-123553 -506156
180559 694306
887411 -232549
-558675 -501632
442399 955697
897541 982317
374813 -395083
830021 -361742
747094 448408
861154 -785857
474158 426562
943126 -900993
269630 668464
-794350 562133
-11191 946294
997439 -928264
-828333 -797522
-128269 -160386
-439701 -961895
553273 -727555
559803 523961
-525910 920470
-282801 -336082
862407 301145
555208 -861491
-177188 -946879
-845854 -85368
-487241 -752075
-14534 792440
-96676 -511629
864266 -675079
152356 -165344
-297207 30763
490302 957010
-720718 -720517
-904252 272008
-493046 219826
-513313 219046
393120 -876142
-292120 -112609
-54340 885707
-207806 -501903
14237 675381
-308241 -464015
476507 442936
769006 -193302
-822025 -610690
556559 -882379
560844 -908335
-576021 -173384
-613219 560128
-603074 761877
-92396 -910381
-597201 -222851
254468 637926
711485 947662
597079 162519
16064 600492
475963 626821
-39797 410971
-877329 -326524
-37512 -432728
-525401 -841291
351546 153415
-254312 -933203
737353 -850117
-947090 -297009
-199601 -611740
-302313 -912560
-643387 365032
-631257 186495
818597 -803096
419254 132719
-501810 -423307
262401 137062
332909 299669
-658515 -490791
-993373 -648405
-125314 -661610
854376 -562407
-745110 -525310
-329345 649834
-629585 269192
832576 857503
-209049 -476532
-83877 -6734
173289 -679977
-69046 -207887
-254290 -240705
-67313 281296
421414 603148
-433972 515321
-954024 103233
-766705 -285510
-201411 -978391
181574 363779
-451151 -192021
930502 -222399
-936851 759381
-874658 -587826
559170 -604955
-172878 764001
-73985 -475445
245613 -271986
468609 -352024
-930951 -327456
236336 339046
562324 -46336
165495 -394349
-938304 -864117
836657 -141760
-536892 -802530
-859145 -366032
-35503 -8376
75253 121007
375400 -441145
-396053 302550
236223 966077
818093 -89815
-991039 531412
42411 -388431
69168 813439
670889 -903063
133228 491876
-83603 840442
-639741 -848510
51578 -615998
811094 871842
-336544 -917226
3411 -409022
321955 -550371
-733323 -596477
654798 -598067
94055 -95964
259921 -164503
-414030 -91395
641008 -668401
-271448 -29802
-348054 69459
-752447 -950829
-369464 512750
-581145 -845398
-662285 151302
874375 -570174
-313799 -609369
-664569 -723072
6180 272733
271751 -292350
-32180 -466515
-76651 197851
612496 -41516
-25086 561703
-361706 91909
-828153 -949523
271520 515212
-462191 -148996
-184031 -412289
-519108 -351976
162035 299079
414383 752389
418753 -423854
308293 -599917
-938499 -682469
-999892 526715
-843656 -492389
362443 310538
-169266 -469934
51790 815203
995476 485013
796305 319933
616042 45859
-936034 737625
-892706 -911635
-786926 -554153
-185321 722753
396652 -49952
-166161 -783503
223812 -666933
-289757 766774
-369727 902301
-350620 648448
-419053 -724645
-153642 475536
-221072 -273576
-699511 -268652
956572 32615
969970 -808227
-642254 -174550
-405424 -526808
985039 -344727
-869591 -364932
918157 92816
-192561 -481123
503435 -693263
644206 -604638
49630 420948
112155 -43218
846579 -161614
-727795 129805
823708 -658439
-313695 -290577
-755018 483614
457737 465686
-820910 259301
-366886 -207426
534417 129408
555085 903366
-258053 175952
-123934 -948545
-19178 879785
680133 968627
-185467 -591492
-680250 -105932
839077 -396723
707853 -557489
-520169 -520531
197298 700266
882425 956911
555749 -862095
-843255 857689
-41822 327789
-570414 598566
-255190 -353569
-490240 488678
-46058 -401737
-228527 855365
43328 -178491
972893 -249066
507950 516230
-705087 -354445
96459 295957
-228420 -222696
723578 39132
15180 -689789
-624032 367465
-195042 -591967
467821 -885135
-529026 -90584
-639143 91152
477165 695479
420071 484046
803338 -624610
542254 -638766
888378 115553
-464925 879172
235002 -209820
672951 -717472
923133 616686
394409 227920
-866720 -936827
-17183 -678882
346151 -725359
727213 360657
-921076 -365084
161633 13699
-984466 -83277
557197 -207802
124839 252271
-737052 -557829
-543197 -758356
-60687 -204032
-954721 -142978
967594 -150797
-827547 172283
425589 119885
-476628 -189052
-487064 -943943
-283160 -533429
-410914 168509
93673 -618743
807211 -892802
-839389 603359
411614 782926
-15033 -987925
297403 -379869
152419 -269055
-177465 -983783
-963630 617074
-641383 129071
-325772 -15532
900285 458964
-932039 -867207
-93731 -263020
362162 666527
744718 82393
378446 -997184
-335469 465761
905299 129133
-117851 70113
-857050 10547
182329 353181
118917 536892
334788 849362
532082 -664100
-968056 672462
-735592 -637146
762774 634596
-234040 956919
59778 928234
-582165 -98051
799914 826116
884177 208759
818942 -291730
399239 -88824
-694506 -941981
494823 561070
886055 -213296
911123 967281
985586 -930380
283947 114664
-578707 -667465
725235 -50584
520166 200865
-101421 -644780
-96311 -565483
-98891 989281
243430 653650
-262205 33630
523568 695882
570700 999735
-119159 -628934
-10018 -843074
-224656 -430680
411180 985798
311368 -591902
-32098 -941268
-961472 804457
239140 222702
799813 -198789
-571893 995509
-455117 -214367
743256 994829
-270623 717350
-848286 -548792
242406 -786864
-518031 998837
95401 -6705
592017 -516774
228833 -818951
-614504 -112182
353669 -598085
5971 -516311
-420377 -424096
524980 -343206
345123 -805096
-316877 -663450
-530995 -467023
456704 -102485
-395975 -49628
29354 720148
976856 -724886
20230 -386596
94772 -966152
868293 569709
162840 -843773
78861 -50824
257100 -332030
593774 497013
-426850 30705
406521 -606620
-594460 423080
766189 -755892
554979 -239750
-37750 -860553
909931 -403189
824345 950629
497477 -226153
-54293 103268
997730 434794
666451 -118038
-28228 -776161
533496 -697643
480727 895752
-447402 729076
157582 -640908
-800481 782309
399774 907618
142949 22601
646489 188868
-202677 486251
-191178 625881
-406205 -68762
-243701 848308
510655 560188
-439671 369908
850848 -697362
-865168 542849
429444 901102
-335895 -719667
337923 -343662
-342329 -588460
-378978 921056
252435 216713
36502 -281854
-488911 -961437
752267 325539
-616323 -912386
138029 536840
888841 822299
-99928 -679894
-712634 -905118
-211264 -756047
-699383 936570
133545 168445
794649 725640
525694 235475
28438 744129
-38262 -395606
804334 -475922
701013 484589
943377 -809663
670370 -155804
30792 -566845
622335 -980283
-59300 -684857
-266954 -787081
531837 344482
104953 44521
155762 -183746
-162099 -677118
16756 693775
198783 -142929
915023 -915105
671835 -75895
-156189 -76805
822586 594509
968095 170173
-421048 -952915
187418 -527858
151821 -149898
-454237 -64949
785027 -500313
761781 -527531
-861066 -17636
-8244 376021
-31253 -680582
-208030 323983
-136392 -631166
698950 -655182
815630 828778
-555605 124359
22744 -967758
-207810 -971155
768378 45268
-404287 627361
287224 92965
-430279 888879
48718 9758
460024 497343
721135 -659168
-930734 -156540
-296344 -724348
186695 -211933
434480 765851
-397537 -980684
185352 -110272
200393 -961377
98080 -851076
944119 -880612
830655 532189
-592718 -259054
754892 667108
807624 -184715
790450 -966089
-24021 349020
420696 -107364
499203 -137410
-106360 817151
-982309 -202592
483681 -115343
820468 901534
901015 -297256
505410 782637
-222951 -994887
-317087 -300755
-769540 387167
-322197 -313882
940200 715080
-6358 203497
-322227 -588776
644234 561893
-472160 134225
-957649 -807895
106718 276451
-675779 -87371
-669553 -271719
-773269 -205694
228871 115598
-249043 -46603
-316946 -87720
977196 711274
646522 -467353
-32473 209971
-764773 -251394
644040 -652652
-690837 421838
97976 -7802
-187586 177194
365512 881086
-201831 987296
-556465 -856548
800572 -673672
-360298 -29532
-185060 -501293
603865 -103570
-412915 447257
70473 327207
469607 -519742
-699756 248665
-862796 -738393
708412 -500446
798878 262198
-243632 -938963
-633363 -714449
-275307 -172528
226808 -108513
-147914 683265
-395343 -729710
-225620 984796
-579095 209491
-982811 755818
851820 236959
297366 -78026
208733 -133831
190121 -309012
680471 -86130
320204 275108
584733 -659047
-917794 416630
-143779 398634
-179188 187210
-467740 -712559
971540 309120
532658 -838409
-750503 620645
872744 -781562
-866216 -616736
484786 689163
-416593 -329562
79684 158609
229019 -28494
245503 89976
57673 -596744
-19096 -857615
-236170 719481
-575193 -681655
352305 -598115
821155 840504
-673035 122313
-713933 66496
-132311 -852935
974285 -205030
697891 413847
-360916 -74155
-661687 -924516
91484 76359
-881257 55179
-610121 124144
440015 -283529
-212650 801701
-180943 358865
644280 57617
644616 934768
-210023 437796
-317361 -298479
-23637 -458784
-240770 -587572
-855193 -603731
502615 -651647
657749 -501599
-889009 -247048
-424950 -458296
655153 -940470
168456 -829480
-808286 980588
684344 820990
854274 727422
679886 -295329
795323 871577
-425411 -687519
595461 509174
168416 -367708
434889 566948
974807 885801
-455714 792737
-452129 -955333
937452 664970
-647653 373029
317267 784149
67911 301360
825652 -34710
585161 394418
382658 32656
691894 535470
658659 676889
-6066 -377311
-823185 940370
-716834 254292
48793 -955073
-781461 -19723
-481265 -844694
110694 -6057
32859 -512243
-798138 -264166
782860 431719
-564362 619990
499633 904367
2966 488021
45905 -604957
-746280 62113
355303 293108
-681339 -227417
633900 -280285
382257 -894599
478333 -785168
-212671 -149088
-520817 373082
233206 701918
-341697 629334
214412 48660
185962 728414
158258 702165
-527009 296028
-167992 497638
-522354 -554415
-13354 -541892
-226919 378756
-452444 -326979
-432352 502863
987474 -271950
898572 833216
-677872 -288895
-184579 766208
925035 583707
-972783 -695826
262874 469018
-870565 951753
-224838 -15847
869602 857220
494491 -87112
872217 654111
-657236 431859
-109237 537804
138743 432736
-685719 -759067
329630 -980443
-438349 126003
349169 -870936
88293 689547
905455 -331536
122243 391821
803806 201987
146327 -123329
-790912 -45639
-984267 395951
-346253 589465
594613 913836
-765646 70523
-822166 647145
995461 -698186
-951370 -379141
874315 -299288
-210713 -393020
558363 654392
730941 -375080
-71804 840791
-28102 -798141
-99600 898839
898600 -178640
632660 -207097
-205077 537193
835722 357757
-892227 368145
-675166 -62226
-88625 -134974
-706876 -247050
-19809 -323012
955886 789335
-945864 908218
-591349 275468
-544128 480381
-419659 -957488
600359 470248
965545 522639
-241153 -312359
356548 757462
53743 933947
441188 333533
346013 -2834
656649 760442
364320 -728911
548929 -375366
-195782 -189273
252449 -382995
577723 -302755
469105 -493380
-31197 -574222
831266 -340369
-720815 -531048
-101906 440506
-325377 -145623
613141 580122
-51470 885800
-67162 -996348
-299696 -59485
-977089 453457
553723 53069
416904 56521
319868 656840
-10239 -329841
-398375 426584
-523801 -504494
115717 -37735
481391 692667
-925879 852988
-314062 -712120
-264259 -302544
-78473 -230657
-844263 -517865
-8451 951074
677781 -897880
-525067 -446435
580922 -545176
-21198 -824611
-172609 -706689
600085 609043
-950691 511051
-238993 -47917
-253876 -197191
790475 963137
73534 -942069
-856537 -358017
737595 47476
-717746 -571722
-765038 -397001
643157 682217
902434 409796
890454 774457
-700042 -24200
957768 -798181
202316 797206
241109 -25142
162957 -979884
-143938 -394536
-475268 -641302
-528543 -854077
617691 702642
-498857 974864
-516993 -644266
682257 761436
274559 -976052
-445098 -80604
313509 -732294
249402 31676
-174976 -524238
220093 -366312
-658340 -753957
899181 -679852
-898589 -751086
-766424 705546
985030 99197
857741 161518
-795675 -608221
-354798 409933
-953230 487858
904306 -867752
463561 794367
30791 -786019
-743931 633986
-485846 824407
699188 217408
-236449 -622219
176566 939876
-938010 477993
370108 719007
-690627 -237581
748445 -405927
753363 -829923
824500 -938452
-28121 505546
-363394 -647615
-781262 -309057
611626 349663
-257060 21638
949364 -734162
175858 828579
460505 -566078
-68224 -795796
-836669 423925
-145874 20110
-186346 787989
-568341 890594
-167920 -76081
621955 197628
-291778 318481
728474 -982498
105190 -336597
-152711 -812560
-140566 -816201
-774092 529353
-722254 266182
-441559 -84338
676735 -45239
135764 -889687
-632651 525075
-698445 -691905
701584 100490
-48695 842395
-771110 808004
-105410 -939765
684158 717280
-217334 735770
420476 64000
442317 -940623
147024 -876680
-823366 248472
918836 97842
-391252 309291
67598 -645785
802389 429383
169215 460060
316202 510804
775036 235242
117487 363610
547509 -269068
-429134 460993
274489 451692
197139 57165
-737888 -87895
413565 -632320
359867 134944
718524 410928
-521144 451515
-304291 -186528
-360121 982910
582521 -656742
-457302 438601
-160769 450589
918328 272608
313901 -811673
523338 -829474
-827955 -757132
-540507 -559259
186459 34887
851917 -670324
-687322 -599738
801141 -943247
-329365 409636
-289108 301257
803259 799996
-363085 -105609
775019 -102473
679028 -482032
-867102 -43079
-94216 209790
-198195 -45035
598849 -608217
-321312 -451626
91814 818141
396411 -517725
-202479 -765949
827097 -137227
-836902 -9405
387297 -898902
346407 420085
-213311 872569
-861982 -769445
37448 -917339
-226615 910079
792029 148602
-185693 515826
-734526 318337
-913474 103941
-790360 -15011
-393549 -802561
-669504 178391
638371 607367
660552 -92165
551150 -389737
-781741 -729879
235447 691453
813691 77236
-348800 -646047
517863 75544
976882 -505690
-945212 243562
422045 305585
18443 492061
-32205 -232044
434593 -940579
-105579 533255
-174500 522484
143516 -944692
805571 293876
906464 154075
-670243 111100
351796 -82030
384491 311302
303539 -738078
-411155 366858
585139 -85429
46919 76383
-161910 446459
174870 285132
-335371 613467
275446 785857
-275075 -153812
-287525 835236
-824684 -595937
171157 700830
967339 -919397
-900066 43582
30831 -99423
469869 -755966
129683 424190
-994071 938439
-723377 212427
544979 672052
940440 -196732
-227539 -197436
-80201 708832
682138 621360
300625 231798
-616457 -493347
721577 -559124
-824018 78564
261847 -535205
-702938 -135308
-531412 -81213
-691222 777879
598063 -499170
-186196 -707854
66402 -613764
-924012 -763801
-399213 -180363
-276606 -115356
79811 -815552
286025 969404
-698743 858145
-718250 -793699
-634393 684491
193731 -662175
948299 722391
-621630 576969
-874954 631635
870913 880745
480956 879994
954777 909078
-999515 190702
-661552 -683305
983538 -846549
30758 -160702
834503 393271
367984 -28143
26745 496783
985332 -895612
-271744 33561
426305 188160
-708394 896307
-867292 -395324
975790 -140744
-31926 -807083
165904 342606
-991421 -433589
627613 -881974
-392672 -172070
834957 -388304
619745 467053
701939 -119511
-642744 339570
-657232 -727871
-834906 772044
-910819 843993
-382598 -167823
-193294 -600336
-804960 156024
-811772 366150
-238658 836854
-228521 -788007
986735 822515
-464810 -519928
-926980 318133
-763355 299765
-767590 -405387
-526845 -170742
-858852 206917
188245 -50587
-909084 303788
789467 826916
-376602 -994477
-196727 807142
-997000 328732
-603582 342643
-14627 139539
-448090 615627
487710 -822569
-803003 98121
-510139 -219095
-955482 741670
498347 783159
868312 951041
369016 196517
939348 -286147
86374 414578
702524 -662893
-709834 -707496
63785 -518945
798069 -426559
63514 -758254
-364345 -365961
435209 -713743
591654 -893084
479614 592411
-266167 264608
687492 790306
212781 -679319
-666741 295637
-957184 -960952
296888 -55807
725738 -142522
16763 -84940
376984 409709
180122 474816
465581 737288
-516692 -446402
-119127 -515410
-475195 118298
971507 -474154
-607875 -392729
229182 -641868
-602505 -901187
-43012 -286934
773033 -191433
-112976 336195
-191304 -743894
531689 350177
-887269 151561
62888 -677791
-883357 -818734
157611 -332113
-953341 392043
337162 -965246
-261750 -615486
-750072 -529981
-930870 -926606
-930960 411849
-606997 506214
-402466 762389
-65917 -94513
-705777 -435570
-318619 633632
515821 -985753
852177 -345167
396348 503744
58778 -129083
272620 649166
-699902 -769400
734147 -643686
-832462 -392384
-632604 -897141
219710 468735
-737604 -749760
452562 91322
-173906 -705119
-501013 -179616
74031 780725
651031 761013
-259138 124068
-791162 185907
331038 362036
-560 935997
350507 340361
554369 -149071
642566 -927684
742132 309667
80490 40226
510523 -951807
415766 -655687
-847774 682938
708273 135646
190757 610173
-271046 -816495
-229838 -929395
897572 -683699
-783407 -274894
-53454 -525436
741982 -162099
-242474 -686312
137418 -744893
-700955 724416
-628651 -739671
416334 -743415
-961825 121331
-609375 642094
-593628 730552
527471 -916723
-755940 -852292
935410 951812
-739675 -71514
554540 479504
-667500 272235
557974 510267
428367 -346872
443908 275351
785801 681932
556268 -493593
550153 -219158
-545263 -23252
-314931 970067
-483910 -72268
4948 65367
-28861 182465
-973802 437907
647272 525818
87490 -179495
-579164 825973
-756863 885257
-16741 -36444
-852003 -454650
267372 -760234
307737 691496
-472104 -789574
-424189 -288391
-424650 753301
71141 716401
-310775 43477
-138207 619956
-816658 50039
381715 -593657
-164591 450203
-114503 -596512
889493 -553360
600495 813917
-489299 -564406
-21933 -807590
240676 736119
130270 769224
563196 767355
-408720 -624437
120254 -274051
649277 -193190
290684 944465
899799 437316
208782 968569
-435461 899282
102349 10870
-790691 239005
954292 -426119
856824 888323
-722454 -451585
-324191 643057
-205396 -726168
-381475 -406768
-13707 -150811
-614947 932299
-52135 -411759
816761 -402333
-496239 843434
805143 -927376
-751733 890556
-856186 -718050
-638234 54198
-791048 964076
403144 -114123
-214434 -19601
-785847 -768395
572599 -907956
903399 271068
561815 -257614
-275923 316509
620161 992216
-932857 820571
386371 78612
-585840 -943405
93215 -620743
-610228 -963427
612066 -31647
653798 495881
185237 374604
-54628 -506244
474687 480522
835559 -143892
555536 -644214
-662602 -160257
44041 715177
616073 -468387
-861147 -245785
-186068 -578422
123945 348669
80625 491407
998943 261130
752706 -954391
240744 -161483
-415124 956284
-996313 -588585
-327259 194455
-819878 -306528
943516 -27378
708826 -807264
-434849 905470
-643796 951687
-453551 -381911
-305292 -410963
944591 -364200
294389 -950831
727460 -5926
718303 -103300
634307 331514
87038 -527721
271995 -269883
693315 25266
114629 816963
-213023 781605
767390 -910881
421658 161136
-73647 268542
-75437 -615690
724740 -408350
-557456 -446997
231095 -816462
979698 -150256
978578 -940812
587962 -360202
-890750 122181
287213 212566
451947 -838604
868990 421149
695807 -34602
-614657 996498
-539959 880390
752484 -443305
405993 988405
-634821 227577
358528 918171
-459061 849536
-843573 -738043
155905 498946
530841 871108
-90502 -640261
-338461 614227
951169 -227895
-93796 -135144
-439180 824810
-987824 -480358
39228 -190101
502890 -847221
-700645 480906
236006 -404228
149059 687118
-537963 230791
-447914 -336265
-73320 -342876
840764 119794
219498 -781128
702491 -611782
-443363 606792
570649 -587106
-451640 -833329
-183828 543885
-100873 78681
10006 102376
-603280 -91108
-885514 -584525
-510839 974929
-971629 883346
-92912 -49100
-97616 -329898
-619019 -863961
-61282 887281
227543 -258076
-488852 237018
-135771 -15727
-17019 735928
250602 -592932
249399 441287
-770071 935212
103706 992701
839536 168172
-706479 -444813
488140 -121919
92913 547767
315699 987415
-625510 757492
-664891 -751366
-787765 -383939
944192 -943058
94801 332602
-394364 -439825
-210144 -898980
90836 -762072
459152 -588361
-885206 48127
478747 -781916
787635 -501436
-20770 38142
779928 24818
705362 248426
-415595 97631
755431 773284
-168446 -287032
706897 -843785
561337 -66615
-431699 141905
607277 439231
-928631 -421224
95592 976175
-332657 696122
-676174 651333
683374 323335
-203310 649656
-198957 697718
181311 184557
-650635 752006
-15448 157131
630697 892710
160641 -540607
744574 63174
704306 126659
-725536 780990
243404 -917930
-617847 465975
941525 944180
-307602 -678312
939106 -720621
-505327 -931866
359585 -346181
440482 735974
255411 440712
-64875 -3103
441670 250806
974973 -272478
-601870 -361803
988846 -148565
-587755 -914043
704425 -589151
-831819 549740
-403421 -875068
-309808 -733351
-661256 168393
45570 31509
-395682 -265295
-74729 -824409
273425 -935642
-982589 129231
-767135 477824
205512 -282401
-948043 392466
908906 782885
-294239 558347
899468 153977
-667610 -272138
860579 647069
186609 268784
-949385 -223436
-796965 -341459
-775532 -805990
710916 544181
585493 602159
177176 -318425
-714685 -964873
-552273 -862129
990806 -417905
-802375 -486431
895108 -716967
332009 -340296
808280 -758849
457027 670198
-544461 252206
-252611 -814249
792453 715925
344119 -790629
334040 -653720
-853467 567671
-154488 492060
436488 -339163
-907018 -989184
888206 -981759
-274195 -429550
598263 238553
573079 -270675
129181 -951593
-48343 568731
967907 -718032
422047 -471068
673660 115313
-847142 876803
-156075 625270
-739331 -517540
753587 804401
742708 -346689
-516685 -240294
838753 388851
-834202 -454874
268163 216879
873368 -851498
557298 87385
31797 191648
11246 781653
306971 633000
-150645 -354007
552265 -975701
-702262 -460589
24410 16728
-84909 -523047
-671494 -520006
571676 531004
991011 -764319
-825464 559697
-419479 776844
364230 -35922
704629 400501
872076 606699
10848 -449470
-367054 6895
200945 396043
877777 166212
234112 -19126
-399308 870067
-519636 -845798
-374899 827869
-798449 696737
-903915 -296539
228984 802144
-253565 284555
56384 710841
813874 -509238
525277 284616
48798 514098
673271 143686
242495 528977
658411 809213
53805 102423
46535 118484
426073 -274453
-923505 -7372
-772111 317150
937136 2109
-804999 -284433
631958 -857579
669301 748540
-919678 641840
-995098 128273
204712 -865948
660097 -383981
-828065 150241
-781712 -172651
-574757 -836825
-629618 726906
235087 -644417
480199 260153
264680 98058
-827664 906437
53457 -456554
-567188 70770
-863680 804806
693555 883869
-667376 936146
600562 -770485
256302 727702
-479125 -443766
-548629 353178
-481039 321042
-541577 -451017
-416917 -344856
720618 98484
-512951 -266425
-920487 -456586
744756 74551
-379690 577687
-355933 799779
283660 -275620
358101 -186822
-507399 -544216
979890 309167
-292932 -437493
-820554 -223357
152550 -486510
-250806 -603688
954928 -916290
-998568 76013
133352 -64674
944788 -116263
-808481 335124
-585508 343162
-238435 808797
-513095 61187
-736365 349734
105508 240126
607447 -979968
-521360 799990
774521 -484735
-953933 -234233
38710 -513096
450763 586363
506589 -754167
116059 675
245149 353698
813787 -804426
141116 -389585
462666 -40088
378346 -427828
-182358 -944667
-540606 -493792
-615229 -756000
-61920 -917242
-635660 100068
-679363 -654043
-919031 874604
-12206 -308935
-900137 371875
-269453 -759849
-320407 -240672
-936484 493532
-37324 -907643
754524 822479
-57438 -547058
-736451 737002
-972712 -431279
675708 340077
873018 802323
-480354 -945986
778119 -892736
132494 -223114
364273 373240
646328 -623884
175780 -41651
-327845 567560
645470 -895801
-665843 -657413
-64391 449634
180849 322859
-723395 875847
-172499 -925321
946089 357191
-481973 -824118
-502878 -977453
806614 -653314
-756260 28297
-117169 -156353
705410 316853
704600 465532
-547584 -21325
-385092 -255270
975539 887104
762146 -156655
-101230 -816321
924776 527411
-889410 901010
75194 288367
737576 798804
429989 361998
113905 -809590
-768417 -67144
627709 375140
379275 644853
836985 727606
612954 907073
64649 356836
316393 58034
683827 -377310
-344850 -171875
519501 -16307
-299660 -205402
-699991 392626
703870 -79655
-337767 -109432
-13317 -235430
-577294 -796542
617774 799264
240202 941185
52285 13933
866736 905504
-491985 -789748
-239741 904928
-534825 984644
-334950 -903015
95555 500339
904416 311617
-760069 -717890
-732546 14590
288303 -481241
266070 -186983
-764090 856645
-920180 644236
827572 834348
-757019 127168
218947 453044
500386 984573
39559 -163284
-90024 535636
-209396 -290633
-323939 449559
66628 -999597
199399 -392683
685054 189941
-197822 444278
973570 -693756
-902700 -775133
-31920 -758003
216130 777706
-420123 -938131
270115 -973900
-417839 306488
924545 570621
875968 -362883
-212347 -579965
821446 -255726
-52044 972946
372096 762072
-688626 658578
617184 -469097
756276 296507
403033 -647419
-986254 105684
154974 -373440
113078 -656044
835600 -68490
545661 675925
398011 -279750
686788 -134159
449001 481611
-457843 973971
-320277 -578069
-31883 -912508
746235 331816
-658075 -549293
-382572 302314
843779 742349
-519702 346271
98988 109429
509687 -949891
106186 -874525
-480102 -707518
291034 924776
243227 585300
-130313 -419416
-497922 -859803
343217 941118
726942 -460382
-503641 -900715
-617800 -998494
247727 -604795
492078 65077
-731516 63261
-124838 741589
-9836 -889552
-931212 982520
121559 317734
973832 -636727
-144018 -29128
412212 -477623
-579127 -275885
206769 -133806
-141705 129125
202339 -5049
744203 -80945
-698791 48453
304259 -448075
238371 781773
166954 65942
-972196 342008
-834617 631219
48275 740769
-158614 -112167
628776 20363
-716042 -217124
795715 45592
-49640 498285
771383 907580
583662 -690680
108182 -931870
86572 971642
529415 -931949
219776 -645861
23650 -942756
457655 -230887
-298243 -218700
-691323 428571
-435603 -946779
-628280 -758206
-557951 912511
-213636 670727
653975 -223316
662112 802456
-600605 -743119
-882621 -869465
779100 964467
-691328 -419195
-412026 -389494
-413671 275624
-614070 -174579
-300745 -231376
322712 241397
-76835 -725435
574061 -512845
851231 592981
13988 -800391
546542 98612
741698 -724541
590304 98482
804685 -75503
-6397 -375123
-61403 157986
735032 -18576
821949 -770540
-837276 -834148
-535621 798769
524227 -88045
-195047 -594974
-629667 -474725
36829 -396611
-852159 -605012
-471922 755711
-909951 451735
81935 -299469
543030 959006
945702 -134841
-716865 -954562
-468773 300107
-385301 -563916
651295 -545893
86045 -613830
866509 -769150
926978 -810375
-674491 -245627
-6169 -451637
-966991 680411
441713 -594452
28863 -493738
526726 -394468
395017 -442713
-892603 63715
892551 -175357
315721 -139716
876786 792768
-4670 225161
939710 167164
-687750 859736
990662 -641249
765671 966309
-459665 -934157
631871 10588
-354972 376695
-143562 874369
-11099 -652555
985000 991001
-499145 68334
800488 253228
-776665 265265
-591133 -121565
-724795 502261
-683710 -50785
-719637 -303147
66376 -310715
-707133 379015
-472112 391983
-572855 -621795
-284466 -796890
201211 481117
-465971 -91124
279288 -287255
553981 377942
-385310 349420
-994962 -540626
-641557 -145011
706455 796514
-977520 414506
536220 -327732
327246 620973
127651 -620529
-477430 -888530
170932 824329
-905935 361568
-5107 -916598
812095 -405498
935412 -874743
-173587 -722112
-569993 -504529
-783370 -519499
229617 19566
463875 590918
-965355 623044
-849705 -904388
-141785 -920094
-349749 -836767
-644695 902883
-298573 -814665
-24359 89644
-619204 -404341
-46123 95371
299326 -656476
-930895 -839347
427872 -393159
31694 -523366
-638932 -359310
110591 -937362
437960 -88328
-617842 12483
-388738 -833358
-367801 606518
359564 -729330
315471 -205457
261173 -41086
-53453 -502548
-76658 -320558
899802 649362
373011 299405
-847987 666236
610614 -493171
160338 575199
891351 -85432
-811680 797597
-135306 -642507
363800 -938418
549705 -317403
900903 -313582
-367031 -304845
484201 989619
-182685 -60644
592767 388034
787861 -350817
-745862 969254
-415861 -80668
975271 591643
-412722 -883422
-796587 -303014
904236 714429
733597 -55675
-248216 993809
714017 -666236
-262832 890233
-147194 -44294
-85493 203579
-480226 703853
155656 -252581
792604 -606743
515937 280854
769221 -695940
-22017 -149272
301656 -449337
-942015 -987569
975023 804929
901488 992369
428493 18229
-606791 -612848
755324 -69426
186235 2993
-145417 88729
-849560 -191828
884457 -841700
-990858 -540789
-384940 411139
68817 -744980
-362712 -484185
-222538 679431
-543855 957286
-894036 41274
-626847 510353
742962 -333554
54562 -408135
863743 165459
-743622 567104
171384 588780
135779 -335403
222835 -421563
379204 73595
-309531 -788105
262321 -614916
-223425 -876213
196342 908503
-738912 -788987
210412 461556
-729078 -467351
277290 681018
-202938 754693
-166622 890477
-259232 -15949
146413 691551
249887 369632
-357669 -141235
850740 -662032
698323 901798
680809 -578000
527405 -482005
-634819 201464
-382233 -664044
687540 631957
-760356 122366
-6073 696782
104415 305945
-618839 625105
-966732 -877573
781359 -901003
-279279 -6701
-758270 -197389
-669612 -35197
822039 541278
993002 862294
190489 -855704
-901212 -200067
347003 554677
510105 -741505
-890197 41655
189755 -651886
820915 689374
645471 -761707
-585470 367381
75160 -199622
884157 -57879
-206818 -800108
439429 393546
-525190 250097
351837 123060
118447 633748
811899 202070
-384382 -962607
-107499 254976
391383 -725876
373672 -50253
424618 -214945
255566 647314
-780335 -569672
-260498 -396096
5582 156971
-858687 644412
819550 -175906
817564 899227
268292 178147
-582856 802204
-769538 -573783
-687639 -359882
-555070 39130
743230 -890015
-424801 130538
-678971 -500069
-430367 274070
-276432 121132
988824 50537
-665945 -214703
899852 180204
995926 841140
-98594 -442583
448266 464760
701620 575631
-461776 217307
-794485 422405
738856 -715742
370668 -863758
7515 591695
912614 -993828
622822 297632
-370333 -436510
683663 -988735
1480 -867157
-612721 151458
917461 92924
394416 -556571
296068 548187
-478572 -800598
972905 312725
-151188 -127575
507324 -851111
330275 559511
-400751 938293
-128376 -865187
-199295 -662677
-922133 967054
73136 897435
-432204 -269867
-930670 -981068
777417 701574
-943 553799
-181966 -33727
40901 -632006
773021 238916
-596514 572912
-318039 -136577
-106646 -984980
-200754 -166519
602057 -941278
-801946 -917746
466934 496641
790797 -808569
682742 586345
-330803 -722310
-834655 -52309
-392422 719252
-993425 387625
-110471 654285
-824864 -399417
-33830 284742
-159228 317854
177643 -121801
23064 406851
-794138 -968852
-245881 737346
-7070 228799
-587950 593897
-145134 237181
984951 476706
-414826 114097
-847510 991227
245069 729605
231477 -33343
-398610 815583
973028 -688592
-529704 -472793
-174160 -486971
-800206 -848743
800094 -643981
-915680 -867670
795307 128534
-246409 -861604
-690369 -54442
793289 446595
320839 150139
695459 -898178
-900103 -105294
-11021 489692
-216063 235764
-444572 -907701
-462752 -93533
-355722 475462
175799 510782
-271572 2352
-173084 -712620
15764 337103
-692430 429466
-59884 250895
-732013 -436673
22220 -47513
648049 -682170
-330567 271910
-578713 -783189
-335981 -725078
-469341 -275029
923542 -312663
39513 267113
-251020 -536469
39783 -842948
-197206 69267
-129933 402340
844833 229939
-868923 474538
-956472 865905
330630 551813
-538081 -340345
-649338 592898
315690 947441
-206060 -137361
86874 -169490
621881 327124
-243210 322818
520643 826948
-766096 -557163
533141 734024
-373903 -821855
-717349 -804482
170745 806142
394602 351219
-620819 -59942
-206776 502623
349315 708301
482212 310910
-808371 574392
-338622 464326
982593 793335
946280 758654
378304 821913
-728220 -952240
369956 -16406
284866 15148
79592 -624103
683057 308112
-310587 289016
-313448 -137920
249656 -163252
-109152 -916225
-924638 -206175
-848569 893455
-22609 -233558
920536 -637783
-713024 -420182
-214763 -296725
-521389 -308159
-905486 27830
800110 -264732
863847 -244982
-432386 862971
-584952 567823
-491843 -812464
154670 -8668
-298108 623112
736796 -414480
-115837 -886538
634262 60571
-463192 -63832
-413293 368212
14437 -936216
927655 933119
335909 446016
97135 427040
942509 927900
500255 -280474
687308 -571829
-973658 290309
-390486 -441636
-415666 664411
-479002 -684737
569974 -696488
-958896 955422
-219194 977504
-891116 -962233
561939 615978
-771557 31846
-646959 -832749
998273 218111
-173507 -799845
-318714 490255
-200336 639856
-715834 472007
181912 557641
-205143 -224988
979502 -43696
-488493 -663633
-915242 -977450
891314 -463435
327153 -741026
-435192 50287
-438515 -576496
-729527 144979
-979455 48033
626192 -633452
98627 609394
673625 -155604
-4246 530699
589365 -94489
426564 853870
-322913 -209598
355583 163014
437176 190198
121234 -199123
904872 -839869
911135 948048
-737866 -764667
63949 945172
442269 3844
569853 288425
738250 -431229
-53060 -787334
902306 743102
891311 -928626
-827656 254614
813167 -739988
-817874 2847
595775 -392789
133704 389611
-998733 394780
938957 233138
-811832 -499875
-41805 -314543
273870 -481684
892539 -353070
-731573 -669575
961708 -137579
494850 -537354
-164538 485551
876255 -59655
-234935 -419341
324414 166176
-301274 -943404
599596 773663
572080 -798263
-767726 606982
524001 338766
-989960 295290
79763 -289025
-733479 929681
595588 552543
812035 -32717
166432 609645
346011 458607
-534274 -748559
-330267 750937
598421 124667
108101 88866
-53179 -871799
588906 69708
241526 -419466
-922017 451151
-180285 -230874
809406 -619837
-747175 176312
962312 743648
510774 389585
915805 689199
-516640 -509136
155300 167940
319275 349609
812915 -584362
901432 -63894
-990330 205160
224945 -460104
-689 -761764
-351175 -125756
752516 353529
-383425 841770
11093 -472990
624588 278337
-847314 748541
-690656 -995303
902221 995205
-78195 430305
-225564 -61145
-53294 -847750
-638883 30234
295577 -939093
99006 918309
-759491 198564
327934 556245
-795153 -326408
361018 -533618
164586 173915
259305 332520
444734 56741
241095 755450
536610 -205690
102338 645190
840286 501175
-137426 937119
162869 294449
-380301 -541792
942596 -417205
-32533 860897
-184299 -777991
46435 -840565
796403 323430
577696 611821
230510 288170
-557882 -68859
-814984 655314
-187831 -506100
-330225 -855900
788758 -202613
860550 720318
-960112 -860608
-245551 -720679
-969383 -367606
111499 306823
-403480 -491236
-879871 -770380
739524 -218784
-554218 905101
-441693 -109837
327638 -477560
823792 -8451
-472493 996907
271403 988327
-271402 337216
-922058 713869
-527920 -346559
-440999 -117299
469845 792389
-186177 -373486
-380994 -221802
-69087 -920252
-589586 836989
-80559 -141222
-264032 132042
-509293 310209
-463239 7623
254966 98634
471029 -124022
-862958 117591
-51244 7580
614355 905414
-357930 72774
-275269 688178
-185561 940427
-20928 -31998
690090 -576261
888795 -563120
50663 356201
-871579 -840802
-661662 -132818
588047 -19901
-291235 395064
-493890 -838667
-343811 -725226
593007 -910734
83027 961354
503553 653062
-727968 976215
987065 -462180
468742 -904872
553834 -901524
331158 352052
-366338 -705571
-13294 387859
978127 686739
840472 -158846
386597 -57424
825171 -329008
98245 319268
-616833 -137443
178019 235534
120852 696310
-857213 665545
-378414 -203143
996593 106267
-131181 990037
-435697 -627292
-10769 -588184
813466 213034
956978 -885892
699954 725397
717149 -464041
367767 -519084
-462559 585762
300622 96822
355310 -134620
-529732 -297954
928903 -590340
-419333 -784380
-210544 -315728
602703 899030
51473 673691
832542 -853384
634057 916928
-673599 -609614
-698922 9853
351406 709294
-753870 -211877
-898586 -111810
-438189 -76895
906070 342110
-894630 -735998
57465 -218645
-77076 130989
-352967 -566132
111296 112248
587003 -455265
97494 278807
790369 -717657
-783292 -124941
756756 -609195
-688894 24410
106 -431781
-490938 -389448
-586148 486128
-156894 841684
-26 -968948
395572 462014
-495742 156789
-164814 -183711
595560 881340
638656 307080
865857 -404068
-160631 870822
-409049 286852
-66643 849524
-554472 442136
484167 -605137
645996 -774576
596255 -864134
-475747 -271584
-380319 -147368
999558 -635116
374758 708683
993446 772219
67967 790796
-344278 -719854
-577560 -131310
-439283 -24704
822600 352510
761506 -374792
686151 898408
-967813 -641023
638969 424150
-996707 -26436
293134 -838433
-952265 -399104
-722345 -596655
118806 -321819
-958990 -290085
814344 -495806
787270 507673
-777885 32087
-61157 -489387
-714226 -587600
126812 -343685
730992 -121030
921804 -642234
-902258 471484
520571 83467
-899735 -166566
641300 580234
-386916 797692
-140753 -29033
945407 -424791
-743160 -463258
663226 -991942
10726 581627
447563 -687924
-528206 -63780
178683 -907577
-739052 -625846
-219584 422312
-453328 557330
-89364 -561256
-779229 888581
-390088 -245490
-982829 720963
474051 292654
-735346 -560418
641603 -909640
6629 886298
458362 -701960
-747082 625295
-286219 349581
885666 447431
-609102 20316
799034 -627600
566218 -161295
483057 -2161
-655281 636160
2253 -243257
-297734 -14576
-576405 501677
438443 -146966
-60526 832802
121673 -144941
-973913 599461
-663254 -928883
437424 -728033
151121 221688
113922 -871088
449405 958328
-288976 -656296
-386686 70232
-907200 590547
-434559 785543
-990305 137399
-893338 -228432
-264234 -61986
489389 -497806
223072 -930553
549302 349015
548063 -581371
877411 775979
117085 2468
774133 -375976
-390606 589793
-263733 -297403
551045 862063
667403 -994762
-702490 789535
603788 630281
603694 -612698
-640601 731577
-239321 -398844
-76623 602715
432947 416428
-572470 -693536
973133 849709
-564343 136216
-765497 724881
684646 657038
-750819 -420797
620987 -445254
-707305 195001
315297 -157432
702341 967670
-713416 271208
-252395 -223879
99951 -624199
100264 -39948
-676692 602313
-700225 275966
634737 381740
458712 -505424
-797669 787375
-7126 -835432
-576177 735816
-163214 90910
-349706 707583
34899 157828
348182 -371472
142832 940032
234196 -163276
-865208 812304
426745 -240148
-167207 434385
312323 958043
337633 -265789
-36674 -171281
967820 323752
-380157 -969230
-309299 -89887
-956061 864221
96434 651972
198600 360045
-604021 -834959
272062 429712
-703362 335256
165720 -892544
-653251 474143
770815 -92168
-414724 125810
98243 -35709
-133621 408040
473027 -192368
-289588 548984
288698 -438278
656041 -959205
-68672 299952
-834618 324665
-207413 -925730
772450 -537117
570515 -422372
90195 761829
-153542 -795050
800188 -559975
632723 -557753
95489 -27068
702500 925806
-238856 543017
143629 293644
74184 -554210
-119271 -148617
260649 -315611
-104459 991309
627750 440063
-293144 491970
928557 -948213
719484 -91234
-294442 -915902
150643 -8703
93393 373043
-180155 -834990
-376766 370693
391946 -255654
264582 -686890
32271 -57080
602891 811059
991350 -148392
410570 -636329
-344648 -105746
-510547 153233
-846430 -112421
431608 -721358
-497491 926682
861804 -665429
336202 35642
-679575 29582
390910 790913
899756 -457101
-904836 -289781
-253488 209818
316497 616916
435042 895593
871239 -974845
-765688 133306
-754371 583763
343472 -11497
407128 -639715
-394648 -519034
187373 597594
-403644 811396
-701833 -882959
-874105 507114
699970 693865
-24866 361042
212750 -307066
-493989 250090
-913292 844262
-57185 -664345
-972583 851053
-946882 578511
-186701 175282
-404443 -789791
-914583 479258
378359 -842842
543875 820610
111983 -302215
-365056 -851622
782110 -491241
596722 -803703
845950 -720630
141593 346467
676954 442771
-328027 -659048
-743664 74390
51850 392980
698077 375112
-271726 283151
-513111 318969
975301 108615
-16638 -139266
-354851 -698692
-608635 -12296
66914 957974
794756 606037
900282 296993
56907 17702
-228005 825031
-831530 -716590
-522967 -510216
-103307 -526473
50332 -451466
-280862 -28008
-907715 -930412
756925 -327562
705885 761597
568278 120751
-335383 646576
820500 708318
698082 774808
1331 942437
40738 -488958
929992 -377847
-61001 -950736
408997 27911
199347 -756600
214317 763669
275438 399671
-918620 -545627
54830 -5576
855245 -187617
-573101 821324
493456 -994552
317779 -129771
-742766 143068
614560 -631129
665681 -343543
83542 933989
278113 -870806
-727014 422303
-528851 487778
-112002 -511911
-450118 39126
19247 -388076
347571 529448
608297 600814
-361447 -124952
911450 359565
807223 -611074
-420772 803548
521965 -620885
112476 155648
-194244 -333528
-358357 338124
-818138 -266448
809274 727487
426768 324822
-914126 -705666
-1503 317337
864587 351362
-67750 552781
-387331 -970404
-140350 69983
123797 764732
-832277 -79990
-219174 -601552
335038 333647
217814 -518171
445151 -938962
-241481 209540
-523293 -638711
-977797 -586356
67753 434488
231357 -339579
-929068 708980
105410 885391
235504 -878807
125784 -562138
-859015 193954
-881173 -475725
257406 -468833
-760323 -808832
-59156 -516903
-878525 75092
51894 355823
-401589 -367764
-537050 -318247
587506 773199
-785866 940947
454829 205420
-739581 148685
518418 -784391
-392717 445530
710339 740520
-500531 603787
166123 -878822
237588 -827115
492884 -162967
-122048 414103
-624979 807972
803808 393169
419550 -206925
-628707 -386201
-600171 655714
-226264 -344419
330140 -777026
-504204 -371553
-645668 896266
-473333 -438312
805565 171028
821021 587689
89847 473203
19378 302825
-740976 -181056
535789 458870
-552570 -575336
-318219 790952
-718560 894576
-131214 74010
-112219 525210
577976 295788
-448610 -839294
504211 335240
617704 335384
76281 277898
-591993 -508654
692904 -181003
982131 994716
761876 876069
223020 -191971
413190 563453
6311 -942680
755502 775553
-336282 -959441
35355 579742
667595 621368
371527 544383
-341598 748546
-449890 856544
1332 863795
-751201 394265
835939 -736205
44423 -361443
-201499 -921688
616714 85602
691491 282521
211084 594921
555960 -595092
-454458 -21838
514866 -694636
-458289 -149684
-202676 684564
-750541 219767
313759 -136782
529211 253325
-729517 757172
322857 789640
-262766 -563704
787188 -643116
505088 2340
-187915 793136
-722638 -992426
-633438 153536
171455 -629582
338124 -593941
962206 157814
681505 162768
861099 287185
-941376 340250
-460910 -399448
-840494 -805113
-321687 418765
331859 207064
515603 27791
-376126 -13653
953443 -913658
-242994 -134236
413001 -517434
194737 -24874
-302695 -727397
-154958 -436118
950198 37221
-241586 153130
987134 843167
163684 128504
525343 426338
257747 -3297
269174 -658738
232474 -895578
-447295 264254
661971 -687396
-81144 90978
-900819 514788
86897 -35040
145639 -263288
-98404 -437435
-15001 -252263
552866 -740744
670703 860567
134414 200295
-771991 407412
-569448 466251
-423794 861255
410264 832666
936733 -680045
-105321 -400176
112904 -792397
-56266 -353444
-565774 -662629
-806749 -805910
741908 847591
495231 -179817
-394552 689270
198669 -638580
78413 668341
-114339 455035
-803178 855304
413006 11057
98766 419036
-377634 984100
29404 -477776
934748 -88040
-79781 979987
873413 340022
136121 -719427
914243 23364
682942 -449890
-223192 111486
-585965 -771395
582380 654072
-460932 974437
-445867 235401
-164115 277429
789233 -194271
461901 124700
568192 -763723
-117907 -443111
-98023 962224
-571320 867300
879644 -577172
-194370 -147195
26909 355935
-912065 693479
510345 -880229
-533412 167009
542943 -521521
714614 835941
375183 533706
-38976 435301
-836834 -291687
-58611 -812236
559379 -770103
123747 467866
-432144 53817
-800898 860094
-254818 945171
524675 779948
-331626 854029
-457447 -798887
-126231 -339961
-757341 -393621
856621 -785845
-310577 990330
114600 -975190
-150772 -215551
105151 620511
670418 898471
-394436 -168854
-170804 -995721
700795 166288
129744 -830294
462807 -368273
-981212 806078
204849 -85742
-429459 39624
571012 56279
580612 -578220
983051 444598
-791224 222394
-247466 -531500
751195 -639897
615672 279483
183744 145994
963735 -305155
289952 -931965
788019 -711853
-578778 -866310
206145 -89170
-162123 209708
512500 -332937
222666 -786785
-645999 234238
-238657 955772
-100475 362197
140574 852189
817189 542660
395528 -81178
-181434 -850244
-832532 169195
101921 332532
-538488 -78279
-856018 -290267
146428 396126
159588 43064
371370 780365
920001 -56839
320641 -481930
716021 284932
-667838 319230
-173294 641002
82199 -249133
-234415 -123285
-816608 858268
757940 -976525
-55912 -577162
-468826 -853789
-548950 -75594
-485974 709474
-590716 -98472
989283 162910
206212 174870
-642650 -523744
880379 -115357
-29660 -89917
-756929 523152
351043 -93928
620865 -242459
435500 142550
-193739 -15059
279880 -676652
681388 -953313
-979474 -993009
-630652 -911131
880127 -64086
-911388 -270099
-657516 -499866
-582407 -939695
-649093 -291397
-90430 -70515
-663252 290764
-454242 970404
468116 735230
-5363 581678
-174849 -616099
898844 516202
-321424 -851153
-569825 181422
297803 -330545
509454 665241
979990 384227
-544595 471027
-735237 -656548
-502518 -291820
-460994 241741
-72082 798179
203402 544943
947406 180259
-915765 -896763
615448 -189325
90268 -812672
-212260 -598486
8367 398165
-349249 309678
-619436 -666204
-968815 669727
719636 637667
679193 124928
-412009 500908
-731691 92041
875532 429200
649202 -548069
-49300 -497391
797930 -203984
635902 -352007
455965 404607
-32816 379689
-297027 -431945
976947 136111
-595844 -623795
-186621 -762745
-496528 439442
168159 -730509
487025 -13197
-822487 -212592
-987299 -505648
172878 660228
-368548 -535858
267876 -100209
-740451 -465139
-105884 -434197
-266200 188103
-877501 -696321
435138 203681
855913 -350757
-451263 -396519
-796207 -838873
-224599 -600608
-415722 914136
524585 592154
-183580 306845
111811 -632853
557778 -413696
536678 203107
-942811 281819
119141 820778
325432 456948
-470468 -244962
850373 -134532
-600100 -935603
-764840 862447
-669587 -190239
-98665 -218130
-728488 243908
-602393 167180
-289247 674591
376123 -504177
-916859 -736911
7370 157253
-411578 -323283
-934970 -260498
-220828 733717
-476948 -856484
-911737 534181
612445 -611932
-676307 460513
921186 -339639
-332140 -872419
-602918 -165427
566223 428748
-495210 -83520
699807 356546
375838 625033
592328 601059
-444425 -611950
-472630 -55017
-641200 788604
-883936 -117591
972455 678794
905064 384975
-913999 -313335
193608 325353
29599 -374493
-889163 -819615
885389 74321
-304948 107545
-366522 -688325
3182 34464
367714 -79888
-90549 -385227
752218 -219721
343980 -660468
598599 499488
939379 131924
236395 -362165
-273630 493826
-401035 -57703
-2371 -275653
-630792 -636684
135477 -965329
-4215 615385
325311 -404144
-395453 -269600
-595982 670185
-923416 112231
137413 804362
340425 370055
-159460 -879648
499168 -670282
-337564 360278
-745249 747766
-973807 268220
-45890 273543
-59346 -645852
-944334 -987328
-852758 -987979
538025 668987
-937879 -167658
515076 -718275
566442 911977
44780 -12718
722952 96230
-556078 323855
-84501 -63094
941307 553876
-356830 515881
-291859 -655486
553405 -144571
81798 -331277
677789 950216
-830315 -525798
-908934 -901912
-216946 892032
605171 749471
-137962 -153437
942992 -566223
-962912 -763438
577078 -804771
-799990 -775946
83443 -149179
889033 -284495
970940 459494
-396546 -676646
-884039 246203
233913 -810699
-807652 420036
-685998 -764749
407973 -241518
-599913 -468954
944498 -909466
-761863 -444551
-748386 -408725
282892 -780923
-621326 -39627
-979457 -370258
-39776 316743
-713636 -63071
-907147 -846537
-771468 -110442
-40756 453895
-190761 591064
-656106 177594
-649499 -539335
-851265 161775
747432 -813552
-37309 926015
-541688 662500
-700473 -775534
826538 37491
357935 836259
-125181 688863
879219 559932
393445 149944
962859 -468214
-292247 281327
575546 -996806
-204369 637152
485969 939234
863160 782606
-253663 -363846
-969710 827196
-552471 750182
210682 406338
716035 829992
-455927 -432049
652929 -427675
-267709 -890935
917555 963446
-317652 23611
136027 673301
280325 310009
-942410 358530
27294 835464
-403126 -763798
213533 158507
988196 -837760
-378982 -842901
827503 -127915
488210 -92692
358088 277782
184019 -350217
831620 456605
-303723 935358
63461 -623220
-351816 659558
266117 681338
-74382 -304200
927651 -511161
-763652 -606291
895931 243027
12919 265013
297542 -40859
600183 -731955
-981527 728120
-260867 157026
-21478 -888638
-267260 -918125
-182350 213380
454126 -871064
361002 256950
143304 -863402
-965618 -531796
779262 -319042
-483701 -731281
-678252 -522143
-617406 818217
-501673 71462
-320760 -740460
-639767 70238
-342621 111573
-895514 655813
668475 -398863
749127 -404541
-524503 573442
-641868 -232829
-49379 839451
26972 -505104
353468 -478399
-219917 -86168
-498966 928692
104058 746330
63744 341685
-35906 -458568
-828758 -990711
-397598 -961652
-260706 552991
-205967 957270
93566 710306
-894324 -562682
-450167 556709
-403767 146114
577808 -508222
-828553 471780
-726995 -74859
-404565 754876
-497487 688093
-243556 -670200
793204 -734484
-546749 -469227
285013 12330
-666396 480307
-154496 -48004
-881109 338985
16973 791537
-612076 -187980
499002 -121102
-941221 508928
408568 764367
-991092 -660781
224574 243635
352304 -336435
-128411 944276
-787444 450209
58325 -390263
-878890 -934983
428369 509734
-292854 656745
219272 733402
418718 -873763
207104 -696139
915404 220912
300617 893367
-162 166925
552245 303166
-925169 166936
-802119 -154645
255265 -377887
-474911 450052
-518836 -763793
-360395 862486
-553312 -144009
-828492 817138
719668 -548333
-142829 -855142
938206 277582
-581818 -26478
-612421 547744
-50972 -40240
-726037 451320
-444354 356922
499953 -33834
-874958 616068
992678 304569
194199 -360138
-546095 -643615
-487041 893248
922888 -837701
349312 372511
-877038 859582
-107190 278518
969360 284045
614410 -967828
-669397 -130387
-304879 -898754
-501145 141235
968403 -501064
-530750 172527
112596 -701005
133427 -927830
-196384 -458182
-338884 -143702
983486 545332
-859752 669298
-606616 706227
-756965 106802
228644 174666
-26727 884284
379786 -463140
58494 553389
-330759 322585
962242 483527
793806 493804
533161 -648749
-25610 -289371
-137857 -846871
-759215 782458
618367 109766
927793 469691
-760547 -316890
-703464 357485
608985 -971236
-974915 -88239
580924 -224316
900227 761872
-812865 -111937
502516 -935389
62050 -52141
448742 -91485
874645 965861
-729360 -857327
583842 -697918
-903868 -965455
-294112 133968
-732401 41798
-704807 682367
-543269 -813803
-591152 -50101
-134358 -554295
-520924 426950
-538017 -42463
-457774 -912813
-758132 704532
-126460 354096
-197589 791496
661444 -736170
15412 -66036
-69521 579784
272627 -754194
-780863 369955
655652 469075
-385022 -495975
457775 -166196
165509 590333
71592 -154330
-717756 545628
741790 138784
-729426 -108244
505578 -288787
-353516 -42904
-254426 -695085
-935274 713975
-882084 -765030
-912574 668025
-562677 -667210
-238207 443067
488479 -490794
6359 912316
465309 -255587
-804762 -484217
842614 -651246
-274659 365670
695244 803559
-104833 685839
-787285 406600
-643666 708714
919606 -429994
-68760 -521347
-516182 -746441
35125 -241673
346114 -842579
-173418 27204
943595 367572
-986352 -996007
-691721 -404231
416661 463118
815210 454051
-853601 -660585
-881184 -829029
859289 799418
-574719 -768338
403428 806605
-198605 -523109
-797187 469579
-828893 -528264
-994357 351172
237702 28079
44789 -167333
-939472 -476634
531491 -939697
-827231 883056
-814446 -402436
289693 -434381
699795 -545307
612331 730545
285496 186631
-789130 -407689
-523326 -340746
-368863 -549628
491032 -791212
181518 -709364
-186032 -473709
430825 -881676
294830 -198617
-419276 812892
-313513 451269
-898985 773270
-180229 918229
-987606 757296
-900272 -33127
-519796 -501413
200474 -266913
649239 96703
274051 517778
-215888 -614996
-874777 -62787
861868 401088
310984 545017
622947 644432
4997 512678
117735 -4596
-724801 46547
-661614 -997564
602838 -653329
459334 737446
570747 99355
804198 14027
-54338 663070
639370 -85998
-784753 -3725
242549 -844761
-404958 -360057
146174 410432
-419014 -264357
170334 -554009
-829095 80526
-354706 -904839
833209 978597
3127 -812930
462245 -343648
716967 965917
489164 306366
963638 98496
-113646 38417
417931 219218
-625930 -329245
-766871 -991770
529600 -561186
-157751 -452449
929617 -828781
-699791 655351
-119450 -154192
-493636 697932
579905 -664967
-632605 241518
-685280 -490736
-865930 -450972
784640 159061
-538269 671289
-974020 -777239
-77765 549606
72247 180230
756983 672263
660927 -503561
-806005 -907577
-959604 728622
517551 427000
-699175 703071
-512906 996317
-149269 56807
981611 -554927
-165777 58103
528061 -76061
-536690 442405
-582453 872538
765759 103475
487051 580325
-46002 955614
-61726 247597
-482254 -855208
-452694 -443547
959718 266555
-933911 238286
-700447 -148911
-100396 -645618
982544 902085
-716478 156488
419898 -76967
226569 413034
-80160 -570032
-716273 762938
367669 715425
-289468 -307339
-396060 340200
-672502 -876235
-476492 -590555
822467 201877
-1698 38918
-199453 782447
177217 -570018
388687 -803694
-67733 -688559
627820 959815
353526 -537362
580857 -55857
-536837 -798606
713493 286167
-614967 425484
997710 -456432
-465467 -231002
-299979 338536
307911 -189008
605922 -42922
-972034 -81656
218692 -392741
-55728 -702353
424714 -75477
698577 160933
544715 59198
-553891 268873
563440 -644610
268070 152097
-6492 496015
960307 -3173
441778 -379978
-465661 -327588
-891984 382253
22027 -581202
93885 513580
-470835 -751737
761732 -370689
578322 -561047
-926756 137071
429383 460441
-836384 372799
-955190 -335228
300865 942264
83855 908173
249447 -867810
131624 -823748
-527324 -181645
-210969 145100
-554337 251047
-660664 782688
852380 -755093
415882 388062
-330081 -952392
836364 -380700
438015 341076
682616 96778
725484 234911
861122 217380
185461 -106150
338409 193167
99554 -518269
-67613 505138
-863694 188256
-957772 -213547
412934 912298
960738 748832
496956 996003
939660 -445291
-453968 -154014
581627 -354980
-66299 -384276
-997074 -87408
91481 -550521
-455462 205078
352598 -822424
198403 653601
224186 486981
375396 129798
714788 -819685
730936 -131404
-283308 843350
-655519 833259
-383394 -819376
903459 -176118
264681 858961
488255 476274
-602933 862934
24432 459059
549466 200036
-867272 6327
-467034 803517
265970 -797002
967408 -246219
509074 -785454
-443798 990846
146645 441685
-665537 -431994
4673 276334
739097 601873
474640 317297
-236067 503908
-222451 462824
-69751 -117900
-47929 -800738
-893967 337272
855918 814757
454184 352148
-371328 -342116
-869270 50022
953520 -161508
852406 -917894
-140505 -868061
-47714 233969
-62755 -646052
63361 -913764
782077 -929378
623357 -836127
809158 -664537
769578 -419079
165996 868475
-123863 -454843
-387276 911861
872489 -258242
361104 923137
-172731 -599313
512857 -966132
81919 -933193
756821 -806490
-934303 -757859
687886 619927
-104212 -620747
639351 -637352
402846 -41322
90111 546051
696490 -6726
-560432 -225095
-746869 -903209
-815750 723946
-553179 752145
-462915 397684
461412 -47978
-318026 10350
-553757 -390794
960243 302149
-725827 783911
426580 356925
-803652 -304420
705584 -679266
-264205 361640
-427904 -475328
418827 -372551
241043 881184
751672 714604
703092 773366
569823 429271
-114579 -589698
504871 -895452
-312447 362790
-738503 -69402
-954810 103567
697786 -31643
121482 699884
-666820 -417660
-639776 988149
901446 103511
844022 -140123
-508041 -538287
989324 948962
57399 387423
-157482 -796674
686949 -261566
-892301 181598
-350844 190878
891123 -949587
-963855 669825
-776888 -390880
-30154 -484907
-871465 269939
154614 318190
761199 91443
-218225 222264
-713353 55973
-149503 -376502
519145 202050
684490 -978323
733900 426815
-108711 177329
-819616 -359426
-523601 -208764
-576541 -278765
858798 -615091
-370006 -597764
-842222 382319
-649870 199941
726266 534880
655327 -220053
-935419 -912063
-698557 -932473
89595 -167550
-331263 -465614
-129366 747535
245084 532632
933043 770882
694955 399970
-611339 895025
-654779 977750
-231778 161504
548615 185828
-335747 491436
-195950 -559781
859663 -763768
-118632 33062
-84274 452217
492684 668227
-159802 32811
-183413 751458
-956036 10914
814926 724737
896039 -801856
-102452 -130919
-606187 360105
-451738 35681
904513 330151
-934809 -400373
96218 -599338
956178 631725
-425435 -150508
519780 -799418
-343984 448324
-923063 522655
95832 603878
938482 223576
-989693 -698197
700448 701050
44217 -64850
698589 -811126
898629 735764
237995 -351016
497877 248181
-966255 880232
496466 338129
-87005 -863019
-344948 61810
-638937 -943209
795177 279947
-409122 957814
-593744 -579904
-347036 -302803
411375 688837
31310 -441184
-950014 -748294
755055 238067
60577 727409
608845 -951334
398420 -931445
-102271 141586
-166571 563780
-809089 687796
-897502 741813
304152 684482
-905012 782468
572945 -34082
703775 175140
312118 42483
-625289 934029
-885960 -982450
550747 -923080
-510247 739788
-841056 365760
-350848 858858
760257 -669213
-503406 -671511
-147005 296847
-165143 891150
-103555 -616657
501445 -903366
-382732 -350030
-532608 -611325
-124230 -507876
329231 863237
503298 -737409
999456 -84397
541797 -721605
-506426 -45622
-286202 115958
706304 160102
-336219 -771372
-578421 72891
934691 728581
-683764 625932
914171 -237267
742103 -309211
296027 636865
601913 -98425
703142 -563195
672734 -854074
530975 -804744
-848549 -997695
-845997 -195697
429662 987961
243625 -350460
-195700 730762
772861 445551
459100 694927
723250 521502
-91451 -76747
777331 -783090
-315845 348530
991021 663914
-403255 883452
-845406 595202
965544 -200759
468835 -556982
-770515 -778208
711746 -935714
159352 -165154
719295 -667150
-543584 611615
-407930 -771273
-782216 -404757
797718 586124
-670851 -122990
679108 -625832
142009 -368589
925541 462594
-434718 202267
622675 -595903
-684477 -998551
56894 -93302
202919 -970115
-183373 715246
527320 529389
-880802 64835
-646989 597209
-548319 -982686
-109920 677649
807825 953343
-419351 375140
108232 -867770
-130575 358157
697507 957549
84964 448792
143373 -319836
-647837 77883
257942 -653492
-299349 -51615
976245 816554
-374298 841909
-801792 -157599
-654612 -988440
-26029 -230457
939774 -901930
257485 -897949
-731786 -900650
-358305 -685808
131822 696338
-19499 -758111
-495173 -831586
-610276 -271355
-143139 572211
-139148 -778560
109899 8455
-279565 183090
727557 -923359
947401 721825
-487816 898711
818431 633884
593766 944700
-581664 -829437
273105 -306323
24095 306056
551182 -38705
-896083 937536
491613 206471
-440139 -677629
277432 210234
822740 -741533
33026 772919
-995780 -140275
316739 -467452
-205143 494505
-776067 282479
-95235 276921
-92650 526428
685069 -236530
-462740 231880
361168 133348
-660401 735041
-59634 371636
-339082 -518005
88581 332461
931609 -724074
857936 -191402
-471445 -716832
993348 -956834
950796 -26257
-509384 302966
988424 -544531
355645 -26993
7627 456605
552822 -295596
-935265 -716421
292709 -735135
165208 683559
-863654 -371929
-871938 525093
-317433 -117526
111669 -59994
-963105 -522128
-180231 350069
800675 300040
-478901 960562
375298 735020
-865620 162992
91173 -995889
463532 -451845
-240971 934490
427440 -885142
-835605 -689274
-534705 807393
-984438 -12892
680127 -110294
722248 -863658
-377808 -8334
12165 662324
-940450 581944
45295 874032
-188836 250600
398393 -449483
-684320 698757
-592306 448205
-514668 531040
-452561 310716
-258085 -633294
76624 871362
596931 -385315
-798589 -417049
-366396 240895
-624889 317430
979749 -268312
243500 230394
-4124 846484
-394998 120529
-820686 -554010
701809 -686088
118401 -213303
-502010 -160349
960712 -715674
186345 422656
-924196 163169
642382 -128517
-997604 495113
-485091 383034
513938 271777
-690535 868648
-581431 -336870
-497194 -507821
-327451 784813
-615989 825766
996023 948616
76991 574165
-841547 -133963
349255 877567
517431 -501056
30306 897462
168371 862812
794549 195960
-463483 -208737
457365 -442497
269616 -194995
896819 -93358
-561559 619895
-462241 -616502
-794712 -979842
378627 40980
286831 -844149
425658 196364
-859977 -390165
-435144 773689
645478 -744195
-905404 -125035
-644314 -241254
-204272 971467
698700 -994760
49648 116912
-5655 -751906
-541650 881432
-961228 -834128
-887109 -660971
-893882 -963774
-943217 250188
-954878 494057
11362 722254
-317192 -798635
52505 -259001
-664738 69394
-506378 37064
961378 -756405
720411 887828
482707 679534
189339 -727735
909388 -185977
-288120 -93981
230643 942175
98691 104962
-486854 7211
461304 -467561
-884887 -346054
-352654 -387367
101036 640375
361508 102833
86336 400957
-797082 -614450
232091 88266
897403 -224931
-71770 443251
-297119 -135420
345026 996327
-366035 936165
-174565 531326
296597 -690831
-216365 -181481
-931995 -603850
642503 -431049
583375 363422
727598 544501
-999256 174591
189157 -794024
-390334 278339
933858 600398
-757383 365151
197976 -56591
-753656 -685671
-181845 -859847
-123121 -253932
-401543 730625
-187234 568110
-472724 -422867
312340 -801721
745498 -596523
-727979 638273
-192355 834998
-561570 -414918
822702 -43115
443618 529930
-6994 145940
-771632 -612145
255535 661454
139760 265131
-294734 553022
966989 -834355
-367667 -167733
-606792 253057
755700 -578906
-500023 361369
-368014 -321169
-647316 752239
753132 863049
-896354 618947
-874388 -197221
-709648 689042
-518282 105476
-142754 -883641
-659904 285713
-121513 412379
-188887 370142
783457 953397
-567039 -528300
256384 -756479
500390 -920436
-60519 353192
-367834 677413
297307 -854599
-450436 -39691
789277 508360
216614 452348
214018 31813
155826 207556
452662 267980
-493389 292271
317428 940479
820891 -272409
995038 -431317
-296107 272495
-359843 -659141
-247251 -793476
-48455 756655
646301 -470801
-673311 593253
191156 -227937
691106 996246
387776 -505118
-949882 284187
389013 953899
-853050 150255
205180 449761
148137 291162
-251331 30658
749883 83105
364438 -698356
-953020 164638
-255332 106773
228900 -803609
-567959 677502
-655613 912509
-336362 890122
-973798 -419298
61415 477839
660073 716433
503894 454667
-364647 -610033
-419747 -599289
-721941 125250
-94395 541903
-981824 330452
381291 -718311
-862369 -776890
-964465 -17934
-49209 35591
-603955 889874
-250580 -342924
-460211 490356
302156 -651840
537768 -28331
-547572 119930
-402812 -541280
298130 -521811
57814 -978915
73014 614355
-431680 -251814
-719074 -839177
-894928 91388
-509337 701067
433732 742426
-38294 679779
-698265 725635
95140 -350935
-641045 -442626
687999 -511408
-965645 -706169
-897113 -853802
-903845 -648723
615201 256787
938382 801346
-356726 794489
197894 440920
-480221 254338
-448474 74615
542965 -914392
946395 -976422
39819 -350982
135043 -39921
908989 129099
-768706 -240424
926106 178793
66029 40080
-442043 -272323
678714 -891772
-788611 -459424
-393045 114878
128615 -767963
-864702 -198260
-269225 -735434
-538142 246126
-261764 -692187
-389901 564204
-914869 -924795
714553 -528586
766142 926041
841536 464473
903687 512929
-226856 782920
-425021 303856
-977892 -754879
276002 -472157
-939446 829835
-825686 -294482
-526149 961732
328357 464877
438595 718610
813815 -335065
-736264 453115
159721 -437379
-117313 44013
856451 -521336
-389017 -325485
352804 953856
714718 -856868
-97144 -390041
-67687 27182
90851 -388561
622099 271640
-665290 139665
991069 521985
-474728 -101911
-327544 452379
-246974 -857133
262512 -555016
-902677 -387530
-242848 146507
393772 230417
685241 -565559
-380461 737714
-111248 -730088
22617 891273
-962765 -697009
-735839 770631
-433367 -180891
401336 -227521
-93331 -343799
-176715 -586007
898079 -442685
-496802 40142
71307 442982
655093 -961783
923228 19552
373040 483417
-796886 156766
-490202 -633663
-483115 -220413
-664048 30819
771485 -830071
-535831 -519642
910320 -455817
897993 362681
-184805 -431810
-66702 470362
296288 -26874
-597456 603926
-65321 948414
748609 -750388
109248 -671463
201895 948644
-289179 -351125
180040 -491706
326424 -137673
208237 906815
-44687 -331555
105651 -957597
-224935 -288626
340333 860715
842163 -126859
-630323 316681
-644340 -213236
-844803 5846
459545 548075
-512927 -304166
-635002 -333457
630811 -429164
-638061 817782
673871 627176
-634188 -729180
219937 967861
475860 148091
92517 654584
-301983 -790369
-855640 961178
647968 304776
697477 702845
-120018 623768
970295 -587902
-738970 -791577
319879 754525
891580 -914208
-460300 374026
-898502 938883
-365975 -324962
-782449 -246845
-705732 -379765
-900967 -713631
-768844 -861037
68806 328219
550671 638260
660841 440181
565652 688383
101658 -42469
56710 525044
647295 -336403
-665010 990112
-115885 802017
-18428 606190
-126239 -555233
-167773 331590
282539 -460138
939168 -969810
742276 -323235
407449 -916090
-630246 451941
-505594 942657
-765902 707288
80785 299186
-459491 568593
245431 -109880
-754972 -586911
896199 -179185
-178350 -98706
601869 166496
-165279 528534
-855658 -934409
577017 -361086
18355 824731
320493 462152
692061 871663
-201082 -861422
897529 -526165
782885 702394
928595 821891
-222734 845944
-666163 -87520
-530711 179195
-876198 696730
732977 377971
-43195 -720081
387770 -81968
-773080 -878040
374057 -716300
-555402 3268
183592 342542
716595 350290
517860 974496
-268332 -335344
281344 -974624
594819 -72080
-817570 -163808
-980781 -355491
56418 -541036
-175074 578597
-752155 80068
-168259 -965693
929589 164305
-418393 -454776
-74236 145112
-776669 291956
794973 399563
964745 57899
801261 -472583
645375 942403
-265452 872900
125892 267732
-274642 -497775
-622859 508445
-669593 -566725
-676081 -911401
-425954 685486
887700 -55880
441192 -42105
609541 -352498
-762334 230830
437293 79786
-799419 -311850
726947 899873
-328060 835870
24636 819934
-675121 152802
-186876 -444328
-441147 -84709
-84786 -163157
-415112 -697859
-230537 -201227
270737 843141
-377290 865012
602064 52031
292654 -626430
266933 318108
-568535 -354731
840229 147286
-851658 940559
404697 426234
-961005 -571165
-799162 528037
764092 -460065
10464 -468494
-991820 -387022
-554228 -171237
735074 773806
-148433 806330
-515444 893432
-201402 869101
-48214 841730
-641295 -646844
720048 -326565
90433 -565805
544907 579638
-644109 135550
-70169 -66028
-966696 499717
855594 776489
506493 564718
319022 180683
-941432 872703
-133533 -36117
439755 -309686
-682992 6929
97601 607541
749047 656379
851251 -542738
537902 49654
804863 410204
-242181 718462
-19993 -641147
680847 983495
-439263 -64523
955895 -454119
160378 972520
80139 -507895
395215 818023
601459 -467766
820843 495940
858731 624611
661848 331676
704300 -31575
-508564 -143135
974460 866320
-986813 -785456
-954353 -609653
556263 -432191
-651001 652309
237991 270908
884683 -360864
77060 636295
-125039 451097
-289301 853172
668434 200635
904209 633238
221617 322921
274344 266334
658450 -338966
552236 -811298
149455 -606564
-27862 -178583
245099 92308
867692 -409448
-776016 -296999
19272 -462970
-322587 889697
615951 -703286
-296682 -91527
-404986 108907
-478945 -328194
811553 -33013
-203514 -48206
-534104 -945421
-884458 -637187
-964826 717851
-121710 -160837
233161 -866009
762513 -575247
875379 46470
251756 -535390
-190640 -960959
82475 -524215
94504 -172513
305918 780262
582000 -776626
172158 -819678
498669 15462
777090 -771505
746614 -936151
949852 586319
254682 698790
-163938 768450
394827 433695
6231 -966906
645008 324217
914456 -547818
-840533 -243120
571263 -590254
280770 469746
307690 643358
-890222 -397603
583878 726601
759570 -612029
-472646 -607036
290644 732213
-999045 -206762
621006 -650480
-534435 384069
610924 147660
66096 903468
-881912 -947554
57734 928344
-309616 -857878
-40784 25118
141598 -410632
695552 -262478
-936017 785738
441569 -465191
621071 225797
-738016 -851659
447860 12931
-808295 318996
-528868 43558
-61531 227404
-868684 -274429
-68486 788859
-669248 -141667
633163 -740959
236684 342640
657701 107952
652484 -472023
723240 -265114
564132 609935
-913024 -62673
160202 -342760
-71763 -843979
-760245 -551930
802887 -307646
