5000
-143391 -133852
-763181 384801
-374575 456191
-588334 -642924
984512 38918
-542934 906566
953788 892439
-113844 363843
637967 -256127
996478 -383681
168737 -907815
155881 800910
589433 -523410
-580878 70856
766457 -34428
-728108 907591
-594609 -693155
18075 527116
-185074 363705
-373929 452233
938072 -599694
-968615 -648731
-499753 -149665
-637779 853776
311667 -563799
906631 459985
365784 69425
684678 -752297
777760 -700977
502727 816751
449524 646328
-300071 123886
946039 -612186
-622391 185457
-246995 -62735
-733856 500595
-80567 -357207
836449 668022
903801 67710
503890 227319
-65431 612000
-432659 99332
715127 264213
498485 -322252
495540 -353856
-910250 365884
-343240 -295441
-261515 464700
600798 -777943
-812968 -821274
-429384 341561
565686 218737
-742501 -102946
513841 270920
525429 -864294
-525421 -450808
908574 -856017
-142902 213608
149337 602224
72325 147267
892784 -300620
294922 -992052
693274 100037
-786732 668881
-364957 743970
324221 -488828
92224 208544
465859 737273
-863302 -244665
-834820 394926
-23989 -482592
336731 -515609
889682 617875
-209905 -670008
410114 -621831
139431 351357
5915 -444112
257048 783511
973015 -926324
730006 311085
437202 -235550
152206 -176584
772447 -995840
-322980 -977929
-808754 892464
380569 -839
431958 -466111
51762 605855
-827571 547393
-452084 -542200
90731 -392403
-524060 -619289
-325873 -943598
663372 -726566
642420 123339
-318978 -469150
407735 25044
641180 349082
326689 800600
-112120 77269
-530068 -314089
433106 972553
471177 766493
371469 75148
-28693 287036
-727878 -701093
613218 200941
166303 361579
749721 116321
569701 -832230
685859 747761
908797 329185
299389 883934
-605868 -953640
-489899 797379
-732043 -176851
495700 279395
56921 757181
157358 324187
-105011 -573293
844119 850102
141530 -472306
-594617 -744428
467106 -432564
-928903 701341
60338 -397780
-972495 -718617
68429 -677097
-81546 -283156
-463491 -173281
-237312 130491
-841889 -205521
-159728 280789
516629 668517
-571785 693684
-456129 -92529
-569069 -617380
353532 809687
62342 262448
-375094 -883059
85328 -116105
-361077 -623184
-175883 481953
205538 -538221
-544782 -106099
-136851 512809
180840 -76647
557995 -407571
122982 504774
909980 375074
-596649 -695034
727171 -305087
-2568 -83963
-718694 417852
996730 789807
83846 -287554
-407812 931908
748321 -458375
-783435 897338
-168404 231259
50268 161742
571495 190175
-987587 117342
418461 656312
-47870 247102
-252589 32961
-159097 452288
278863 -514692
252168 374252
910886 -686676
-612219 -123893
-137956 -102820
813985 116087
-602517 538197
31032 808572
354201 312817
809086 -503585
118117 -790953
318932 -342599
376195 -172315
738960 283430
-700970 -89637
-766478 577580
424102 895912
652515 158867
382165 -634529
-387348 816642
162108 559259
907233 -918653
141125 793326
-398152 -770851
591479 725890
-161693 185861
938885 874767
450122 42724
953281 -733666
381393 927686
423122 539589
728007 -923118
-551458 128486
-543921 -264910
-7188 -959269
-732344 -112759
-546272 34091
-935122 -780837
757322 228231
560383 -488957
112781 -780125
-755696 -112596
302559 795690
962586 402754
-478522 -644618
361378 358871
-992401 -421096
-174682 145026
487164 580438
-752388 868674
-494655 -390951
-194378 -987875
-291613 294360
-921766 -150746
975751 403232
950580 -260280
-222912 -584512
-676580 890433
-725728 73503
-273167 -701570
-212797 750806
-922218 419657
-942311 243218
411461 15119
-794729 802910
-593615 -714511
402300 -880185
485891 -456678
-348947 -299911
658104 486893
-391660 -524952
-910376 -706233
666553 65493
-367538 547724
295931 157095
-401446 -868726
578852 5328
-506528 -101732
-971705 -434035
501276 999211
-467758 458392
227542 -239987
-647725 880320
-948182 472412
26261 -748622
-417800 -695178
-951055 -205824
716888 563978
961404 787582
240340 458810
715895 -365259
-886753 -354884
267723 812294
963214 591863
-855273 -59213
-970805 -884717
-917870 382985
388788 -606871
-14122 -331691
-675805 100741
-430758 -998560
55540 -291257
494240 -323359
706679 -366867
-963729 810104
-482814 246
719997 359320
-776293 -153066
-703257 815116
-216740 -643426
-396612 394490
784737 169754
-464120 -708293
-923749 271651
803934 372074
274248 -821276
523326 -965925
761930 -716085
544268 -966112
-722080 -277256
-767019 926156
-24616 -22290
-724529 -353511
17491 18485
-460437 512315
168816 87271
416847 -309199
-161365 -744747
-744954 -781497
245346 505502
-249044 979352
-878667 -918735
-296849 161726
-827776 -767300
933793 223366
-463266 -677874
400760 266278
-586077 -47848
369881 361245
61889 -810724
-653476 845860
399424 -83435
-341050 -643330
621524 382666
365125 -220324
-868107 355587
113830 996790
-743895 -693734
-381883 511414
949545 890875
-281533 256987
-344337 -960773
985614 21450
-751 -948561
930633 -895392
-577043 -977581
-191420 -166179
119552 390703
565051 -515198
994084 -449055
290911 671481
510428 -908144
-916846 -334547
-145175 -928537
-413188 547287
-619408 666081
929182 -415420
179907 -889912
198617 88142
-721132 -381805
-862394 -581837
-500901 198209
587254 247201
544525 756662
-844634 -824012
948088 449816
471784 991857
-265413 929243
-155098 -518437
528180 971105
422518 -508247
182369 -203980
-650818 761730
105619 705724
-171382 -45172
142011 654980
-757240 677080
-931689 386792
-894023 -433651
-409259 755480
402288 936620
-179977 -371642
679724 833327
447660 741356
-482934 880411
202856 182581
373376 680772
312012 24943
553141 -839569
-121475 703047
-649918 628708
-767640 247494
352344 -698460
-172693 -338969
-513403 302073
429710 482710
294252 -846945
807432 906825
935360 -484331
-528292 -661220
3121 -406298
-398505 -440498
624589 298767
-113950 569845
-511230 595915
-612263 -21699
-939059 -30418
155162 -985696
664565 39540
691096 510125
35198 117906
-591056 -368094
898286 -141426
-187035 504452
627601 -696416
861522 573064
742186 69380
713741 653612
-414803 -998291
589325 -236715
679317 -563883
-167468 557183
726084 -29522
-50054 987777
606713 779719
575525 -908048
-411171 193149
-92444 -778935
-594171 461678
-683441 728956
-523272 196033
-341990 -958400
473874 140262
-543402 348692
-265479 533119
-73022 -171081
619390 -141074
-113004 259120
538391 548317
738379 318914
-880224 978058
-6571 179590
681720 -590267
-730008 341347
475143 -671428
-407356 984667
-106374 817946
357580 22723
726629 -449589
-134413 -350565
624838 103985
331399 -87473
-331323 959863
713308 726542
-185967 -816642
-557773 -258313
896961 -298118
-594827 529731
-687005 979179
-637330 366482
-664701 -354875
-86481 -616457
-666655 673894
623185 772405
-839309 -873548
281294 -72742
-499653 976731
-560747 -622965
-817989 -640559
-196807 364475
-232605 -10622
-310823 995989
593056 471634
411937 -82206
-558232 233455
354364 625542
-29227 -51078
363616 25461
-499114 301203
-210588 -956145
-20281 143343
388185 343028
557963 370900
943453 426716
-803365 556122
-716310 -228900
-115217 -390814
-211763 110055
-220086 -193733
-706848 -837642
592103 936325
-205021 648995
-606646 405240
504413 194183
-113862 35033
529238 -79071
-255973 -276368
304795 -825641
-718123 751811
505507 -241797
731990 825974
-276560 902243
432074 -748301
873489 -308719
-148484 460113
777666 -823546
922282 -949129
888691 -642292
180818 -714242
317883 644690
-540772 -551279
823852 -301481
-769918 -673063
808393 637331
835659 719991
-277960 -917566
744779 860218
37055 -88731
-402843 -179356
-381027 -821201
-902643 -392819
-321850 153461
-326530 974892
-135819 -58751
658527 -255902
943411 -193091
-704078 851623
-829518 153487
-959683 -685340
996736 -412005
-287723 -922141
-134164 -632775
-791500 -617993
-298291 -545873
-689269 991228
-484251 -791572
953946 86759
-58972 511804
212414 -948373
-503672 238139
-307095 -220866
268869 212445
-837918 -907736
-469588 142283
530988 -676374
-553638 535262
-921193 -735901
71675 550549
-373788 -858856
800971 153795
-638177 -431367
-981704 -693358
213848 472393
927527 384646
777749 -273375
552548 253417
33431 323427
474036 -659135
852909 -5579
-571066 -613208
497079 715152
359068 50834
-805100 392773
947046 -800267
308907 262685
598523 246250
-853961 242607
-976773 160700
-343295 819438
-193246 -395114
418335 542037
464708 -753389
483218 68291
-148576 -931609
18916 -205047
-648424 814348
88743 725170
130854 -464522
-462835 763737
819313 600367
-19981 -46680
-451036 324815
986372 59277
-739827 -448777
636005 431963
90683 374453
-633171 277572
114200 717664
500635 620200
-953539 605088
-806078 935195
426454 199235
-256898 -672740
642894 -646304
954900 -633223
-958042 -850460
-539256 -178369
581841 -177518
-937805 836058
-175759 857221
267388 -632916
-607761 -132210
664167 263240
-271584 185974
-674204 -199778
495681 395075
767159 -359443
-179430 -440008
-820931 494572
117252 60766
89505 921401
530158 193917
341971 51075
-74084 288680
-892324 -909873
-607009 -484166
-130599 6831
-504320 -695536
114302 995380
886351 -881663
-745912 490727
-43413 -546272
-857488 946342
-718685 261163
-990845 -365973
-90614 -478269
-796888 -327713
-771087 -345977
-229067 238818
987809 -332031
558735 316898
247871 -737808
-818244 -238705
707114 11016
326343 -547629
-891221 -749568
7312 782946
-756169 -153615
844355 429795
449892 -402854
-372241 776595
-44090 -103869
-212791 521925
-400894 820138
-166178 -388019
-592500 20863
339522 -257152
-239362 -876128
-82750 24055
-47929 -399286
-888334 189733
687976 533980
-950777 -859617
137380 -177272
-61686 -796537
-831111 613800
-100862 156534
-911530 -745451
-570950 -885443
719769 -219965
134512 -306454
383531 907168
618966 -172010
-336115 -402836
-168870 -455965
34281 -713215
846319 306251
-307707 946663
814882 313590
-89981 252840
596960 963035
-653445 50813
325875 -129126
355598 291185
-920682 -821358
446014 -88646
52996 632231
-800684 328054
-33569 -911660
-579366 -683523
-229182 88074
-277800 -759865
-397080 578150
-820627 642084
-117275 699761
93957 11041
658202 -848479
-467780 28946
152611 -274992
796439 873523
606034 771175
803229 -961306
107382 -262374
-334627 522782
547638 -613136
221757 -730455
-757647 357031
-267686 -960614
971457 -622770
423898 214921
-244222 487840
-934145 -485037
-741923 -833356
395437 517128
426829 11970
681716 -159822
-833932 243254
145904 -21343
-282646 161670
-591282 -374277
-218492 -128618
-809087 177055
645082 -736120
196428 564230
791977 -159392
458696 741879
10609 -357826
397362 -783182
-809582 -188998
773398 83971
605368 197507
-758589 -583845
-925079 793683
472234 -744354
4237 -165509
-587434 214922
-743208 486790
497311 -551219
714017 812243
-698115 -750815
-950806 -709754
574477 392624
-77710 767961
274302 -317037
-484010 520823
-33327 -367662
486040 -700086
-434411 522541
-602757 716530
31344 786482
703498 420241
809247 -762635
-826854 -269310
-41452 -514777
-181468 -441118
626388 -932481
-898077 -361156
892453 223303
-602375 563461
345844 -754480
-545771 -324324
-901645 -607521
699893 -117602
189900 671518
967608 -569670
302006 -570005
-260263 210323
-516394 218951
567087 479486
-147314 367222
829601 -890742
586650 669413
627445 691392
-177388 534619
170569 -110198
-859590 -746743
-57730 -897145
37951 737975
-592162 -615978
-211212 429656
795680 661247
834932 -271783
-350246 990737
-661381 -358977
-981162 148024
836955 845926
18531 -307296
-559137 -922499
599247 -119650
540357 153096
135994 194011
846497 -969942
-72003 203070
-297864 255620
337366 -672418
192307 286334
294538 642921
-785075 54227
-248458 -365464
833107 -795196
202760 -761003
-828197 -23899
-970474 844985
267629 455148
766233 -496472
-451764 700253
-134905 -777599
809538 696206
472054 294306
869771 724335
-855734 -83776
-63215 839300
-496924 805435
663562 454505
140656 -515722
311078 -322965
756499 -31865
967383 975209
713895 645521
513438 -69981
-872363 730621
-905503 703230
790254 106234
757356 101378
-131200 926213
-114464 -337172
19445 727316
-999820 90892
401873 409589
-705838 -46961
681345 640419
336647 -751461
-31362 -88159
781748 664165
-339004 948737
136257 120918
-223878 -417911
-708707 -737505
646871 453644
-562795 -396235
928716 -722130
563678 -921605
952964 -230230
677978 -38239
-865121 -677184
-49017 -49841
509510 405260
572959 928027
-314583 -641575
-265712 -524513
371113 -346359
-363998 -183267
226826 636753
55569 -508979
-310833 916462
944723 612474
803582 -119368
144960 784576
-114757 87628
-222525 326308
798744 -655853
604414 -704465
77185 -410674
-392717 -30012
504297 -180864
187286 -683983
-191344 687181
688597 -428337
79902 -321327
702260 -635923
924006 -636502
674896 612929
-268247 -436867
-341191 -958625
203692 655799
92441 -925619
-816842 -751690
-133050 38485
-274894 -769772
-650997 309888
657632 947957
-870150 367193
491156 90143
-53122 421544
-812967 487610
454996 459657
-287444 254922
762647 26374
101656 -97527
-763490 -222219
955068 826595
-657002 -315937
-417895 -473493
405257 740106
-859347 -679057
-131720 377472
-62896 -691969
-488715 -446191
926251 -836563
-739608 387495
370158 987820
-193163 420184
-797787 -859156
-850188 543656
143803 365789
447063 887165
-114055 285972
-89630 317513
-743917 898335
399755 -27507
137964 -759084
-28577 984937
166795 698321
758429 -281839
-535406 -101503
365862 -498841
-200161 -285942
348849 -353658
-191939 38358
23473 -642361
212867 611529
-426726 659436
-752549 386803
247220 311306
-906874 -430266
-463776 -303210
485118 -134789
21917 455987
113185 -349813
776191 -84252
-20009 102130
205412 582215
248505 49656
20578 -943332
-233720 599461
-256888 -232600
-434857 -237750
-277197 -625272
-789582 770934
527909 449111
920558 983337
-957658 -153223
-719023 -79697
601457 -919354
70142 759506
927380 -324110
230223 675812
-227163 -825843
455418 308818
-948305 530587
267133 -132294
444437 646424
321414 171061
90701 173727
327028 -630029
381058 -487921
115167 380264
452971 210392
985429 688328
360852 247001
162280 362042
419224 -114826
-919154 -285361
860090 -137554
43587 498235
999202 -528854
-494970 -199279
-762270 493486
149905 -760151
833260 -142579
79195 -675931
594004 -504608
-555044 -458404
430935 691888
678099 -496293
-369288 -973312
293351 -286880
-615371 451511
-692801 -776456
817698 -186037
332254 789348
786595 -855022
947362 -334397
-217203 148430
226729 74371
-932773 -307760
-670044 78472
-197699 183238
-372113 259766
38746 274363
126793 350966
871800 -815701
-995570 251763
855269 -562102
841947 608372
-970461 -731614
-782339 -136851
-969516 -929556
-187544 -487274
-849523 499705
60667 704239
736348 375336
941847 -672978
-594237 -345403
129594 368973
-71021 681800
-299503 256630
843039 -310994
324507 -807151
-639599 -690319
536827 725738
-484472 99241
-14169 -867133
-311609 284664
-234363 196730
-238801 -197952
-538615 641859
-538630 645139
-665705 110173
621122 495414
-388756 -100565
-802392 -40287
-292093 -484471
-84698 249293
190859 -79002
-54795 -530620
-278898 99763
685718 242168
631045 -986305
-747163 -540219
434031 904070
-254384 767147
96387 400520
-968702 341053
77659 662339
158758 -708669
852504 -874325
-463308 483399
-302957 998993
823195 190275
-735371 -710962
24519 603156
-60480 -598268
-911742 -363195
439923 944027
-753872 -375743
195669 -908541
285466 -33046
941420 -65919
367997 589009
625312 459474
995666 -265460
625688 -729930
-675328 -848443
-232338 106103
-37637 -618079
184561 227302
-374433 530651
115953 3275
525654 695848
450531 -481348
325071 -146990
483687 -814337
-402703 936690
-861144 -850231
-58047 211984
881078 130177
-185509 -15520
377521 592588
-3482 -478118
-183578 -857175
535969 -818473
186445 672134
-483688 91680
-96154 -640653
-788970 273775
-583831 -581879
351427 275279
-143355 -219107
-835390 -793511
-757149 2769
-68549 -579198
-376772 442990
323184 180307
546018 547564
404338 -689412
840298 135126
440034 371165
-26984 -456152
-652395 709758
235651 -53868
318953 496719
93250 555720
998302 288936
194049 -988114
-368959 666886
431760 -812093
706862 407865
-98707 -461943
-529320 -91726
-238588 401771
-520931 -143625
856135 429045
543761 -403298
-898898 951806
577437 -34842
-359573 964440
798414 641626
-801583 -765074
84203 -577179
2288 481477
343484 400588
685283 -186154
-115267 405916
-941003 -765299
527051 761198
-232735 -291008
446589 -725120
-715553 -738505
990501 -523043
421097 -282289
-45639 -8655
716978 315151
-822366 35626
181561 352078
739993 508464
589635 416704
369486 954340
252136 -612421
-47992 -787439
-298586 -782234
-244079 -564676
282981 210377
-337178 881592
-610260 613150
101026 368251
620842 -298583
-890834 -875309
-933055 465555
464573 795612
382803 -692363
-419715 258869
-953948 -164146
-754298 -132561
-762760 496853
-655669 -742462
-722664 325146
-405559 -296614
769745 -384298
-557757 252194
-586750 -887446
-601998 -407759
-497214 603278
976045 661430
-620429 171491
845830 -651957
938929 -730621
-492715 -408315
-975163 -797646
965104 521277
713001 -975439
-882790 876887
349081 121908
377454 6166
-839958 131879
-493873 -23426
-745060 359303
-75726 85938
-220803 -489254
964942 -348007
-375101 293618
958081 263688
-161272 -663670
-865023 -422291
676954 -226510
537100 -608398
252377 230959
-224122 946244
-585404 960738
-954352 -788817
364928 -814109
454731 736609
381814 781674
-610698 -124720
369585 -991516
-717340 -532809
-346371 -832588
-338354 15336
515622 155218
147163 -531098
227246 4221
-497580 -150243
992466 -995381
477533 350520
308704 781813
123282 -865571
-759658 -250708
378012 -252530
859421 977879
825111 415397
126323 822952
145820 -152120
-743578 -99094
-455737 130271
-816232 -507885
656519 -458874
-816126 744253
-275527 -164920
983441 956147
-888980 -975574
902557 -527085
97314 -45721
-340505 -900510
333923 737004
-319287 6464
817380 922734
922117 -435717
-572367 -917890
851391 -190518
-900242 461667
191379 -267103
583233 -383216
-666149 287212
-858269 353018
988265 645906
-29101 -259791
94380 -874955
600441 -291936
-682075 156892
-265907 875746
162600 -982188
-937949 -812268
315295 413026
-902257 638894
-554001 -552876
-425073 -585789
-223064 659580
-770833 -724407
-349390 116934
-231556 -473009
-332748 714669
-51219 -421108
960785 -618156
493989 -104252
-430385 906648
-661604 555358
19729 -837270
-278715 303698
117883 -336942
840476 730284
-22870 -589666
-65870 -851354
-225284 439593
558089 -166093
-724160 -953988
-928947 467487
153826 -563082
651588 555522
289464 -805592
798240 -996448
-956076 -67399
-347240 -976584
950439 929339
366126 -284925
-413927 -63338
-734498 313212
-806256 986450
187624 719145
-204078 771203
-123148 -406869
50667 -774325
683743 833077
653271 -85886
-269797 14535
-664455 175693
-35486 -666085
-243450 -201464
-511518 -722269
551450 -691981
-363735 732692
592633 53839
-128082 695264
-785657 -218616
977846 -107117
-511479 486538
-604414 -331548
-560728 -379695
-382007 593979
205541 -996719
-358031 -764467
-801778 935170
338156 827177
-312756 -238168
361764 514972
-833943 416031
-707244 -340633
-889491 -369474
213668 -820390
229582 680124
-123146 25693
596314 -210187
484731 852745
-802099 300448
-787471 -178556
735309 -131755
-331095 -904810
-250328 -254130
-515143 802268
938453 981867
398376 824537
-427890 -143709
510898 807402
-21492 -326361
783067 -24207
-510007 291077
120502 -616079
519886 -663255
441887 -654866
599675 516964
886689 -861544
-963026 936417
594640 -148766
-671654 732983
188569 -473339
-615165 34522
-488214 745926
419552 320202
-978496 109717
-343558 700412
-471584 925848
-964935 -141718
891057 -301471
432317 -588449
-541596 171251
-110442 61536
-648029 -160637
574162 93313
985540 -496393
888675 407821
112748 738530
-892500 445637
-960046 112003
-375456 735220
-992582 -320946
-321404 247735
64753 -242165
819952 -685403
393907 193452
312254 -196051
54888 412276
11954 -37205
43641 -961663
-187833 -151309
-154696 396524
951055 -776912
887808 235076
920423 -587807
-868070 -999877
-325999 353194
-238951 717083
654662 216734
-755229 96664
-213303 373713
-75274 451587
-852051 -360899
-989609 485618
658818 -302412
420036 -334043
-277778 -287996
808331 862665
636427 303380
-29344 872120
-870803 -61811
-580562 302750
-156144 -875240
961321 765800
-941791 45622
184185 493955
217343 573536
604489 345860
630138 732735
-240893 -296839
-248590 743654
338669 854741
-853339 -343725
-952557 57158
-352296 -797874
421493 624435
-654425 275600
808758 -319045
-15398 768676
623100 -159451
-921441 -78889
-854984 -741457
44701 165173
-393789 403322
-687102 760776
-63235 141466
589760 -409347
-625783 604787
20917 -292721
717120 -652668
95329 333183
913930 -88482
-712910 -439130
568271 -116195
613487 -367892
-871889 600481
-755848 566954
-447415 63122
-842041 662551
-623991 801340
-562237 380268
723449 -133119
-961714 -17656
-453537 409887
250820 -479605
935130 -546990
-33662 -951656
-341756 780669
-480379 735130
-324064 -413678
-13139 134394
-473909 251804
659632 -541099
116518 -658845
-963294 -60033
638576 685902
720523 497998
-783842 -877572
33355 662027
-664026 -225757
633391 359178
399460 5157
92927 607065
85550 705335
-1834 -470496
692925 596841
629459 -638483
-734641 -543618
934611 -783697
-232986 -854447
133279 381863
974526 660529
-710965 276241
-29259 434145
665855 615014
363664 733096
514256 -999713
344934 -472914
68421 351830
877888 883594
-274714 306355
599062 -528935
139185 -515538
-78650 -687116
9514 -775547
-496726 298117
148335 -428525
-925519 -406795
415935 -714370
644261 259474
612545 -361332
-207396 594984
-925939 -552941
182813 -225597
-300330 -873002
457095 -944584
924632 -520190
296608 857784
398475 265904
-82156 -554472
-630592 266813
514436 -940623
-249360 -967864
-836140 -784163
404422 -914979
71075 304086
-281249 340413
682620 66194
525808 41018
544092 -48488
-457252 472836
912482 226736
470312 124822
838980 749203
-8106 -128689
-734803 834703
135589 179693
813793 866453
-535501 -7978
905489 423266
-980013 -329522
133902 990422
-579926 191955
-75337 -66286
414470 -203256
150666 -207248
787656 803188
-390161 715858
-853305 616535
-84193 -593809
-92451 793133
-723940 201232
223027 414664
644444 -569656
-371971 -507028
-183482 -488628
-291447 939045
693539 -727580
190555 -625093
-922034 705474
-865815 333385
-888305 -799586
-663197 70898
-701698 970808
207317 833772
986343 -789494
985108 534876
-621105 -371747
-586484 105859
-592673 -632139
920504 446454
796225 478434
968025 986956
756471 -171433
499480 507153
-945838 -74744
-935539 -542782
555096 -127038
-250136 -18558
442969 986454
201488 -28638
315063 -786272
-11394 319295
140112 -875263
752566 -256130
39925 763927
565406 -851652
961905 435674
-143112 -920441
847865 -618438
371971 500958
752726 175889
-687996 336116
470584 -473613
-982468 -723735
-626106 526423
-373636 549961
628862 268360
145237 -903519
-735612 184029
-274483 479769
387778 494555
709667 -822265
-654702 464066
-842709 129586
-301047 -265805
-758853 -112447
144126 -515247
-681939 -818472
559272 106617
-167868 394450
-884572 -852097
-139606 709568
-68830 396302
-274369 730522
793282 879912
358911 637059
532992 -46563
-461 -449080
-188281 558566
-982649 -350892
327035 -499184
812518 -348561
755201 -401937
-261004 -190686
-45136 -978720
-578331 -414989
586950 -644983
800170 331536
-488366 -852468
-342660 618309
560886 990690
293001 -907063
-57987 -725654
966328 240482
-521827 51908
-275049 -388495
-621818 -490666
22127 932444
-530079 21454
-275304 -40171
-802062 -534992
54998 -948615
-88540 -92355
326280 966375
88509 -875500
-954456 351031
-56036 536181
-305618 -875964
-115304 12248
956954 -394803
227175 676762
41140 -892011
325551 339419
-234107 -22778
-117764 -972056
-532584 -396206
-223188 -108607
645628 958483
891794 586623
206227 321367
262416 -119762
-601118 -126190
-135757 630099
-197588 795826
-224083 840319
-670167 226787
620034 -663819
-557643 83477
-868461 192307
-45581 938855
388528 -17303
-715421 -913621
708690 512024
-696886 890097
981491 176112
237958 705620
-800337 -515138
-199174 -621514
226303 275287
297173 -928127
111557 -894691
535769 218719
26712 -113324
201102 -107521
519376 -400298
729307 233045
-969053 170955
385694 536354
-387847 337590
589246 -270409
-293930 904385
676191 -456914
11628 735643
-579979 -240879
230653 57317
-657669 -972341
-460388 241954
-731042 -455241
-553521 744515
-363133 60108
283082 -999588
-388545 993707
752932 548868
935484 341018
500550 -897249
733181 743798
-352960 258642
725362 662481
702624 67310
-570038 401925
-889904 -941044
868722 44668
640876 -332644
170856 -509749
173338 -664391
-584984 812996
784908 683205
-868550 -901570
616425 -425404
52918 -628158
-954810 -907808
-161616 220733
-777941 -237450
-580359 919202
-114080 -589833
-407586 150722
-277122 433055
-767230 148879
20118 -870239
-830921 -95111
367337 651469
-730666 367319
-849763 87593
-506221 839625
-597544 -807362
-786894 -82164
-322620 796034
777700 405471
307726 -588643
-190854 854134
636379 275277
-893699 852316
-918011 -195999
-206548 -599711
989998 648283
-858648 -969326
983919 -736063
333314 19808
420757 786363
-368398 -524305
949295 501037
-824690 -895016
-954995 -729611
932448 -991048
196593 -307813
50543 -829597
-317703 968247
-953159 102743
-615800 411769
-764160 414516
819358 735965
-347738 52371
-243569 -654037
816659 -633677
734349 -201615
-187689 318466
726972 -714264
548360 598538
211517 563102
-633248 238419
15021 -725022
161632 583476
192712 507773
688758 741933
-600272 245159
125398 830074
685691 617904
-595793 -519491
315779 225270
223732 -98851
383451 -440671
30653 445507
-252218 -615748
795458 139577
374218 -719823
415793 -682833
667158 -968087
-326101 688873
717629 940445
-411016 -130931
28875 292111
401736 -503296
-942341 -345483
120968 209773
470365 938748
-510037 -329861
-535491 -588110
-812742 937289
736351 202446
-251201 -694349
-570210 600863
86643 782002
-641428 544871
-20732 526396
-362038 -313185
394423 910338
95528 17928
820341 -497517
-926208 -503622
-37854 -804636
-353237 318793
-51512 481367
-635831 -2915
533385 -983850
264647 -600589
-78587 -958653
604707 580567
-135796 -813238
590790 448574
942417 626631
-258859 -966752
689487 724676
-512726 621078
-261689 -960183
-480829 -491333
-844184 -205905
92203 976134
-578204 -583512
-161877 43865
-635043 -686927
564879 -666364
-444525 -652960
760685 -273982
-105434 -725487
721602 -494386
-865928 -852969
624600 883990
926598 625860
97354 916281
-226298 -492454
-238782 -12223
-554755 416358
-237545 -518539
-703989 617206
-441350 -674473
-772280 14684
709097 -869361
673301 50071
-326533 -214461
537301 534517
-671308 -958745
871833 176402
37730 252342
356499 85668
300718 759173
688374 913557
-747720 -730514
697853 985262
-347770 790873
-966626 87685
-655917 520126
292461 414112
-633342 270960
-289343 -784794
772126 -938944
30299 190774
-760374 517119
65142 954204
-249838 100232
-247165 -418841
-365741 227235
-185141 869316
343822 652305
959614 949834
-787844 -398308
-580448 -95277
-959257 -981939
-107171 -237266
-805391 -995485
-421134 -312485
340643 -519958
495954 238750
-952533 -34550
190379 -913697
578240 855025
970525 924165
679119 533055
-447473 494259
206026 51868
-863774 -589602
-297339 -902754
-960017 555585
854991 252461
165507 173798
712607 735947
18093 -53493
569034 966418
395384 -251354
-576703 972040
-623431 936318
-67015 850496
-474149 -996507
-641390 634585
632696 -601668
982486 10895
-475069 -558694
808451 112238
779689 -801022
-658314 169678
-592001 410644
8980 -160458
516941 -370224
182420 463280
-345606 646622
961136 -312082
-732105 42970
662272 -313646
81326 -469406
160943 -94739
96480 -300692
-371866 -704733
364472 835422
552503 -697769
557360 -844115
471749 299772
696553 76979
196379 121425
-644588 271957
901180 67334
952426 -762790
817733 78799
687589 698869
-492787 239785
97763 -685117
-574748 441480
-343322 -463415
-249958 234399
-169211 -722911
466150 -842816
47929 -806485
-241750 662598
957723 -260889
758136 -859382
829735 470989
480695 945119
849085 928935
-924007 239472
170084 528987
481376 191996
34023 711617
350849 -788183
-204797 855383
264609 588129
-16551 775901
818667 947945
-760037 -419949
311337 212802
837516 -453407
-383319 -217308
-270414 -771808
-259008 -115686
770326 -193277
-582712 -221463
418057 670424
-82755 165427
-466699 -873057
-821923 -589811
680341 -663139
213166 -722569
-647882 -703602
-383278 -703472
133400 -31553
-843475 -400283
-949869 305737
-917762 603146
519655 -79797
262477 399617
-499134 994289
-892176 -586966
-155447 366741
66256 -258008
-83599 -810900
-311034 -780500
-227280 -990118
-471770 -308358
427459 166806
-994156 970031
-373693 310077
268240 -674926
-952706 527576
203582 639025
-977464 -602708
-307714 98846
536859 -428800
-41097 793287
-593220 463842
-382700 625185
-964399 61094
435605 440640
928266 -600479
273988 -954777
873696 314047
587568 693640
-184058 99610
-802352 308546
361065 -487733
-874654 989899
458522 954364
426852 462959
322086 -501536
776598 -474859
-157621 -560267
-91859 682346
-868966 126740
-72715 94486
127894 20655
157129 226804
-756570 440842
963833 -767482
646510 887068
-787713 -76553
243259 -653232
-629645 -968491
-437054 51527
-389892 -59218
825531 491037
-15619 -125879
-190079 980453
711585 835983
747250 283277
521518 -477468
-530626 -199161
-637940 -466675
-574818 232279
361261 283913
-581006 -954850
-37256 84125
-701915 17156
-59636 -564648
-731608 -866124
432603 407666
-234537 847746
732146 178765
-491491 279311
-437563 -503390
-891802 976733
805968 -598140
-976964 287765
-85390 129463
825414 318168
710077 731966
262062 -963079
-87614 515360
94377 540352
658995 -838035
678422 -279512
-484701 711229
888680 -222639
-757960 25418
-217790 301749
752876 -83864
659020 530563
679848 -57722
-301967 69741
-131745 -961255
-425179 -934163
667832 -579928
478738 507317
105534 -405709
-198750 541757
235342 -259102
-165492 -538295
268019 -573776
-778995 -947848
344129 -506087
-682094 58601
388000 -544252
274236 765694
493886 -156737
-332485 969753
-198169 567190
666600 7790
995666 -660534
-100277 151853
272895 317889
667036 -890104
-303463 -63327
-183908 145866
-330696 -897752
540428 -352417
-984942 -217284
1304 -637114
784794 -634335
-306902 790268
280276 -477274
-977310 -937527
509556 -535191
960116 -536464
292837 -302962
-860189 -328807
41737 948567
-143002 -959218
-54025 71490
410321 -425479
500364 742427
-577375 577443
-828767 859320
-557920 157732
-56702 288481
-566984 -777485
937777 -316013
-534173 868676
-949391 218253
-219820 -332509
-293153 -734379
725201 136166
-402364 510364
-693661 -337232
638416 -518045
-172340 -331418
260249 -778488
255375 -219773
206388 706276
560540 -647529
269711 -712849
-997655 973662
-156581 78033
789180 144262
33193 -574743
97909 463914
-54340 -750611
672268 310414
-912665 788450
-509246 -95928
-254903 -779406
-31441 105236
-573932 -271297
97087 -23579
-711013 -727059
-747886 -22862
540701 47822
-766784 -43665
-354211 -64945
-497308 -786539
-916157 984346
692380 -882545
-279300 722017
-122032 488007
671597 835710
731652 -973756
91994 878583
-689780 -932437
-175866 158029
525393 665496
-730405 -744097
103143 -673418
-380377 176744
887621 -456450
-183128 978358
429907 862896
-169704 -330650
292818 -106650
-780362 400215
359604 115585
907216 -398499
-210748 -468721
-564711 -283841
458667 -538068
989845 -126099
-993567 894885
-961495 765147
-451590 -453019
-961961 -864264
-496910 -506564
737051 554723
-731217 -157572
-682169 709755
820334 -59003
266469 722033
-628086 -172107
305874 -377583
500153 -786332
532047 -737318
-803331 -451491
-654450 741955
-414792 375399
-606669 289220
-85419 -252072
479181 589317
835385 821321
-33988 -413145
-339348 865063
-439134 37949
-78907 651254
-410953 624793
-588800 834470
302757 629722
-381626 878769
-595409 -526513
101969 -890752
843571 827719
-311306 -559354
458186 -5801
89662 -239124
499368 228173
75287 585273
733023 638562
-737489 -148512
511438 -216933
30655 438098
788870 -782315
-743423 279660
-183229 -85260
265460 506960
-771610 687102
952541 -965530
-98925 193490
946289 -76504
-174887 -141782
36116 -784761
-852736 106460
-647819 -353296
-15067 -922301
-902370 -695742
811553 -530875
206954 800021
610609 -269879
-432236 -911943
319513 975467
833726 -61935
58115 -919272
718424 -993023
-456104 -875508
-597034 175339
628127 632460
772295 584773
-296415 -753493
-913229 366361
-398244 363366
-310987 -880189
71043 681874
204206 61735
863476 -949063
-154548 -724086
-762892 556967
-542302 -746622
695885 938103
-364885 116091
-683687 632203
-721517 -610715
-66622 805762
891563 788206
96686 -685164
598062 726607
-419093 -174312
357238 -104406
192037 915887
63941 -605733
830044 -327329
318127 858577
57930 904651
464215 507519
-187191 -866565
852421 926315
-850359 371715
-716829 -864459
-289875 315771
-751588 647903
415905 863532
392989 -641103
208336 924541
-713940 -726804
-207080 -972014
-716819 105422
163423 -91919
413298 -67161
-25102 113716
135779 494833
608557 595232
-882624 582302
452326 -164320
311922 -929602
-876465 87205
-757153 247917
507201 960269
303240 248840
-431471 675304
-742231 238123
-490875 189589
-741069 981636
-736941 -265063
42445 42494
-215747 -907634
-770828 437114
601458 -337162
461718 93535
-382699 -898107
945687 461502
-489684 -402539
-365744 52861
348839 143516
-276163 954360
-123506 -543609
390959 724476
-874675 496870
-239687 -980977
-260747 -92164
736462 -681294
573360 -281402
742842 -223994
-957353 493013
-237101 511315
-388051 479934
-863285 928186
308167 -1669
-437530 -465463
22872 -829
257153 450111
-519554 -65932
-296540 156643
-963505 158203
-902592 -678222
223789 865837
-947776 -367874
-811355 868366
508934 -576691
-461882 370960
352966 127849
818724 195989
22375 -567225
-804362 -445270
672044 499204
632624 996734
826536 -32680
-556908 669638
86708 160490
-471814 -989230
-483767 383863
71558 847759
253797 260581
-3091 116538
256751 575741
530967 861931
502978 505280
-859160 -842532
243070 -704359
550720 726188
-759829 348310
947569 -279855
-679807 -827595
-419459 438873
962620 -931209
931938 921155
523015 467302
-979818 -318026
-728040 -646375
541378 -204981
182745 -29332
935615 638561
-706788 923687
787302 -353567
-960340 555155
-713353 722298
290690 -303283
-204673 657771
886385 -245999
596660 -671110
-54594 -579752
581890 69232
652695 87230
179754 330834
342436 566617
171944 -185829
-876567 -365441
-753526 977126
-843732 974185
262158 -313565
-59232 353837
788823 523715
914457 940725
554732 600951
616984 165629
43971 498004
-976728 38455
384690 -999826
93236 288763
251801 -592287
755957 995707
-43614 109573
708846 -259120
64072 798512
-936346 -971715
-450177 535601
-652894 -736536
-915405 12867
677849 -846092
430053 -596443
-553491 588623
751648 -650484
871091 -463771
580915 -570317
-343737 840638
177862 -669872
-363194 56574
-136963 23919
248421 286110
-223746 943132
598102 891030
-460006 435413
-529213 -227787
-576889 -919710
-870468 691816
341261 -505371
-857667 738794
-671245 205164
-501392 -945242
710248 347489
906048 -912904
320250 -660477
374758 -754852
-73383 -879009
869617 -984077
-382202 -591283
-296190 -726491
-429695 229619
-970890 59821
-584564 27795
439434 288338
780485 958185
-866616 265574
-292223 356100
30398 -460699
20008 323301
-312217 392802
-375708 371342
-661824 435368
-872901 -839759
510251 -435414
978619 903900
-931846 367078
-366535 603974
-323037 740940
150634 -70297
-519537 47374
656037 -516252
932122 -828904
407523 519013
-368555 -411514
968745 317782
-946251 842892
-64862 -786831
-34867 -402716
-851710 684852
-696255 413675
-507468 446192
391334 -709218
389027 957991
-380086 421237
971943 865083
-203521 682717
-751855 296693
577526 86613
-845818 -761727
-833037 -398020
-90435 -457419
379309 79551
698297 123962
161066 -79490
-474879 88844
-832819 -746601
185405 -474803
-515423 490743
95219 -668338
3202 557471
-106132 826551
-812283 -987359
-392461 569947
-636811 822596
293738 552115
-600095 836857
415710 847906
-781867 -78209
-43389 50593
698537 386995
44406 -666123
-984577 -416949
234667 -135776
462500 481397
917665 -485701
619632 288356
917247 -401311
11495 -837827
-569786 -368036
-605119 123131
166145 -475565
944291 -126384
802871 -666656
-389917 -304295
135967 650480
-808925 -289275
623463 205936
-663417 479416
924038 -875718
-44529 -56936
201786 867193
646460 950489
270636 -908131
-419138 -933966
-546078 -337396
474392 34989
-512188 -243833
-358447 -606734
679495 -436963
-468484 -70244
-170809 -459361
864505 503262
-697990 -325656
-311273 50457
-622145 -774666
959897 914113
702573 175816
793142 -332112
-769590 385237
-66286 999752
-572130 -395330
-286659 -171861
-958624 90678
-258392 889339
452577 -515683
-586176 -228378
818328 -363505
-33693 -763440
-560839 365380
926283 -70911
-152077 488093
-515509 -413477
-249221 704592
-692361 -824463
-558662 -565595
-767982 951274
-863952 -413903
-309261 851555
595230 -417416
-724375 917276
24400 -541658
-273816 -608510
296602 505631
-703236 -694619
-241023 -118214
-751993 -281917
-694394 279458
-91874 303703
576324 -958675
146917 -986179
-981838 725606
-630082 -459250
-342426 -403689
523561 -526627
-906199 992991
81630 424501
-372755 466529
13076 -756981
856250 -293735
-792678 6666
-532749 822657
252454 -167564
524559 -472343
92680 -725000
178110 -140321
-183205 -273200
-719254 -588409
-874268 -879926
557587 734371
-513347 474378
626984 -840169
-624892 492900
732432 -175588
376963 -79998
730104 -750613
476559 -229069
812559 -111431
134508 -808552
231939 748912
-71612 517176
-238218 260353
197944 570386
62947 615720
-930543 -852542
303611 839820
-432718 485772
-604586 -654520
360867 774164
19823 -615541
25943 -241847
-579619 -801901
-462851 -901941
970743 -907035
778594 737777
-736805 845669
-899353 -96374
246093 -681927
-31159 -115389
131556 -505305
-238172 226531
-401889 609896
689113 819092
448056 952067
962387 -40904
251909 -418933
381648 -597817
-249677 -139062
-204954 411989
-840348 218268
-898791 -917039
526686 -430518
-757012 899061
449704 53308
-715069 -758745
-207296 -896136
59846 -286922
-147462 224735
412761 -327976
218117 -381904
335350 -811005
-63186 -263540
907522 291960
-864705 364710
126321 765877
490614 -132772
990598 892722
817714 722667
845884 982845
329708 641364
328902 -101965
103341 46036
-879610 153430
-123066 938216
696532 -524369
386847 879177
-764067 -809539
-138350 -525864
669258 -440027
839096 -743133
-144600 -366510
555492 838022
186750 590679
413236 700326
-331698 -97588
376934 -204266
-665814 500762
1749 844728
-852754 -706401
-18256 -512962
456264 394030
186300 -274889
377572 551757
15333 147807
-293947 426352
60223 -440874
-19502 375337
-4247 216795
982199 931820
-56286 -974760
490767 -411884
883600 -580068
-665970 688604
-654808 734104
44441 -500656
811071 -421630
-750337 -391973
-35524 -841829
-649968 -476500
-940520 -424268
-224338 -727499
467373 -962682
397035 561976
-797502 -458900
561342 -348078
806021 142053
-887301 840281
-744129 -285342
-246561 952208
667911 -769222
-106505 65963
742438 158522
818280 -910543
380272 864464
-36534 562931
164763 835611
-929633 871051
638940 594763
130684 -686694
-846811 -493139
-557573 225710
-614871 307807
-323237 -353334
-7636 367021
-542855 220909
-307725 -940000
-470076 -419663
218133 568848
588368 676085
713681 -108419
584266 -666742
-101859 650985
-320651 -638827
709236 -899984
-19843 -827993
841933 -867402
-54770 97805
590949 -529431
354667 425028
210603 159592
63263 -85004
-580305 34960
-372590 -876105
66495 57854
72566 196747
-837745 768683
-656816 -81190
502265 -442515
-904150 855346
313594 -980110
842740 652456
-643115 658010
779072 693435
-811556 528852
982884 536872
-760715 574592
964144 196565
686805 749194
69677 607725
-462002 276796
-685276 -789839
382827 207307
452543 -717867
-671379 -101152
262546 -46067
248462 -558770
155353 485842
-423337 -448697
242246 -415345
-390220 60950
902156 811224
-589536 -242106
646827 -366927
-496489 965414
426711 284110
-994529 -360762
-993524 905329
-933011 -121721
104937 -139618
-167787 942086
483135 572532
-130620 -311830
155799 -175876
-849242 -588520
523612 -11262
317954 -506083
236793 104202
-800592 381430
290443 898878
304074 252664
-294251 905417
147466 -510997
-295084 -734988
-41980 418402
640315 492180
-39333 -591711
-530953 -369749
126825 716367
-388517 -457807
-284796 546248
-548835 102209
766374 -171884
-808511 553776
-111315 188105
272715 671691
-132411 -142094
-487706 308050
-244428 635622
613354 -839904
-18995 -190246
-972597 82201
561275 860295
983169 -894944
860533 571948
-171589 225464
322949 510603
-178198 313493
132173 -70435
-48619 -784609
-454548 611381
-527644 937445
791506 -646838
-696144 -696883
279397 -515986
973298 -878281
331587 211544
150542 102278
-673606 406143
-609238 -283311
-660428 136317
477026 -589395
325209 648643
483876 -726318
317784 597828
-534414 713835
941604 408284
927424 -109580
-558748 493008
368745 149422
-761253 -137231
-308282 -525767
567659 -103634
216591 125758
-300211 -715963
-17633 -623915
4419 -656875
405303 904934
-445859 -99766
613551 869031
-521289 -440432
289516 230824
-532596 -271038
49122 -30484
-962005 -408545
174755 -768435
-906216 -81685
276892 550146
82577 -916460
-375463 578623
55546 706630
-549360 476355
814004 -212355
-65195 484662
-991667 215490
850759 898994
42236 -883311
-346385 911638
829576 -561882
775529 -773225
-716702 976035
11931 209749
5313 716135
879657 -261982
-69664 -63884
-611209 864275
-328743 689068
-507419 -641093
38893 -321974
85694 -552202
885119 -796034
69313 -674621
192901 -564960
70549 357593
587551 941174
-45461 101047
-711769 -718117
11614 511812
210848 -672253
-129824 768900
693920 949347
-168195 -905219
270149 246522
-276764 -362876
187940 -912646
-35975 -13250
-500183 -755900
-874849 148605
-249192 385795
409120 -827192
-910330 681551
-597021 887379
-312120 848749
-852545 343172
109949 703684
549539 -160987
673051 -353697
-828520 -988008
374922 569584
884812 220744
447580 -83605
-836933 -456020
-533226 -554357
266067 900580
-183026 186018
710088 928300
893547 575574
-34963 -966978
44901 724483
-259259 590328
959111 -499680
432142 741359
-386805 317374
838061 454878
727968 -947252
300899 496866
-176688 437010
777973 -132723
-75776 270380
-148936 236593
-660416 -81743
-442874 975281
285398 -583101
788046 -842967
955010 -123549
-449619 -213762
919006 -492739
640106 -16545
372837 -267902
566697 -461888
-565803 -824911
-179501 274463
-561303 -332628
-460738 -342586
23928 -241064
-799973 331849
-555128 -491583
328564 -287972
195673 -693038
605404 -387434
-407756 -348238
834583 -986069
22679 458988
-664323 -41270
403052 137644
-801595 760786
984637 -41690
-602901 -586417
346576 708077
-461425 -683399
-201800 564161
-9946 -677027
-430839 -3924
-620327 919086
-674337 215505
-249032 -211991
824875 648385
-981321 804459
-370473 587161
814843 558948
-228013 -572301
848324 -539353
602524 164014
-659178 -220404
-785360 -177848
-552214 -915868
804 683604
-975201 420680
527566 265490
-771443 380883
-171878 -196654
530315 153416
-994428 42871
263579 -432453
-962889 561084
-141737 200284
-758218 -730057
-510233 28220
418389 465040
-26078 -313056
-279381 381656
495664 -40283
-996389 246884
847568 281735
167495 -411838
950297 459662
847406 886072
950287 -321725
30534 -232344
301752 337873
639691 620575
-945758 -582128
-494515 -815540
-414971 -901847
638712 48940
-26790 -923914
357692 -991512
751654 -672838
-957245 -501151
229891 130993
-712462 -18931
822996 46692
560282 377039
197937 978078
-514462 -301652
921198 -180659
-392891 -119951
-408982 -512078
471557 614128
-786218 -87651
-829855 370407
-897138 -339586
450451 87807
937786 204579
-26503 547052
-363767 30391
268249 204395
-685661 -196078
923011 668346
-284157 855350
-171015 590194
-693225 113231
253529 444285
154328 226888
-746654 -136631
390642 242236
933690 403920
813044 -273516
598656 214078
698262 222573
-16711 -879499
-890715 -177590
277121 -553231
118474 -917582
-315872 79936
-168666 763248
640743 -976308
-816418 -516955
106082 -689411
-450809 -194983
-703112 -684375
-240654 628136
180466 -582407
980026 -569351
-419718 993929
-428863 -740434
463208 524922
-282016 493945
607491 924959
644965 -856918
753400 -444310
315280 573754
906229 456608
-25125 -334509
568081 -405244
-175999 -899851
612322 -825104
-835518 -107752
-881562 -656764
918188 -26431
930340 -555344
-952346 229486
-368851 220083
522037 150885
-395662 564591
-956251 -648991
499273 -946201
-436966 -690015
191282 464075
459418 -976430
-70505 -455829
-661960 120181
567031 558610
751585 568973
43982 261139
-93818 439592
-213281 -885769
276363 353847
215992 545054
-51080 -221662
752945 -223612
-180688 871449
-317949 -396635
-808283 -575487
856321 -777206
-795419 505544
435964 619893
525756 467521
-718540 72759
89062 250901
-888182 -265959
-894304 555225
110465 54943
-549519 399826
965690 -697262
740927 321118
83510 385041
-222382 -426384
148026 509535
185210 965851
-304197 901253
-841891 -968516
619377 935668
-130998 -115057
-140600 -660280
438410 -110675
72841 -755471
-799859 684067
-150862 846050
-279340 -648946
-283692 -368902
448251 -193199
-512793 -574251
996550 51344
-317369 -413773
-477272 700024
-573643 -961519
-232880 718577
-105827 422231
-329332 321555
-633644 616079
480217 690537
860970 -779780
-293058 -160166
254252 894624
602736 431218
675833 -607015
-55378 -125747
-981976 812901
842277 181832
-955887 -774862
-919116 707716
-301291 369393
-231746 -711266
-21674 -512146
155596 -221601
119745 229884
686389 -547601
-440002 879025
-585659 502981
-972038 188770
544193 -765805
663898 383876
94766 -318259
715247 -841434
824235 661366
29679 912134
-554629 113932
813258 -817289
84518 625854
212141 626853
931203 135325
-501855 683320
142527 581055
777711 643043
-342449 -760963
-981302 666904
-648838 -605827
-359282 -923933
836123 -667568
-649989 -427588
251924 -756964
871701 256433
-160636 -440407
71261 -555268
506460 99008
-170600 982215
-149873 -528972
134582 681444
-788505 -133739
-72657 -324927
65274 -448537
-250823 173456
354167 -538511
-166190 34878
-38898 -697278
-359617 -224073
-115078 -296691
-22229 -289187
580086 -44843
89429 481996
-637953 -927374
-76273 155414
-212243 -771402
245262 -47063
174475 -186516
795417 -353007
-22753 -674553
-433532 -220437
672030 -389130
19322 524972
-376059 -575056
-570639 -297081
-69538 -814603
223262 -144777
4292 88527
-995872 -178831
-566545 420727
493030 277085
794842 -637843
-281092 -65408
-694793 -712497
-701174 987059
-249674 437428
104724 -817668
647187 4724
913532 962529
648707 338208
-31016 177259
90924 -717038
514405 -98917
-980135 384385
9475 520035
-437900 441324
410353 -846608
-462583 242858
-899586 922916
18307 -317275
-191570 340858
-277105 -95345
198975 790349
380787 -790812
-352319 -41512
367001 93582
-722435 -84440
-432268 723585
227092 570165
-574120 -479159
395096 -178240
740247 -220899
97087 -839473
282075 512300
-702560 706182
-267310 117111
562505 286928
-800313 -528586
560709 325903
941502 -161045
842433 620000
300180 -896379
51316 733255
-828080 -557736
-827695 372746
119851 145319
189873 -452836
278373 441594
-421607 166507
-625508 -242092
323754 -523224
-159553 -429019
52639 105386
586367 -488238
687697 702947
450268 612219
-116997 207321
-848416 -602136
610338 -381749
258248 639756
-224153 -914303
683780 779478
245567 -554370
45504 436612
-963433 -759538
-915098 843285
692389 -136673
-748658 -859709
319505 187064
781367 -456649
152264 -113334
-521248 601832
956797 -615972
-849883 -282537
884132 390678
-64045 878695
54186 532420
-946344 -225885
-268871 144870
-992481 485921
-729398 -863572
-176467 494827
-378478 -518421
-669084 -781255
320777 66267
142522 -152368
165938 357608
922339 112714
298445 149923
265442 29162
-49326 -209542
-287657 518074
-266633 -282258
455984 -151463
-40130 773270
969076 -588324
-577399 150379
-835810 -144143
-459674 298935
-806880 -89104
933368 639235
262057 -974872
500902 810787
53816 630474
420899 -460043
-217613 372836
252451 776576
-282844 -265569
-356117 109453
-322213 950363
951683 -132282
-963827 502588
-355809 192887
746587 -724065
955474 545699
896594 -968056
503073 107841
-853604 -800216
964004 312655
392 904992
-169757 694187
-259243 759990
-183312 -175667
342727 -37366
414130 -84463
431310 -887992
11571 113423
-302540 -289696
-124160 -217695
721970 843916
-662340 97923
-824039 -540480
-920688 -738596
-64758 553435
907771 -755961
-412596 29465
-107148 -813923
535531 904918
-635556 -988680
-686034 559179
285555 -995974
-381591 -998085
345495 -560207
157991 -706780
511329 397161
684970 938237
805341 -652233
433878 714637
160198 -396112
89260 339636
196580 -106424
848849 485643
1135 -239056
-324964 -227907
830518 -736263
-818263 217050
130615 440700
523522 -943339
-936502 414319
317278 397208
691817 521465
759500 382375
-557852 -406394
-885511 451240
-222732 -753087
-922692 -680959
-311490 740667
585345 -829992
55876 566079
-167330 -362878
3203 638786
-949286 -868684
-221294 483872
730548 400449
154143 367637
-421143 104163
-958042 -104859
54404 -416806
440845 -541596
602614 202501
243780 -621471
-479206 -317857
-812307 433349
487155 -798417
905603 -938043
-809669 250524
731122 -646452
-387703 668787
-851210 -785716
-853019 373266
783627 -176526
962843 650819
-507830 108093
-57834 799283
-749439 776285
325851 -20807
-51729 989651
-399985 -284969
-483549 -867068
891593 -613420
-642975 865689
815304 552838
316870 192289
-572087 876388
514300 724531
-975521 -591103
307851 235817
-402029 449035
-473333 340407
518222 551575
970852 -477123
-707143 350878
-729021 324796
-105073 -336791
869404 -172008
-560627 -709591
-310434 805091
-659740 381790
211113 -510797
-512250 225614
-842044 -710911
-113917 241008
-487548 384686
903326 714697
193968 33727
478477 -626234
-808516 -149468
-714994 -52617
826841 -571343
27059 443368
-770208 47780
-600426 976422
-777519 432083
-309713 953455
-214011 -410026
-78625 -673143
-49410 -542671
295798 -418946
-981030 973035
-759993 -418297
-378950 -512320
896618 778976
64206 287620
-129903 233480
746616 -841248
-117982 -308100
862077 -142705
-284013 671238
-531335 -156916
-587140 -733857
648823 369140
256712 462160
802860 -837138
409803 -53737
-193723 973234
782508 774208
654932 34976
-344011 70447
-608868 -791006
-612460 43942
-912859 629464
-754713 -182142
-708275 -466823
446958 29953
731943 -344063
404233 -64030
774355 162210
674845 3757
-681230 -691539
-866543 -889568
-607117 919570
-180795 484498
879228 -908693
-749219 758514
-39983 -583969
997541 208233
441974 -61864
-609356 359011
596579 297290
853702 -494756
-847299 -306047
691445 -266522
545301 74352
-86580 -469714
415965 -780034
-674066 -734054
363809 -444179
-748281 4486
820666 512464
-862445 868794
-512383 -557154
54639 -160629
906002 -932737
82297 17212
935210 -325805
-498935 -593324
904007 -376912
-117937 428147
710785 -156238
560072 -89605
-180636 -222194
-445832 766148
-915612 279030
-421213 647648
-240205 215552
-530022 -548668
-836283 332114
-286165 -620716
-979005 -385658
-442662 462994
180300 -969208
-370317 237679
-651870 250351
-925251 -941139
122248 -774041
446536 811025
-970253 112523
801160 468910
104391 598305
686161 520531
416932 271906
-183084 732706
-816534 -374214
119419 -963835
572427 300882
68154 16944
371291 -775492
68766 -631178
-177574 -560290
-695916 5674
-631136 555513
-902496 -868152
-399574 -471570
767475 287733
-11382 -856980
378193 -830563
-18529 -393344
400071 -860334
863304 -185389
-916835 415119
435923 908149
-885749 150151
21403 -537321
-650117 -331486
779575 162708
413576 -955767
877882 600274
998839 -876910
-673635 -300085
-798899 -551641
106207 -790806
-387594 803475
156276 919190
288365 -131876
-401087 -294890
624080 -718976
-993351 -917624
-957661 -761961
-881709 -567333
-155937 -704103
-375049 -59841
897713 -894287
-102610 975476
-863797 -603928
103473 -44990
-653526 628696
718098 880358
849140 595862
772035 578521
-64167 -353753
-511930 178094
-186439 -113782
-14797 479379
-438814 402574
-688122 793866
374559 -51812
149422 -538635
924114 -552604
-312916 -141561
592543 524229
187906 767850
-515430 721578
600507 -969606
-510461 24676
101359 182091
968010 247138
950381 713443
520538 476527
723228 -530661
-319912 231965
611780 766676
-523106 39484
892445 -91800
559527 -264425
279469 751000
-212271 759860
-689415 -289664
-722802 -280059
698275 415104
750663 155224
816727 71841
-619156 -277889
-344411 801071
-53365 860559
506004 669959
-898833 -505304
-604118 -710066
-346758 -967156
307318 964219
-83934 -570080
730593 107811
-221754 252662
-455207 -146935
-593468 896148
-616458 -967237
112370 939193
-53304 170822
-901294 420343
-158535 886071
278064 886209
-844210 29364
90793 638988
-579007 854631
306969 -495917
-889971 -401311
330220 820342
753759 -922781
660025 760498
32631 -406853
114228 89752
-641946 -3930
-756287 680001
605716 7177
990614 -737943
982403 954558
-899925 458438
-860271 -595645
-529285 91122
-632148 -947679
-889110 976344
-361352 -256109
228331 -564250
-641847 -502002
-286360 -56081
20576 173880
498612 572846
544735 351250
398380 -231977
588316 -971105
-459471 46604
678225 -440863
99806 -507120
206091 433354
788973 771672
419182 623358
-170566 117519
-753827 295884
924340 -708319
907045 905146
223025 -624402
593394 310023
-561974 763739
654753 -574882
928058 -876552
-586998 -847379
845276 -656128
34790 -707118
-468881 230575
-697562 55298
-182401 -33812
692094 728536
-851318 440696
-606745 -998255
418343 -210182
-475550 -171318
-30639 610983
-78321 -875615
773475 310714
-289450 906016
720763 222978
711789 -907598
-792020 -889035
-478748 482826
336522 754559
347735 707294
-166003 461251
-949889 613554
792228 962286
215397 -503120
391449 144601
281958 -982568
407400 -310967
954906 -474534
269712 849965
-604226 941077
959892 -877264
-761086 -331998
-413354 874550
119762 834596
583057 124760
330103 977509
545736 -688151
-191655 -296901
652712 -189765
123255 -874717
-41120 950919
562350 701380
762669 -919917
-773236 -354051
883979 124396
-501440 865808
662290 -383400
172465 608333
-630472 94645
-923074 -134811
141482 595806
154598 -814480
699114 858383
573138 -323564
-63118 482173
-238585 -16735
-14493 -839098
647697 423770
915151 205858
417472 -163197
831769 -508993
-440020 470096
128331 278683
-263314 290757
8190 869149
-717266 47514
708724 206963
637688 -220398
-731746 -179115
623765 863656
-17737 531359
612098 501320
-12222 188896
-55824 620377
754881 -858185
-323697 174827
-191484 -55890
-358187 -745546
-368685 -346329
-588541 728183
-364834 281091
532935 -447963
-538491 167289
-295759 287431
83967 -406912
-504287 749203
627917 -190707
-364033 240174
-285332 -957173
-790577 -128888
-560970 200006
-951263 424867
-661744 169744
-974853 -55113
-8870 333401
-185689 -359410
422545 -861225
765528 377991
25388 90269
324885 900396
-159420 -192609
31698 -19605
-421334 938030
917369 -477151
343344 -37892
-358721 185944
445446 -590631
270419 -722356
714347 -121969
220153 -254771
395230 492107
-243712 -711507
-56366 387120
76027 -86070
-495694 160219
-123424 921753
700475 -907640
368441 -477146
970314 -964836
274873 700862
788852 -399459
163737 -571694
749540 248581
68101 235622
-371186 -873057
11395 -291961
707032 -393387
515611 899993
329542 512072
556026 120439
-973294 824231
-683360 -947152
506011 168359
-485526 -109537
-291059 -917628
427662 422385
462644 336329
-775197 -631317
694835 263113
763234 349717
-635430 252807
-459908 900287
839039 552896
-971896 218659
665383 475737
-584519 -876596
117689 703420
-919646 4886
-973603 -221750
555730 -869353
-868844 -670325
-584527 -892773
56475 983190
-692569 -805122
-212780 703761
389324 663210
150328 282023
859870 117934
-53529 -893992
997632 -628552
-656444 87271
808463 -145771
367159 -644443
479801 -562203
-127590 -271300
-301629 950784
-871870 -162987
731345 435618
-179473 -122460
730180 -539704
-368238 51522
-444650 312336
145672 178206
-850339 667278
-182200 568963
69598 264745
785203 -541556
780932 -68359
-9469 -935735
-98302 -796095
179572 -156624
939520 -587198
-318751 -856901
-74973 675699
-407310 196340
811336 -783260
593737 574821
-219810 403333
387181 -224517
-291813 -911416
-382850 -811796
953242 -850516
-155255 -632131
877587 846264
-59032 273403
-540511 914163
-613529 852780
270622 911005
338220 395020
546121 846452
161330 800831
516998 368704
-21508 -904182
-52815 -656877
653060 634268
65551 -809415
252169 862091
728637 265295
-772418 -676313
825350 -334633
643388 -152666
-92452 286577
-242586 852850
881231 366555
391929 -517349
790714 -508813
-781812 561377
17745 465982
141473 -861627
247084 805523
477134 -371897
132622 187065
287009 288981
-897778 -101112
525735 949556
985981 -307666
-147494 949673
733735 931763
531296 202357
-148944 422619
509857 6025
160310 -707202
-71741 -821501
-549027 522385
660707 254585
539174 -886432
610235 -859024
-443565 -412363
390947 324256
14485 -243259
-604845 -959008
-208702 278115
549480 31236
773053 -602779
314948 762970
-293622 -358845
256375 978906
-31985 732703
692133 924055
58571 954288
-982173 -218099
-301670 359795
70337 45781
170204 -218736
56138 -873177
540477 -555210
594557 14868
-731888 -57521
882336 -751456
818510 205021
-974714 853036
993336 956979
450381 -392234
-194844 915159
-505060 -571183
-44125 503533
-700879 -569751
912698 -445790
22306 628777
217826 -4030
908502 747629
-271572 -582978
840853 693554
-85241 -548638
-222549 943978
-683946 -462845
-495249 -27458
-28932 -210829
388723 -874538
-805354 -490320
109491 907606
-440258 762020
496668 -675270
527539 956587
166784 312544
267288 714321
607942 -543156
2085 600601
-166844 854403
-155928 -395353
261550 667422
500292 -172841
-449838 934469
402507 -919951
-223124 -2014
509594 -733097
-810110 899295
195431 944979
-311190 436146
70174 812471
437581 828923
823521 838020
-697101 950595
-790214 893379
-599677 147156
-107476 275734
-922424 278853
488496 951284
21882 116039
43186 -787590
519756 -407484
-687892 -22764
298554 -828634
238637 -637310
-568790 959382
741483 352297
-976547 -685687
-939797 955733
942226 -822138
753650 -44174
-291704 -794119
740681 193532
-399915 -581599
-563997 -227058
280516 440783
-779001 -379685
-494391 -19683
-650578 694489
337135 -707534
110947 -426778
-854442 -691427
-447563 783313
906927 655783
-131693 -601331
-114345 -708227
734958 610650
238880 -841947
713457 707486
657920 167206
361770 -789323
-930767 353623
51106 -281883
-583443 -559369
827401 -657621
6747 100710
-319767 -252831
14022 -228687
-216711 -28905
-714124 374496
-51693 -430268
-765857 643287
-792733 -590538
-221449 -938008
301460 -737634
563689 414929
-435706 -712169
-789996 -521285
-417477 505303
-671708 640134
-856508 -491082
972646 304812
184573 65093
72444 -945699
-82785 -318601
254534 749507
-800671 -883313
-869348 -338309
-209077 -25927
508027 -334206
417679 -6404
-625933 -356239
924272 781315
-156625 -649279
423482 16164
-135078 787929
-408489 408916
5841 -821137
-28622 -18445
131374 -113088
545048 -295126
707327 -613479
772046 -558301
488197 -270384
671958 -762342
407738 200499
249978 -242170
464496 -441669
920083 540450
-747094 486769
983113 -194224
141555 634761
553394 792769
-389861 828735
-750855 159718
760656 494993
996776 258263
349999 556022
-472944 -244988
-666912 -769027
-887142 898435
699923 605490
927345 939077
791632 -745817
-169262 512079
902159 523022
-404051 -720804
604431 -905659
173232 539672
-177141 540826
951123 926729
-517925 224448
-813972 -969310
-906523 -525010
782542 -621078
-808881 -416006
90833 -185327
-666500 -338142
-578174 691497
-986135 501773
750602 744722
-324926 391106
-376363 -92678
-549227 -948002
-795908 -916588
993240 -47503
-508128 394123
882198 94287
24792 -265045
30185 720673
863135 657450
509898 -952886
443204 200333
-706558 861554
156423 -304331
-661993 102979
788466 -526697
939583 126847
-680140 -580127
-349493 32830
-544658 -887223
-98950 -962650
-739573 282562
460639 -136150
-242176 -410726
789634 417891
-864541 353969
-357539 743086
86699 -94215
-971978 668905
23311 798638
310953 -570559
-678330 -887212
676495 -259538
-445474 711743
302002 312482
-612809 -733590
-940405 173572
218187 -246346
-984241 -701316
872516 -701339
17317 -711385
-135266 294750
-602912 744730
821555 -994475
-231147 -448726
615306 -814688
-926099 -566167
372573 879919
347149 -574143
-725787 -933722
-633010 839737
-162058 441653
-119980 -910899
56606 697955
-418164 161045
936781 48454
-747412 -627803
-207805 -295010
-737278 292860
-979328 -505432
242099 996829
-201709 566840
-813417 -463284
-447563 264742
852276 -574247
-810480 204863
220285 121141
220426 512688
-561298 -552686
-575471 91048
167125 873008
991856 196924
-164385 -697216
-635479 667234
-938045 130302
514158 -95175
235197 -451714
466369 582695
-97642 593819
449877 816575
-859455 -701392
739854 -406119
447479 486225
897436 930562
-924601 -427886
-760766 -608419
687840 -618319
465102 100718
-171640 -922918
-987060 -569589
-845148 604301
-471353 365368
-442103 519980
535077 -992341
-61721 -66374
-216828 -679350
929863 514996
-996442 825495
327455 829146
-425895 753461
-697017 246223
241422 506306
-814780 136645
-598347 370526
-811694 -85220
409954 171459
-607999 733695
87946 -936036
491008 187477
16595 588918
886589 168227
807588 -136764
953528 600560
-885732 -599861
122047 203147
-442796 490408
4285 41818
-448346 -270309
-695542 264307
-564054 -374216
-724529 101947
-171795 -411619
-767358 -395585
717892 -961391
747209 -441920
-796932 -234829
-541022 530308
961830 -17512
482078 -11441
174449 -773721
481276 991268
-218835 215539
-647251 610155
-277203 -35743
181824 801936
790509 435725
636917 -185703
979977 356747
736782 -687147
189830 234326
264184 -757403
-157763 -746087
146083 -446455
959991 608474
-589954 320577
303004 461625
446980 -522489
-668995 -258707
966091 -486446
545481 682793
557585 -496480
-635701 770213
317492 548732
652039 -519382
727295 -149862
8814 49314
844722 754063
-59893 308331
638919 -490628
823750 631572
23208 833633
761803 -150857
424019 -174720
-74967 734807
-742638 -876143
-954616 677888
-867386 -798300
749347 788995
289398 435064
504738 297798
-532506 -490119
-43631 710585
543993 365053
794199 -778680
498024 974964
-741042 367113
-435006 823123
539775 355813
-256106 -270882
-738089 -340707
58401 -366018
-700648 509028
-673237 -298290
135744 -367974
-720398 311215
-189081 -169978
-476009 704634
-827294 927959
-567552 906096
-123160 439172
-26496 -619653
-893201 -986558
344009 904950
443039 873331
-695016 120605
-522579 452724
-145706 70852
-447022 325163
-783157 -131076
-436760 -878347
13664 -890007
-197219 -100920
-800764 859525
-516167 570580
-23422 -178727
841617 566830
-883275 261075
-929172 83404
-950064 -565193
-464399 -567190
-868428 638647
-453224 -322267
-164872 345953
821234 -919021
-375739 -934684
-360699 -106248
28650 -348115
873696 -718387
957782 186371
-176131 -280269
-872278 156021
162794 987755
475658 870135
620115 -877578
196408 97135
397604 937886
-343556 716987
-351159 310955
785312 -672137
424194 222907
-465464 -957717
-817943 344073
-639256 471083
-975477 206106
-409316 -12303
-953559 -641365
435210 -966613
24369 955109
-216137 -268209
-135200 -635020
780893 -28184
53251 -463013
649023 672367
781257 -995529
-878490 208495
-493640 -58426
704273 736156
54226 249681
671293 301636
572018 755571
767473 -242596
298829 501081
-485648 -302305
-210978 930733
-797883 -589868
-241554 -661235
25132 -475011
530977 687549
-762892 958120
-966916 857969
792982 85143
154206 480917
-171621 -706560
800055 -277792
-947028 554281
-57182 351700
-340813 -951544
42452 -463311
785557 388526
-637219 -742479
-478091 280401
-250772 540158
-962413 564353
395850 -450837
786192 662121
814917 891017
253653 -238356
841523 855228
-555064 -253736
729243 -303590
-397089 -615143
-836621 667383
-49886 -966756
581808 495638
-544057 -318409
90847 459082
-265599 501464
688284 978639
-430681 102309
813641 -729143
542345 995994
-980398 -306229
-561050 -688462
769260 -311462
-268500 -965668
797757 -183832
-184573 554604
-281098 -342663
338127 -785714
-861070 35911
809463 687311
26438 -165063
-313784 767704
138098 -77837
-448997 -142898
-520532 158583
748018 -439907
-121443 -940450
480447 509892
-365875 -167879
20890 -9889
-628285 381888
-215382 208459
255595 -158514
-785706 -891090
-333581 -872320
-776794 604334
-569834 -610396
-743773 -742630
857392 797391
-153607 259207
869368 528010
538858 330847
320429 -968848
-996584 496882
-258322 -605521
-755181 433183
91372 -693581
259946 -177639
758864 94539
360983 -458939
859199 40504
479868 -833224
-261987 505937
-55748 -687413
838219 -539593
163855 304455
69420 750052
528662 142618
-82233 -478828
-820225 161244
913804 800970
638793 -888206
416335 -471669
-770203 -342636
960487 -735564
436728 115777
511005 700783
-364375 137883
-631196 -325337
-764147 492050
-548024 451966
308583 669738
969279 621879
754033 117874
-169086 -689498
-898621 371985
-688570 582293
374159 780175
-944945 -778673
123387 -982539
892170 -33688
909159 230971
523940 -357007
887264 -30921
-418691 272428
-288827 -540345
191589 706664
-565851 350502
763717 -255926
691513 396718
-856333 177995
-918002 547146
-894835 609544
-817364 703791
-983749 -876851
-106398 -322576
-527711 -508276
-964343 -514662
-629155 -271126
-516074 -355008
611234 826678
47768 -646056
222797 -181533
-851026 -439232
199247 81519
432740 490100
877051 549800
-988379 -98504
-99440 694689
537660 292687
-752663 -691765
709392 -96294
95269 -784073
-718044 682938
-846346 455341
89919 253814
-137126 210986
-141953 -985549
-619983 -962434
848937 618249
816126 -282792
-763894 -707626
516147 219334
488525 51118
686316 693934
-283980 -561256
633340 175806
-519794 -507828
49194 -914131
-384611 -904624
-147171 776878
273082 -44803
386548 384031
480937 400584
453319 462879
-63664 -679988
181846 -661628
-387238 -927063
631253 -182649
-459508 498371
41736 746608
-137432 578605
-798811 -810462
-728725 -480381
-947887 9366
187747 486314
148842 -160691
-390603 680237
563702 -495920
999309 317360
980709 -762998
-884721 -123314
-605610 -845577
-532480 83482
542920 -182475
789380 793443
573320 -965512
-751536 923120
808753 -419608
300819 -679586
-844808 -169990
-374108 754693
904688 365375
518230 104065
966936 -35863
-13626 -536115
-881902 -90365
652433 -450544
-420742 281503
-458210 -5171
457859 405741
884396 -876725
-700466 302712
708752 204669
-755841 53112
714143 -226475
-753968 -691962
-836569 271427
-968718 444663
431919 -998481
219165 -692552
938906 311109
-356481 -835583
-409638 443817
794745 -149952
-618953 -789445
587451 588581
-506932 75598
-961913 266683
-431429 -422773
-893582 -775627
604207 -183947
-917014 872002
-348493 -891710
696770 869231
-455490 471605
-210789 -688343
-569946 212133
846008 -879149
761628 -76034
-480854 153533
-682944 -890275
877884 -205830
-691292 978137
-566974 -308090
839168 -514767
302096 585503
772816 284161
990499 -683700
-668349 226249
-303146 79316
749048 -596809
-240755 260630
602034 -329854
184793 952857
2482 876875
-43230 -574889
607400 443836
-250550 650031
-466547 -730390
518846 -17827
-650086 805864
42641 -172634
-606034 -238290
-256930 -66654
961555 885683
217261 -413331
25623 -246236
138254 1751
831099 855844
475445 -84170
-856496 336375
93116 258543
916191 -810287
155011 -426582
-850104 -917556
-707956 -444682
491910 850509
458965 148509
62594 -688746
-752367 -400820
-649232 236511
766882 -299407
485950 -996377
730401 -937622
-593862 -611826
739703 873556
285111 578432
837826 -579632
73010 -374290
269488 -622228
-859928 -516198
297464 -802303
-645748 485339
-63989 -844546
966650 -868755
-835417 253851
-654823 105594
774986 187329
-620099 -30937
24983 144426
-296886 -784487
-992498 -848730
-417081 943349
-930547 -797517
-657324 883560
-943502 -379571
164597 382078
181016 -928134
-938831 -513068
-594283 -684651
82583 74703
-368837 -269054
-674437 -753231
16904 101669
-124468 -590923
-627052 -148299
659459 803570
229947 -776041
-724930 832186
830395 382188
-825728 541885
210979 784700
400092 694167
-695238 357771
-257989 -806539
965055 -305252
-596795 547561
497035 889032
886865 -495529
-149420 -816098
-256396 221526
430860 273679
309810 463209
79556 637882
-286538 76610
219311 -319417
-624807 -164337
372065 446403
-450130 -639301
946278 -910664
-137005 -787019
-652573 -173692
772873 -633783
878343 329069
-244523 837259
-223915 -617224
318254 651546
-746955 884872
997257 838937
-840016 -112180
-476449 -702207
262049 -367531
940327 181848
-196755 847046
691275 186548
12142 -525884
-178933 292146
-381618 -450853
239650 271749
446610 318766
990650 -671799
948204 556968
-44945 906696
622226 118381
-964232 -758530
21908 634414
541634 216261
-717689 -950023
470104 446593
-200310 903399
-560251 -879875
-920407 808624
-655595 809535
-466122 91960
-70580 -795255
942357 -337885
-491519 784429
264261 -599831
-206573 -844618
-11260 -550408
771234 152396
336572 -918938
484602 -500808
-926580 396595
680841 -460205
-23594 -455900
568317 480133
-983230 -139267
-745305 -182354
512926 929457
-918045 283593
-332928 655555
-513834 -631082
-394534 806852
-99725 -893375
-703238 -432178
464597 -626245
-293162 -432511
961306 -466473
-121224 -787626
-639145 835448
573217 522883
5222 -672923
184706 854810
-150724 915053
894856 718870
516714 -45561
865618 -935004
-985706 243659
580657 981898
-427159 183727
-291560 500902
814180 -228131
388069 -521503
-131507 -708233
1997 -56863
-753299 729880
-301406 -915911
-520605 -510938
764610 -96136
943090 -619614
-923413 -489234
-21634 818058
-440928 648721
-973162 224133
-129950 446570
-117582 177974
-683706 -721889
422726 280417
416021 -817778
318625 408724
241700 772932
-160722 -696489
-622079 -273361
77012 775179
-925828 651553
24992 645342
24062 -710972
686648 351064
322611 34520
-746258 59477
-806261 -387551
494966 987678
-525764 695802
-29694 -601974
-183615 -987830
632317 797008
-100074 864826
-800004 -92594
-814846 280715
930572 756798
-844718 982814
-16936 -290546
404800 -561193
167973 -140713
391614 853358
-386635 555686
860657 -556913
-19100 -288300
386326 656598
-12682 355860
-991315 -152679
-19092 154082
-317448 877742
-92100 148341
156079 -752118
-569435 -136716
-11002 -52797
-781038 -621289
490943 541980
693076 -137870
-849121 -649914
895411 -108252
-871321 21016
-491284 356124
710788 -345615
-191705 -179279
806635 441134
993571 -561268
611038 892483
-280831 -444740
-374115 866567
497856 -505419
272003 893612
-179612 37018
-383434 -571780
-252640 205128
311727 967756
-911220 -749265
747007 246573
-663552 3762
372290 253587
-408468 110330
677581 -366238
690814 597486
-19069 642746
190826 -733396
150463 754234
630543 -171942
-26306 -724776
-420061 826107
427451 -188490
-547235 60343
-274983 -187136
891062 -636925
-506325 -206020
-855736 -120214
507664 -389865
621816 -125991
833803 316744
-154409 352044
305857 189583
-294904 -422563
616935 -976343
-921785 -777136
-596480 -864366
991869 -768518
-464501 867627
207986 158762
-323728 -949537
-236364 -586481
669635 109343
840698 960167
650792 476650
636949 -940461
331745 -330749
-877123 -323246
669324 638868
-640649 -80115
224727 -672686
-597493 -606103
817884 -14623
-446096 -50116
-3762 -483578
953938 -463153
-110732 -861854
984912 -448351
-372785 -478539
-109015 239063
-364663 -737767
532173 -94538
986627 780446
176043 -343100
143792 988405
599828 698366
-435767 305992
890726 964816
-493692 -272801
574631 -775560
-616076 -226902
562290 211195
264169 623075
12708 358269
-748108 462136
-474263 970137
-817592 -920836
-191585 -860335
-778163 969425
766873 399916
-298113 741956
-914720 -535531
161404 286870
963519 -220113
93637 861557
952116 834430
365741 -1233
526472 -220610
603265 659611
566262 -206881
261467 221280
494124 308907
908283 4523
-989688 -271075
346278 -628502
-914681 -59642
-599296 -84174
5402 -47872
-888359 -634915
859647 -218685
-231637 181506
-807372 888672
31387 -299448
995304 -27832
721659 110806
-778594 -107185
-899397 -40642
686775 -942265
-600748 500635
953163 961542
66203 476663
300814 -83960
761874 -590196
62822 732204
217241 -624950
-668698 705318
661542 74815
-129893 554642
675099 -639269
-934731 305510
941207 -259533
36209 248948
-589927 -169025
-622305 840268
-751951 -347560
-490069 -805964
-867516 -486034
-426370 530529
865675 -975763
134850 293750
412814 549170
-139038 715920
454424 -716504
-454889 -260739
-553807 849931
-160276 329413
-918896 -244931
153714 948898
911055 -974735
823474 449719
413367 -294384
809890 -507707
995102 -12010
-321448 173680
-942754 -810589
-947103 -961004
833874 -423057
705450 -789983
-627208 789804
686178 564201
273867 -641036
-59621 -346622
-478447 149830
55931 427629
-38790 -679443
-948161 661814
-161285 -683239
-627850 -107777
939473 297995
610553 403762
-693518 -899265
571825 295049
-762558 -589214
361232 392768
941939 -723778
737937 -254762
840237 -235950
948373 204343
235021 463634
111609 744310
785514 690834
-597019 -773080
996892 719008
-263903 -229394
135372 -21805
-753999 -174376
321344 -245064
-533301 -68029
850352 835569
-419941 315985
690712 -668802
-112145 -314262
-348774 -124854
-423896 300249
710987 925864
424845 -100474
-65737 626499
-739833 -290995
-289874 -239706
880838 -424911
-140997 -979958
-300311 792240
-432519 -430400
-122814 -706072
-330831 -510978
-633315 -305678
830271 -712043
966187 196349
811416 -502977
434931 335094
920966 251338
479344 -964150
865073 -682832
-327608 656122
276751 -363506
-403049 -45200
-987726 679241
264173 -91729
-905777 -423688
585518 -892172
818402 -806682
101724 -302131
674280 85272
612577 -622644
675956 148271
598087 545646
686944 290167
707280 249089
-149171 497318
630640 -487587
378487 -767385
-332278 -661432
-576168 -823947
-403346 -131409
-964017 -391214
601109 -349328
101798 -448912
488184 -835567
-689436 725200
-917708 -309157
669513 792139
370751 492646
231974 -269863
-227398 558903
-698946 959934
-960845 -705433
-150682 215401
905587 709471
530283 -253727
13181 562097
125362 973531
953110 574215
-744645 -963518
137395 393476
-663495 -895375
988335 -97084
-170733 -937220
-53515 313181
-58537 -555815
985025 -673767
917292 -995639
-501704 -938099
368402 589351
734812 181529
-890049 811320
-146763 42437
472947 934735
-7746 491560
386433 -864639
-362370 -955305
-243770 -578861
521614 -186788
-889472 -403526
638942 -232291
-367686 -446285
610614 396512
72339 217352
478671 -130258
-383766 -289569
-136867 420610
338252 -891309
-894200 106896
-345122 218188
-678849 83298
337126 -253589
-730780 572888
629924 203806
-284628 -163952
-568228 963448
713961 -590598
-762338 -316221
-329346 -129040
114313 -761324
-580974 -325059
48660 -751068
4937 -943500
-887610 134516
-347722 591084
-191527 563462
538874 288180
-418180 46331
737247 899689
-556147 -923984
448863 -200374
