5000
614969 235650
-420297 325581
-58239 811412
-610226 -822957
28561 374257
-78997 -561847
139990 -622853
-676382 -118151
-853564 150973
154466 245139
537280 -900675
-737638 669771
-125055 81304
-54054 -600597
779753 -555551
387119 -907919
619877 582327
-767936 109681
448194 -361708
-840352 617345
-919522 854729
-244227 179161
-519492 -473548
685381 647568
-643122 -659545
-871531 -697572
-116861 -1154
322900 -584583
495045 -598146
383678 -759292
123321 54081
423078 -19024
437203 782768
-697746 532473
755961 -276613
-886775 -576981
-220045 -144848
-307159 402847
-948174 -897785
650279 -832985
640193 -424716
-3740 -141565
779443 -234683
410232 638682
-991059 -339007
-777761 880000
601739 -911036
-571423 925721
775719 -495816
938325 388144
365702 -746639
172600 170040
-219915 152247
-474818 221207
433769 371534
641881 422786
908365 37391
-206139 -814762
840730 35816
-2268 777135
-214336 -184254
976489 -903932
-573972 -241381
-839960 -343589
-61156 -850785
270548 435054
-493587 -503794
566010 -672770
-835033 591146
881175 -916659
615981 553196
501624 -550630
679717 999809
881172 -704455
-338490 -950865
-710828 22785
266306 903543
-650411 741092
-61045 -791154
433652 -335376
-957031 13940
5079 534287
-586366 667114
879585 682246
557653 319222
-286420 794094
-380745 945116
-705183 467144
937478 -247527
636933 33170
176841 -464491
-118399 194538
171203 669577
950161 228574
65501 -183638
702662 -663843
330504 -911324
134112 -113054
-563331 473659
-158601 -76990
398518 270404
138510 -741815
101597 248830
-342764 -530038
-738437 112121
911288 130940
-301725 -189524
313281 -203076
768375 446988
-705590 -334396
377366 723471
-694821 -121358
608110 688195
999188 238265
313492 507718
953874 -633864
88897 -591891
510815 -245570
445416 834596
-713137 686829
167538 -361085
-992649 -545667
-929671 -743986
460881 955492
539458 816877
-609721 -307846
-265875 -211267
-334989 375132
-293210 -202795
726246 269586
215744 106954
-436288 441922
-581404 520920
323592 824445
544212 565757
409296 -552454
326104 660377
-92363 -145763
-667090 -503134
-541131 376603
-601699 -471052
-224286 929284
868749 495121
-495752 -940208
-660803 564398
-826600 -767605
665672 967267
-564738 277782
-487246 734059
-667364 -881855
357409 -805176
-216766 -850086
395564 -876168
948913 705992
356873 986120
-746557 -411477
446971 -612209
-258830 -395725
118876 -375899
-525193 470936
558670 -493368
-415094 294735
-955825 -516421
969126 -503154
-599152 538606
-248335 280410
-971444 -950551
856649 376669
781492 -404005
23791 421998
482915 -542940
-458331 -705974
642623 -909269
-125902 -548935
-213865 828041
-181006 -772145
-931304 -576724
141751 -65301
599015 455764
-846884 -34562
564315 74937
345817 -674815
-8854 595318
342729 -526588
535501 494133
673886 879713
542778 -104666
597814 -160816
995832 908250
824748 939541
215968 -53465
-524329 981674
480396 298996
732700 -82757
530352 -695089
-726324 426806
-781695 645801
-538125 -718622
430060 -298272
201935 500353
-41659 -592533
-557142 40230
218188 300893
792379 874060
348707 -918510
978647 354431
429003 711674
79354 -398484
414200 -800834
313027 763704
-632116 593701
683203 -104890
747653 540828
402703 900421
-591992 -598151
-549047 -871987
502848 -36253
-858727 -78771
-913658 -947354
-836144 107968
-921199 198025
-988959 503375
-897382 -676036
405625 -476114
295500 -656207
-845145 -825390
-496137 512790
810755 -909410
-469662 82196
-740520 128742
-400101 -961448
914651 -729530
63379 474944
-890229 912425
-464215 296449
769661 -912633
407358 -660396
-247802 787005
443367 -393319
-893137 536790
-173234 -555685
784626 -324667
257187 -432219
227253 -787727
493093 -914858
-66718 -382093
445313 757891
506951 747479
-135472 -937072
55261 -516259
-890854 -558019
-993539 -186059
615265 -74562
42681 302690
-417305 742996
461096 -288197
587 -329239
945139 -645900
919086 996861
-787718 37520
-659319 -530370
621409 -461477
-420310 -226604
607545 -700267
-988320 757738
-969350 619344
-834970 814358
888266 427386
-638763 258540
352150 61546
-633514 778574
111342 675053
-300979 -531381
-773873 852914
-941157 957005
-523729 -766065
780471 166715
-506469 -310995
198317 445893
304757 553843
-222400 -405416
-276017 -75399
-371468 -719192
726403 -631895
819947 951364
271227 -361403
375465 701345
602429 -145592
368147 -853276
40554 -603413
363921 660537
-823896 96923
-507923 -187351
251595 -445260
-143371 -645838
-292995 438107
718425 -390484
750168 292855
-289935 762096
-408217 513748
515710 994400
-838161 256915
-127837 425453
-211087 993629
-302619 749337
222121 -373064
-776834 867
-794825 -239678
-42223 93030
23714 934945
-398799 -487809
-73928 -170983
393563 -853170
-660272 -982215
-58081 -146937
33363 785693
-245855 -317314
-816395 -161690
153871 -71747
-612619 96086
417577 -901859
-236682 -834737
765582 882873
596761 777361
237211 -510493
687109 506593
-662105 -612390
721423 870171
846314 -601902
-751949 36551
-252252 -970124
-581721 -461774
-357203 -479817
72787 62325
908351 277112
-348037 -583203
822323 462042
-543215 -736441
-350695 -840373
-475263 2593
612288 295687
-385871 606087
558830 525714
-816125 -699605
-179680 -262652
-666024 359770
-66564 19839
438062 459554
-912237 -978780
-963652 -192535
-586456 -861322
-766577 -676588
-600457 -777664
-243359 -772225
875068 744793
106979 859556
-65497 -380190
-196560 757289
-899884 146821
211248 -606852
945302 -940169
624372 -653984
-316756 27823
966187 166084
652622 -435596
78112 -606829
18750 80065
317872 -443994
-561017 315994
-43338 144987
620055 -906145
776685 -863140
-545621 285126
-852715 -383123
693514 -843019
523587 -250606
83416 -271543
-920294 -337020
-231276 761408
-250796 451052
-291193 185116
104189 -182811
-641443 -536478
162893 -888436
-666608 119639
-3725 505369
78474 467103
-342874 614054
-730321 -805422
-134301 659081
687272 -623169
473816 549248
127247 -384188
49562 -126922
882010 680261
-160137 -110860
-373532 -481453
208324 -787161
-741468 -442915
263274 -867027
-471045 24488
256047 318616
864742 462867
141921 -940868
571207 636194
-978839 229305
153592 111923
939823 -295637
694460 -725855
730249 453627
350653 -967384
160432 315591
-39584 -827053
808119 -204476
241659 805744
-268924 506055
-860898 144052
-803071 960395
255712 -599886
232074 360097
-218462 819509
-842199 -63651
-951920 -194106
-760543 924319
-859055 -415132
-418259 -974901
-19502 -65135
-427918 431074
-861857 -183149
695308 316650
-409178 192235
-833970 -179903
-907062 640525
474844 -905715
-226237 -858846
-331353 922838
305747 443161
-417665 -587510
-85497 -272710
702791 -406072
9319 177505
216608 -653677
-238775 262178
-712663 176713
437799 -862516
-783952 412380
502805 493431
822129 846649
-880593 -187221
-820608 -609298
611961 356029
-33544 408123
-611135 -81090
618391 230324
866600 239211
-674351 14017
-538833 838592
-500099 -704122
536848 38888
441482 83961
17862 803193
15680 -761155
978031 43815
-470405 296729
674948 -269067
-310050 12039
344827 -617412
-578282 -882226
-754587 -212787
-484338 229879
523944 -847197
-809926 458274
-143484 749940
868530 -941388
126080 -91242
342644 858596
509089 -348421
603314 -653151
-726915 -231435
-673666 593335
-497050 960369
-58788 -981159
-820478 -164356
-218441 -94758
327702 -688395
-73927 567397
-635246 751022
951640 -643793
-693659 280323
976460 -170431
-351728 688962
-397882 -277427
-377031 -777671
-39228 842734
72046 280499
-162516 -525459
-769778 -513666
-570887 -15227
-592619 96396
-153455 -521795
661778 911211
-314890 652363
199023 -822712
736864 -672999
159774 41718
-717223 -884153
-797412 -111791
315013 542980
-1139 584527
-257718 -761395
127862 -744418
651429 -120893
989080 -156272
-395071 366589
-241553 -85931
398855 502624
-49034 -55652
-749490 -362256
260565 -76137
-385270 436808
850807 515836
54235 -483739
-361235 844994
756494 936815
-170257 802556
843902 -501417
255977 -710313
-281876 -190165
-179100 600043
949955 190565
823448 770820
-197233 -560867
-406370 450268
-531255 710148
333834 587236
-919820 764443
813519 -434094
791705 -995868
-765641 -430959
80384 -455872
-887966 356986
-818604 761299
213602 743480
-345792 616352
482822 233452
-732482 -778106
-336362 272200
-140131 57187
391798 864282
303740 529569
622228 -202016
-714041 519586
117345 778428
178733 -684911
218723 930120
-633811 497387
671837 952583
7789 -407382
493297 92507
-817399 -222860
-390085 384832
593530 185876
-681997 -503803
-499376 -302884
336910 -211416
905342 624712
-964601 -199338
-234568 -275600
663797 -468305
314998 -710264
-638483 -651405
-408285 -100717
-391003 -748256
238566 67847
672970 -182606
-964371 816813
-197052 -19197
142874 145773
381933 -917814
-142503 415473
-689133 -427564
-224809 -390329
16912 -703040
734308 183385
659922 -723581
982136 -501738
932241 826571
28398 -685645
337689 159001
2461 629270
710723 -533802
143797 153189
544829 230351
-508556 202600
78129 606281
193157 358683
651168 896533
-255495 925020
-367214 854339
829374 -748018
-985672 -909650
-741613 -864125
-911294 978089
-978222 764446
-582636 -266714
-309512 -287232
712714 971243
-80273 345962
116538 -524354
-437677 -969213
730337 -799624
808249 -803986
654578 -736177
836525 453549
73434 569596
426300 255942
95051 -475180
-512710 114081
700067 -281825
86268 775503
823637 188278
-643829 492381
-59930 -839010
692324 -925940
-689679 38
155553 719867
-407284 959556
950155 439802
374977 263174
-799241 -69051
242519 571581
-404719 996891
-308919 527155
-608476 379150
111265 774443
-905753 256155
-535734 349845
232363 165650
325243 -451181
376904 574501
833199 867703
932802 320087
-539724 -60345
-150562 297293
117486 969067
616344 -736505
761976 888396
-136620 949930
143566 -561904
269914 -391641
-499716 -970599
338237 -219476
-167838 -358226
405649 -115291
-866961 728168
922512 -687059
-641089 940349
228291 505930
956406 -579407
-933697 651187
-43958 -31751
-245631 151444
-723681 -805077
535029 928946
-153981 433752
-91293 -996650
334774 -543867
-225105 609893
-534616 -107946
-855415 647256
732770 -354718
643339 952228
-543768 -617135
-140600 -199116
893624 -160072
-438550 390781
422886 386077
-241863 -888515
-779518 -242445
-396545 353735
-976235 -357301
-72099 438001
-445980 765152
-700133 -331004
65974 624815
823847 -1205
973666 900154
-601435 -949036
-290952 -654473
484571 133921
670083 277798
-543108 -850331
-366745 61839
-293211 -606693
-761852 -189154
606772 922184
-304199 -11854
504909 859585
930621 -606470
790310 575075
-278259 607612
-142895 20318
-973197 -462473
128661 921612
17117 -693548
-522241 545311
-936855 -838981
-771918 -821078
-309708 -451640
-544411 684408
961913 -708050
-544382 825682
532619 542332
-921612 -224643
-499870 203516
-217814 738640
903911 356712
-835305 933495
653062 -88873
-658183 -44883
-362623 -426411
-538386 -670220
-996045 -103364
904868 -553307
594043 -82337
-202519 -898501
-178586 763861
154925 -754068
-501544 776684
-964167 755946
-847961 477599
167696 -744016
762550 320778
-122380 37099
930047 -9729
-95152 925700
-969735 710651
381172 -214294
-356106 -223186
-183991 547653
77586 -332668
968730 -929889
231587 684729
681365 617770
307213 630721
611884 294901
481280 839122
705075 -74663
384135 -564375
-104749 367732
-440030 -925204
-639599 -659298
314029 909982
708868 95323
-356266 -239639
-409992 147700
276708 393483
-958291 288842
228771 35067
228198 290180
751094 -655315
328388 -183298
826524 -498997
538807 378152
-984374 980288
-184244 -133554
959989 -103926
605065 93823
739713 57662
982402 868473
-851310 738807
994697 -795702
-630858 -622148
432043 -234073
706045 450561
475438 456335
938651 811669
-910508 -853473
-503159 -669454
262432 415120
101507 98882
823034 -207614
-294105 -985462
-888217 -607216
721249 -898707
-30332 -360116
-502135 -913683
284124 850588
-850704 56840
-617313 884259
146351 -336485
-145776 601454
799714 -317926
-657932 -989291
-40435 594263
-453995 -622954
-293372 -720393
72027 -793261
-996400 -184018
-972165 -636373
-402904 828148
227780 -825601
539015 131606
543459 -87148
588926 -846750
-391395 -62870
-499879 -351652
-864323 112220
780134 -217799
-861570 833818
911672 241335
-184413 -454543
-95806 -279408
-570376 -687987
357149 -158483
-319196 -663320
-323456 331254
-808511 -918634
698464 -765260
-821822 -53393
713351 -496353
-141038 913990
-318404 -664586
-331913 -346772
-509820 -526068
-371913 -463058
-908794 8845
-129632 -469154
814217 -244914
294760 977460
-590365 744124
535149 -586981
-313544 448993
168518 388643
-722104 -714032
-406343 -68745
855205 301004
-177761 -274131
-714234 952859
-87337 105386
-755640 882827
-761022 -567208
-249520 764737
-269296 -372701
186610 -433278
-858186 161414
821416 -502944
-391656 201512
-275990 405439
308368 -76421
-808254 529912
797969 -413501
504809 632491
-223439 377600
900824 843363
-738842 -409890
92072 991356
670969 -748505
-356621 -543633
676810 -720244
673076 -340239
838868 441322
134389 611126
468749 -512450
343495 273885
-678754 34124
-182769 -727137
810441 101889
-963997 -486073
157926 990727
-138038 497690
-136300 29653
-641326 607587
-201773 -746221
-413729 915139
-632084 996496
-885726 493622
1762 562873
-132727 626514
227030 558770
-180986 748513
823010 -420086
551377 920067
-894014 470664
-154746 -574918
533465 188244
-613684 326247
319306 763054
218274 -800818
891490 649390
-81669 -708228
-326797 668798
-560286 -4522
-239234 175014
-285411 466085
-467606 -96839
-466896 -78332
-159525 364711
525691 664555
632533 692195
-376582 648762
494074 858936
-849118 272719
-187257 -929263
-220677 -825597
988350 428658
175556 -787157
-29486 -830599
-853820 119143
809224 562290
-220167 -739419
65368 -24576
130976 -545864
766401 16421
789013 -157782
771077 -216672
-143442 -308149
266000 -275784
183538 -491687
-151759 -635562
-6281 -197204
-101629 -219174
-373146 -266614
876411 94275
973366 203369
509366 -507642
87790 -397802
435140 852677
-310773 118293
334035 -187334
-147031 348184
-810945 627523
259545 -29899
-524406 507293
622615 138600
999825 974759
-130951 331761
-79318 -41192
-342420 -541521
143733 668497
249091 -594593
-971340 780006
505772 954580
-176963 354185
472725 684820
184971 177062
-354437 168359
690397 -280668
-426196 41645
987081 -36532
-881221 -524777
-644292 962054
150160 886142
-387878 476475
423102 499579
534642 -16547
-853991 147526
-299388 897858
220521 604982
-868721 844621
128141 807377
692968 698103
984950 636882
319614 -602420
902291 461122
-57511 -273569
-537750 113272
-806213 -459695
167739 54118
301758 -198963
-765876 150713
-437177 395146
993529 -315915
827411 -408026
74154 601929
-882967 13045
808545 381585
863083 516470
-57803 -808593
252376 -910286
-31381 908375
208969 810742
94361 542319
495464 -609934
-178613 -708846
-782995 -819783
-949173 -734582
96681 365349
-885809 809345
-592072 -581602
487348 -299865
10352 123607
-305259 101816
-602103 -444745
-215945 -61336
174882 63131
-911978 620643
242396 674932
965606 -386963
-157008 -687790
929766 -36106
-34375 158694
-464958 -70274
644327 51850
-638101 945953
-833695 -930254
947667 505924
95296 451254
298331 -676841
-617332 -150195
-849532 -401903
163713 -996918
658780 -300268
164306 -405629
-93093 -146211
860744 -532631
-451528 -68238
886910 -849214
-740210 -101752
490495 -83383
-497817 -184061
-98809 -866123
683361 474412
-752609 910893
613018 -168602
727190 344377
550955 -246326
777988 395598
-890256 -926385
-699922 417183
-472168 -262587
20037 -152826
552824 -883292
193187 132586
-292444 578589
-362824 654717
-811593 819874
-277561 298105
-932712 -890265
265607 701353
-3804 753343
759447 -552719
-704683 -707617
-683267 -635628
972412 89582
-309398 -319545
-835233 650837
-678909 723062
-225647 -547944
-825306 725620
-478350 -902719
-916832 65469
-344976 559804
110709 620448
-581490 997118
-939 597864
993796 949921
-493004 -393600
-41544 -422380
-388874 620508
-894887 -415962
687608 32472
-590149 -158159
521593 -13541
968573 889470
95987 -96532
-908157 -431724
737563 -345985
-891525 -968704
-649449 240102
-934114 -167182
974054 -826773
545847 398487
517028 540356
9976 -398963
10331 -694206
-505641 395936
-731279 766021
-648431 -667771
263941 -51457
-501732 -434769
-793105 -92520
-97939 228964
-310472 3508
-583013 509920
-396889 -588580
-843026 -303100
-655655 -82274
-369506 276419
-97688 967670
-791487 153823
-686167 765370
-979891 791822
793854 784957
-485608 -991948
-13728 466242
-145069 580337
956877 -498399
616943 -744833
-923523 642476
70296 522852
-772492 391347
-54447 874963
-213251 515629
-202087 896249
293289 -664319
-422307 560967
-755384 -351101
-824430 -118332
663332 -558144
47488 -739750
-624665 431930
20245 -724564
-245296 971178
214489 139896
526880 -609924
-766054 -391763
576662 876216
-289142 -244160
-147834 -305304
475520 -145802
796677 -556248
-616334 -93879
762920 329978
377999 598757
-905563 609066
-242498 -938003
852596 -346058
-79467 -592524
-730641 600605
410857 104794
284850 -138860
86621 570670
-353801 247268
803462 -992256
838386 -482112
525353 53952
-330083 861390
-90489 509771
593202 -752978
-284653 -727004
-30779 560885
-329082 -414330
-698577 101250
-496733 85077
18690 499104
-728970 231033
247587 -530523
-770948 -170004
-784124 457548
587212 242254
536413 -590894
-240846 -468464
-435748 296518
-541005 886618
783772 789493
652983 151574
-536453 -840065
439331 39342
-418430 -645133
-868315 -73663
-695704 61185
-323318 -651557
-132021 -133062
-729987 349020
213914 -218537
-946137 924184
487063 -384636
780317 -862158
750626 -107079
272536 25484
-885248 168937
422508 -718540
700836 725315
531442 -234236
-704245 631687
-80375 42442
103172 -300730
-386782 -980559
-784813 -734406
968539 20594
454003 39912
-213689 -590817
-366506 504406
-343206 168219
-673611 -369907
311318 101116
-990475 517435
-54672 -153428
-791536 83661
319844 505212
983844 -820959
490709 -564260
158638 -521988
-355394 274228
-280590 229657
422679 825730
506027 917036
132184 -180423
-235987 204240
998586 960942
81151 99238
-929800 569871
870185 -195725
-421749 970233
792592 461346
-64783 -289404
-440411 -455971
-776267 907189
-441746 -568360
-250165 -235423
-69178 -367888
-552275 863518
-472097 -701283
-606449 -722637
-273160 160294
-880647 -581014
940873 -614851
105184 -33568
589526 -703060
-255954 632559
766786 658989
208265 858203
99482 -718645
-262899 -264073
-213990 -147667
321135 -481200
858871 993817
662695 998691
9908 -52401
233826 -78994
-950793 175672
-496999 -759141
-91794 -74054
-830814 -923587
91930 327114
-923125 290451
649043 -416322
-259528 988854
704445 734192
-937664 -12273
580530 -173117
397940 -580880
638250 -976031
-295348 -494705
-83472 -230978
99061 500592
103621 -999970
-711006 -213930
358551 -342936
-762885 455327
-30783 637855
745233 9654
810675 -682335
41649 235886
741315 914630
-791369 883147
125884 742777
982875 -299628
-774512 642770
-58615 346578
-5381 161314
575183 -637131
382085 -927613
221991 -344456
-441178 3338
790666 -541872
-974013 408174
654193 21173
659616 241198
712089 612418
-2635 -667645
-446156 -354406
124300 -391547
882177 738442
-984487 667659
359338 80661
-782364 -581012
754728 916037
-216692 -71985
712980 -61469
-642267 -259471
344122 -327040
322399 802606
441152 534566
325922 842164
-5760 -259278
-892652 773549
-730652 -101699
581973 -815980
-455914 613963
314216 882318
58001 645265
957269 169850
-191049 342088
203499 -229207
129583 -240550
744570 533894
167627 -473086
756374 234516
-757481 -253926
-26898 -858320
745732 -285855
257273 -759900
-252231 313025
79911 227469
864700 829456
-686098 320039
959067 75234
606220 -900950
330921 145209
-350534 -123295
422399 -830349
530780 359405
605641 -218073
-500880 738948
846294 -156289
996065 -338355
-937102 -505378
195973 117700
308458 879660
-864633 718061
-187223 -279119
738690 664247
-48900 773306
920177 683228
960380 -655842
-852575 277600
869701 -872267
566238 -516502
-548300 -113078
-149007 699764
530586 -762395
765771 -253130
-779124 110139
-810400 -556871
-652722 -40313
312227 897064
787506 94656
91149 862358
-555967 -236750
-82662 -405552
-734532 -774178
-271574 558883
141499 -973468
444720 176768
-850780 482463
959757 512588
-19265 -672491
-949674 185939
-777184 -589875
-442795 180031
28476 432002
171616 119230
-840471 -195236
603175 559205
452245 272670
33429 888592
333262 -729279
-404186 -616458
854392 306327
-250724 -293147
485375 747072
483737 -649251
227591 -506530
-917707 914203
664436 927849
-663547 431329
-633220 -167165
-644905 -83741
-585743 591972
-635046 -896006
-137659 -998461
-917157 -343063
170890 165003
731383 962280
-255070 -447115
379308 -222954
194385 415393
-152452 916278
440490 648153
-403099 -274920
241508 -307539
-767057 191547
-96568 -540853
-464681 -882644
-887560 880673
664227 -16432
230833 727828
63596 88330
-503737 -529768
36538 -842301
409790 249990
-994455 654116
-922871 342717
-734737 638502
-90020 -933750
-742031 51744
744294 989304
-708026 -264959
-294204 167201
179362 108700
-164796 915932
615760 -650141
-68871 -822901
341088 30823
-113721 -565778
45943 -800821
482993 276728
944579 -796891
18663 166590
342286 470169
144735 897493
-406537 26217
807395 -601114
369396 774791
-276455 292862
538669 694302
103819 -493364
-499496 -49916
-41153 -332410
851814 -896993
-638866 -182544
-335375 733406
449870 -651633
-995426 361287
86530 -522929
808656 -466575
-346430 -180924
963006 -421563
652960 177616
35613 -600762
-480582 -562402
639251 376251
-550983 -530094
-326244 712331
-616697 169728
-1275 340513
-69348 -721009
519424 -832474
296502 -391667
-932696 -559042
8603 540005
-761489 959067
-233275 826084
851913 26182
-444192 29456
-626038 879546
-344992 -866456
-122018 -473294
-204362 -770604
-696927 436476
731833 139114
858042 -508152
-342440 395445
891398 675660
-653920 -894481
884849 -131865
342664 688790
532229 163492
369120 681429
-394595 962971
-624435 -793489
-644153 -890452
860053 533278
817037 -159859
-529038 -884158
-299436 852580
613598 996227
-12557 486927
-210233 260719
284553 -663101
-151673 -328752
446305 -902841
-611722 182311
-933292 336771
334094 -266843
969655 851806
495191 -970335
-371025 290978
-32769 -223894
850304 45841
279193 717120
-762235 -786721
-139296 -721030
648740 42941
389885 829748
79686 707546
-51212 916694
-238849 652418
-657208 -985800
910816 333913
-216194 324500
-496677 -399415
252437 319139
-976248 19200
-740553 -50769
-970123 -521757
-236946 -930446
-614294 886091
-865629 159385
-306903 -105807
592713 742029
-558789 493011
898917 -694210
788505 -652524
119074 226641
7042 26936
740733 -345440
-602448 -384882
-605277 -615678
-237007 580135
309224 619545
727829 -48194
-742163 426125
230976 347705
456099 234771
4059 -512202
-801231 -818089
-920082 -943123
631156 853504
-364366 693379
958732 804561
-805118 -275770
863051 914523
970097 272486
474631 593409
193345 -532237
-440161 14866
-729676 657815
492012 -37452
357756 -623980
811256 -72718
567628 696339
251615 678781
-39746 572683
-833574 465323
-7246 -194132
-997427 -742903
-888426 354368
102915 -459204
592716 -624222
807127 -798690
-139039 452001
405531 308948
109448 911034
-698101 -445167
-792254 970978
890603 -665490
36214 54568
764554 101774
653 187434
545137 191082
-205144 830710
691461 706557
503574 668681
-490183 -758594
137344 -539733
423263 784751
313736 861287
-17921 822062
211631 -766362
-643191 -93945
878886 -544423
-927428 -610717
861302 184952
-906972 -141198
-736124 -902502
-442646 -445869
-681250 52158
-88218 -878680
-603063 -510188
953148 -220149
-262957 -319610
-673630 783288
510815 652121
94274 391671
720168 588584
-232378 -77689
108965 -64276
-967354 -409283
251242 -628892
338470 -807463
533244 -549832
-941392 -278182
-156558 326798
-127013 -179265
913758 754783
-139484 665688
-955517 999855
-276546 -538816
472052 470900
695055 -927720
-259739 617294
-261524 -243174
990939 530971
-318386 -154049
-742182 -498991
122738 404126
817648 -627278
-140064 367075
571552 314500
-419833 -196569
714490 -836010
-686187 -806781
-923971 967058
-628614 -185014
242181 -59101
944052 708496
499764 -709418
-874680 -858137
-915680 -107815
298 14344
-387650 98866
674869 -777197
434069 -565195
-359467 43338
429913 -418080
-310697 397810
-494336 -666005
-105316 -960835
531948 413053
-936805 242127
-516871 511443
59225 -308050
833836 -993488
837931 -97967
-853616 774051
-277161 -485580
-107969 -872793
-810544 -488705
-816315 509176
-898161 -649399
-587919 -867379
-192962 -928097
146057 -178894
251327 -536199
359688 -911313
-52735 -688767
-338854 518172
-164037 -611024
-186886 3899
679206 321140
917330 -47769
629284 683406
787766 741738
420316 -739078
-199680 -278285
-491354 -537739
854306 -674887
991309 -769304
-768156 677011
21507 -599302
-80865 117688
235358 807423
-61709 -98158
758772 783074
867753 315989
690276 -150533
-780852 378418
-77828 300945
340840 -50028
589088 367664
-695059 443814
905262 493481
939278 -278961
-320962 979669
-573923 549669
715726 -602142
-696470 700797
-213728 45334
860572 539232
-488558 -153177
-196124 -572812
-826366 575024
623448 761802
-240845 550739
-994247 813370
-448793 -406226
-224210 506442
85660 -314711
20629 482715
484895 778507
710167 535267
56747 769412
-798572 412251
-544530 324779
-387949 593933
28501 955164
-498127 -427448
-766992 156039
-470735 429158
-825554 611813
-520409 143521
-220599 -131094
-714784 -825764
-280991 901731
-364813 205196
643579 -333232
-288187 -208630
567667 39904
895574 -657722
126407 -184171
-850204 -682290
652601 -187724
619378 -971045
75355 439938
-487327 791378
988396 663322
271242 -716891
82089 209764
-914672 153499
815077 -632460
-713969 -609563
669771 -383445
669415 -789957
-260704 386167
-946004 -292789
143425 -492493
-514366 348174
172801 -291689
955755 -597696
-306941 -937096
889398 -61603
-334603 -543271
-597669 -594880
378409 102712
842750 602263
-865857 -801143
-607770 -594332
703721 555031
395126 -429100
363950 -915723
-474068 -883029
-621921 -25822
413501 -550059
548105 258368
623413 939207
624987 787666
161025 146435
-881800 -814849
-716884 72086
-611253 -759387
-861515 -105423
434464 846518
-629289 -285286
949346 9707
-596967 257140
-524202 -167033
950363 166013
-842377 840030
979361 311254
-154054 -598469
641041 -93935
-954914 459888
345991 449779
-263471 -34528
724587 -738025
825386 -568613
-340606 -133658
871396 -353394
57295 -918211
-234121 465674
-260295 -761439
-596399 184891
465059 -640171
-152523 -969546
430371 952184
-505746 164992
-427473 -66820
-761105 114691
-267716 -642462
-728854 -854425
-597654 675705
-279025 -664186
-174735 155762
-912426 -688625
-896764 795119
-977329 130711
862682 967567
895766 697469
-409075 226597
757912 -945660
835522 -338182
695962 174719
-650593 238755
-489028 -817704
-322157 475203
-61193 652726
-500967 993870
-364047 592744
616058 -193048
-918950 -4826
51180 -874433
-461309 -861324
-143606 -896721
-832293 -710266
-282143 346441
482473 565891
-88098 563873
872687 437899
129490 856803
588574 -613061
184323 -853435
323757 143763
-268225 -378559
-809503 -161632
192097 847222
596208 982787
-779632 890073
-918951 702886
938155 172594
-187181 -455644
64577 343808
712065 -845154
-751035 -205993
-717859 -346487
671476 571817
713032 831690
565784 -680245
986774 707359
-772103 313106
-253618 700921
981856 878251
889020 -911387
-913204 -143559
463891 -181790
-420314 233787
79607 -736191
352303 142903
400733 464033
-805478 698036
-815531 -106040
144593 972844
-58623 371332
-19450 139512
749660 -206717
-359361 -795013
-811750 -136179
-688630 279796
-694308 -481949
800323 -880101
262631 626591
841585 726616
-10574 304432
675401 324412
-206049 348693
159224 -252096
83069 827489
36085 753353
830053 -58233
-881968 163840
-692779 -883685
484950 -695251
-786622 -142814
-177232 -13025
-600803 -495530
-220654 988013
-207485 -473630
602437 808389
152064 725177
-151674 429665
454612 393197
575152 -717047
-25491 -312253
640009 -258005
-844368 603545
-611663 -40149
284734 685168
-268165 -112472
595018 409827
-91062 -488901
-442969 193459
794640 -554711
987 -420233
403655 -889178
654530 48542
-245751 909200
597393 387329
761271 687274
-237102 298564
797282 529139
-11770 -572942
172756 -294718
486060 615434
-656085 338628
665140 -449159
-224615 -146193
-115783 61122
582243 782992
-917727 695837
318454 155633
-582848 651366
-270016 908511
837186 827694
887543 110303
-498293 -638981
619951 544550
-254673 -868822
-558598 266908
-131830 -410228
579705 -912571
-840380 -561923
944082 -424218
972802 -412324
388260 -848451
-731585 898436
-327912 185086
-856467 199311
710707 978825
-816363 590810
-238913 -792039
204505 275396
223960 254008
692934 -111231
979292 850228
835226 -150154
-557840 -657001
-424684 45587
-199833 -682150
-112585 307138
-34850 -223176
-6638 -352679
75037 -594156
-484475 -636384
176092 848937
-710425 134580
426617 -588370
660081 130145
-708788 561955
569032 767337
989842 -365108
742752 -743981
-350725 904002
483502 105395
-851287 -405721
-232553 -863216
-946595 -214272
-816612 737865
306523 147718
-310190 179176
-967605 268368
990492 705861
555716 -344966
-40671 -824220
-992365 992608
-445826 600869
831920 834267
-30104 -740199
-147111 605235
226036 -870868
-370264 -734820
-901921 599478
291384 314865
123332 540874
939806 7165
415033 -32133
-758491 -705956
120808 -31390
-712326 23318
-426179 230561
-292258 274761
920171 -884338
-969291 502664
751251 877939
885913 885417
320091 -725817
-841110 327630
-578613 819205
14472 -907339
-965072 -351366
681989 860132
167452 -175397
604970 319984
-92667 529597
744962 -228298
270037 -50817
47819 -969542
56890 -323290
-592841 169084
-339720 942203
-797176 622536
-634162 -197726
-552837 987101
593588 -928402
598603 -855088
-312958 -743746
14718 -705790
-634930 -224364
647006 285302
-18751 -532796
-888807 19469
-895267 546762
229146 344175
-568342 268642
-223512 -406116
270674 586813
215818 -793395
129125 146276
-500618 362435
580274 634111
99171 -733827
-722434 61345
411356 312948
-465314 696903
-4649 -501391
-890562 852609
449307 311298
-184730 116469
353333 589198
-166306 -580685
473156 242420
-921616 21198
20658 816783
-91031 -649823
202583 -940355
480541 -145012
850943 648812
796587 711233
588559 113423
-740 260446
7639 438584
517000 -222540
94076 -479687
753341 -746811
-789158 -434638
-377304 -894233
-793430 754419
599434 -285887
653761 -185613
-926809 811376
-68452 -226158
963201 -103443
-296648 89758
-452572 -381456
-178737 -926256
269371 -314923
636709 -229854
-631773 -988629
-82089 753638
863489 239537
328383 -810618
-961359 715323
-519645 -575434
-555221 -904787
966651 -143997
-150625 -686142
-141315 620803
-937835 -725441
31584 -213753
609297 -575206
713782 -693325
-194192 724215
-601016 -346554
849775 405142
-788762 401121
-747680 -609486
-928381 -75001
137582 -604353
36547 -226773
-593480 -519083
251400 717987
-829493 35466
-569253 187413
-970140 -811807
603412 -575209
302715 838092
-875558 508369
932184 112202
-110304 868764
17341 550266
-704667 -497154
-834714 695042
-526937 -321892
-250478 296181
-19161 167442
-89662 -35444
-913303 -632424
533881 579242
-900808 -979991
-215522 541301
620494 782335
658328 292818
-656918 122444
-525853 566546
-873601 -734998
-658620 788980
759174 -572161
612596 991204
-493673 213898
974484 -833003
859123 -288107
732027 -684251
687469 -131477
-889571 798474
-488597 -376336
-603734 -588373
661517 -738168
-635673 168811
198603 -918338
291156 638790
-758989 -112979
-16913 443493
637634 -201124
-870690 561954
-589420 -978905
-932322 -640017
611208 -967416
-837781 529138
-827253 591104
153282 -378884
930187 570767
718261 2564
-283443 488243
909670 577430
532881 63419
611482 -886892
763409 517086
-548511 -383698
-304700 -7643
-697839 829740
-571710 784449
486465 -623676
-793867 -955240
600706 -458023
-139743 -761725
581158 822264
56739 296046
-368473 83206
678393 -918819
26264 -21828
-482910 149755
158483 -162458
799377 465002
613424 -57390
245948 -855716
741886 -130381
395493 -581971
-567009 631668
-101183 372598
-962054 790593
497507 -121232
-223008 454066
771656 668026
542515 608344
922599 -18489
-653714 -464573
-936993 -324073
-390642 575384
446474 752554
-111920 631396
-643433 147758
362131 -296492
-262780 -667708
672332 -184320
-288230 512679
850001 946033
-78525 746643
-96589 673075
-670848 -211803
546304 872187
-438376 22928
-817112 -201879
871787 934332
391752 -178398
-192932 732221
-12792 482395
-871823 -730641
246755 665049
-890473 -474827
-825192 669282
843480 8220
-430401 -674609
-942803 -672284
-336514 -94397
-610184 -574678
153514 79271
-919110 -54141
-104989 292315
72471 -749803
85915 174276
263882 515109
952794 275063
115907 425194
610925 -723737
-697856 -708951
-472491 735850
202674 590566
223213 -224381
-458495 515713
858574 -509215
-918921 628517
-431272 -22741
214208 -323785
422635 854460
-294563 931892
816283 127441
637966 424688
-443522 -275238
523622 -695178
138948 932656
993058 196141
391593 -58840
-318578 718733
-152088 639956
970986 946338
-221647 -339068
284399 -669561
586709 -5743
-238367 -94158
738365 23602
823456 -228634
832259 -357305
869958 558978
863387 858003
534239 51637
489957 -751335
-94250 901504
433601 648269
-284385 -555450
-792612 -141081
-834973 -126366
969279 988916
-652695 -121442
319758 -561161
573577 289210
-427917 -837803
-586173 734701
-651209 21966
-985063 -487586
-628237 -813355
148987 755672
87119 -110202
-904591 -300164
-383605 196738
-635763 -509592
-522545 112182
654812 -592283
-136969 97108
16559 337767
583702 -383017
679783 -727354
952356 263518
-771450 -323673
-253089 649132
162463 -961740
-972863 -665748
-691622 89543
-28594 -60375
-952733 971546
614179 -719000
-319901 -87948
964741 -473542
285318 667865
411331 641253
136998 195758
-177209 -115654
-179107 327559
377714 351773
-731565 -187125
882984 -705879
208862 845575
-456176 -578576
-678901 -163309
269226 -17582
595033 -940271
-764816 332200
-156201 -376005
429393 799826
-991786 -365697
354484 342942
780976 532908
-466454 195314
256812 532472
-581770 -974900
-43638 119964
-802852 454888
-726982 -996942
-566131 700932
246982 -74953
462694 -293099
-214538 -130592
-844605 851826
400728 695389
-116171 387081
-908022 800198
788057 -857433
480981 -837110
494829 -40930
500841 86993
410640 -715931
-965602 861063
619327 266595
-424583 660145
-831655 -845638
-526609 910938
145360 721120
250138 -100801
211499 -957657
765062 306260
352053 89671
-534916 165328
676478 936242
-927009 479063
271910 211147
947971 274585
-617139 880826
-258594 -955674
129274 387490
459528 -599290
576868 -639429
-994164 -928382
-859174 467633
636702 -106557
731941 -794666
548592 -10881
-23251 -175501
-834444 388505
857329 -346072
-931885 556124
15927 -767790
-573235 -678967
727201 -624523
621113 -200706
-63362 -136478
-630698 112211
208866 729607
830379 230334
-827236 760070
-617842 562220
-335490 -215447
-430964 310994
917707 384424
867277 -19256
135691 -987355
192015 765520
-491360 -31837
969710 286653
151203 -484781
-53863 688048
-737921 444885
-808832 -73026
443930 107756
-438331 519116
325022 242934
-922150 -376725
-792479 -738094
-297241 932918
-389530 816213
214951 -363394
-967182 -714432
-87319 183161
108889 968090
976836 -172253
-53015 936240
-788555 -197726
449099 711956
-886674 -976152
-219574 -50495
-114398 -121954
698439 803359
-491799 782570
766788 229708
389577 469977
-453676 -467587
154717 -239531
-22361 378539
-168564 -145978
-459147 957113
920021 142647
-421706 -273451
446216 -609839
681754 694914
-858576 586527
-751587 -641147
-966036 999500
-237483 -589433
-825057 -61964
535573 -186217
995219 -966395
-177929 358817
-525740 914429
-794217 854814
711283 -310243
-104223 -700717
118879 -415068
-407045 367586
431145 742589
260467 -337035
899568 819158
41885 -477695
-385995 -849690
502213 -728365
-265230 -158783
-677332 514031
-958051 692517
-815663 -27940
-722172 378248
-789247 -149475
64707 -789151
-237378 -181994
137309 -741419
915564 -311499
-617197 -597821
-568021 -871160
651731 -190970
-676300 628947
-492805 632611
-558282 -179292
868531 -853518
-329319 -710983
426775 -583844
370462 147859
-235287 152925
623159 -989578
-313373 526065
-809982 -445502
801552 97381
-2082 -986773
-358526 925813
-153000 -691974
-572433 -531899
186215 440542
-765583 884972
-639982 932257
866400 605030
142671 -971517
826075 181978
310235 -987959
486029 805677
5691 675529
318193 -660188
902521 674456
583309 816867
-597258 -155653
901223 -18655
-434205 774774
779603 -64677
-717407 -535706
552659 31812
-185024 323243
891281 -61292
74052 132987
-19018 -868622
-779509 683219
918764 41379
-606923 -563594
-277000 836922
26734 138818
581180 10080
-732152 724471
97972 -560227
-129909 665867
590909 99288
951335 508356
-788467 -167117
640631 293074
-212492 432562
-150420 595713
781091 -96563
38612 469303
726469 -124314
-337113 938677
337283 341633
473314 205080
-280181 -53548
948853 -639321
-924718 184285
388583 -925427
-527012 454504
-894155 662305
307512 -617103
-46242 -167513
809906 325004
674176 -5640
-943008 996637
693276 -48911
-554103 140724
589745 -526186
-694217 -76379
-880237 754294
-582181 89704
-229765 604907
-71810 -538810
103031 -286691
164863 -210020
-286249 -325726
937676 -704358
721566 785463
69792 93282
-293454 -657339
-538675 182285
119666 -882007
-621811 -141053
-331905 366420
109817 432127
-125153 -765243
-861686 -854081
-353801 496668
-990788 -836821
299857 -268562
-308517 -282298
-923282 872029
-96292 -809557
-400450 929318
61304 -136381
536336 591092
-449104 303695
-224332 712619
329166 -247327
500412 189877
24282 23996
494214 -332642
-903498 -718043
551796 -881238
-705553 229956
-501315 829704
-701584 -169646
877730 -942580
482747 90271
-930705 -854317
-513362 -291612
-984268 721506
611099 -661563
938663 -299428
30899 -779668
527571 -463659
214991 -292092
-7865 -433453
-391950 975669
-797658 -761841
-840270 329241
-418010 843345
-2707 -12884
251693 743137
-409086 972583
-722371 -154973
848920 228060
-880739 -356076
748342 -508749
-640954 -325617
187371 -791746
877447 -671827
530342 -453809
117309 -44574
-422160 -603195
985060 -600039
-718212 -69418
43914 -785167
690187 -541415
402328 359206
79355 -127292
955261 -788927
-705050 -625507
-410171 -597765
82479 616587
-742666 -199618
-334316 759041
731184 -598951
130451 -87757
-959653 -639518
397584 -156915
13151 -67968
-207566 -27821
71100 501686
270044 461750
-741986 293477
-400055 -76390
977396 -660818
-507110 -61336
458188 -121311
159338 -274862
-794082 -59639
824957 -789374
-643254 -337963
833958 308099
-336797 -152941
435076 -92946
-747018 207992
789480 -860408
-248977 -973449
-185134 978062
215904 -122435
309520 103910
737115 -956269
-309570 821681
-53755 -430849
468341 -398935
333681 262179
-852780 -266625
195668 61531
980981 289122
-472177 719658
601106 -53111
-907694 -489262
-301267 -313781
-246602 835960
859261 419260
476275 -375647
-779000 -340081
-769987 51587
299521 -42919
329119 -41915
412512 -256132
-24766 645957
16275 479485
-437134 669984
743196 410011
803036 726903
951892 -210664
750844 -840059
-268514 794279
-325551 -19989
-613270 -893838
-678651 -749490
307273 -737204
-985850 889462
-290161 -942134
618950 -790759
-4016 -507673
-417784 -330060
863324 -465794
-399049 -678658
983745 -849036
-499912 -216200
-94954 -510948
-8421 -600043
-456841 -56644
-651123 -357373
-409115 20470
-772773 -893709
988857 -603855
-448024 807778
359517 657100
9866 -666410
295606 293759
620556 -104135
-921282 -304083
889061 -297320
-969373 485234
-521344 -467601
229894 472806
284269 -496268
36332 187684
789514 495912
656510 -355521
890475 -166607
600166 -38466
273612 -210927
-486917 543494
922237 -590740
146945 930874
-676669 584350
-659029 -672245
749621 292013
-871142 -782788
999902 326926
186959 -477787
-17518 -396286
371079 -637073
-543537 352524
950408 87564
534828 -774879
-927485 817014
991322 161481
453884 -894640
-744144 175119
603560 639569
938439 392996
190517 63551
-260427 -642229
-240425 -720571
-68150 769526
-295508 -984044
-440964 521490
973415 -911196
981199 -722514
775790 596641
338734 109756
-287324 413977
-211435 203370
708405 386712
-113202 156037
281292 -82526
112265 456113
-933041 484567
-738300 -920143
731183 -255078
85835 -363432
-331953 481384
-421239 -854447
-458671 -788431
766668 -754298
-765566 -418639
981460 134586
112643 129504
-787860 -490121
-489240 -774154
-192576 -856986
733742 149865
779884 -651063
-509617 609169
-235733 -658983
-930748 -915202
69358 696100
193358 153668
-306020 621175
135226 671019
-902588 -430353
556420 578557
-906486 724621
-332647 -312272
686968 -55317
296733 -235132
10192 361077
-507608 419482
423078 520458
-694423 229285
202616 171394
349308 -635066
170800 -190471
-77470 -523903
-118368 665144
-78749 -958332
-456630 -518619
408920 279647
278320 55097
726618 -603209
-353572 -357019
-955408 -682489
-438432 -37192
-61554 -121840
-663178 930903
-27789 -78809
-299898 326292
-108595 -772446
-874390 832179
954257 531971
-3581 71648
421472 308579
-558686 366678
583159 964089
306102 103745
-332274 544719
93018 -125470
-952657 -207411
754436 -407601
-247201 619346
-814473 823289
-908744 763893
880992 -790267
567533 885686
-460481 836248
69307 29479
-914359 -53020
38564 424950
16350 850715
590730 -258497
-202479 513440
140697 -812231
-648432 -36826
-297497 480767
630222 215509
-34048 -198859
-72834 -453763
-786602 -289688
-394632 -205962
-149198 -456374
-220225 12099
-797013 -204592
393487 -282110
542896 -862814
-625697 -356992
8252 -762362
648660 -720040
-435162 340241
-355228 171393
182443 -455021
551881 -555705
426540 -145321
-23914 -327373
459733 -50014
-945848 652865
242621 -979332
-898690 -678649
-222760 -676696
-330256 -374503
-322820 237255
-701368 476320
163249 179060
659254 -804211
-316808 -58894
527608 884607
-569172 -34234
-585664 -930349
-90543 -341126
-345723 -19303
-930823 325358
-139273 -218343
-693581 -415627
-804010 -536571
295492 419983
854964 -196180
783701 330641
-592897 133197
-637932 386804
-361428 743062
-145607 838099
381464 108540
473810 -583140
-912859 155033
-822370 684472
556909 880483
-57098 572968
968225 868980
676814 -252104
775996 -124090
-369927 315705
-214931 -416844
457530 -678424
522623 474779
-633734 453343
-203449 -358698
-294699 -240455
-501957 269245
719281 448793
-575970 997323
-631579 -314528
-868026 527080
505446 442770
421159 22493
-407265 -277454
531362 924410
988344 -828785
-522734 512274
-529889 341744
-840029 -824912
999012 173963
-637946 135517
-370427 48386
-654850 435369
-442671 974054
726000 -952862
-669700 -991478
275463 -223196
-384185 381117
739997 792771
587901 -545872
903870 -663311
869033 -578435
253435 -453717
92343 -687781
-436574 -641836
370968 556478
944273 -314179
534902 528121
-254854 -760223
-738847 960170
-241833 -773671
-380539 -815674
128315 -508917
-594370 -801085
-694472 979471
-571570 457703
160642 -733315
-162483 -757266
155730 563162
-859975 -714017
642120 947375
-183171 157018
182194 -379885
-978615 -878135
-809193 -132055
143009 733911
-218423 -337413
964333 294020
630211 709602
-648807 245004
218565 843058
105905 761154
264614 972136
24606 113245
211526 675850
289774 -149824
-644540 203682
-480275 901552
-984739 421315
-211672 -500319
152416 994351
240066 -474822
-91902 602150
95366 75574
-671223 484985
-642140 459932
962959 -105592
656341 681614
661191 865929
808708 862133
619153 400536
794813 929944
792563 452846
-23745 -648371
920210 93378
-742750 460407
757727 -211931
-969843 363143
-665788 65829
-103238 -348212
-34789 520313
824437 -254768
-132078 -242600
522629 103963
959988 -18702
97320 217492
-10504 -810877
-561042 -755246
-503265 623028
-754889 -268730
21605 843372
917316 -738425
421887 -394592
-697467 834042
133076 430069
658319 -891460
-529574 104052
-519531 129254
-190528 -833699
712374 -861670
290893 987725
-410307 47138
-866493 -735487
-595640 -455253
-446305 7770
-46425 -607122
-345638 18701
380381 387583
487985 -461598
434905 -815164
775033 -649437
-560673 372665
531143 -290933
71356 148075
759582 -358068
336301 579858
-533120 636879
915492 140095
-560936 -443318
685333 -727202
-547371 -701986
-304848 394127
736619 997825
-77734 263089
976078 -598732
742851 -863661
996614 961134
-813828 399293
-819844 507814
481234 259858
940681 -265642
-699552 866910
-690705 652152
-580082 -78555
-114890 644782
479602 -62400
167185 261755
-304727 -455989
-324670 379611
-455541 737737
-185637 887092
-726123 -715011
372208 801073
-953858 588787
519191 839671
-756648 -303537
-330438 -257777
72438 456439
-636199 453378
-816747 509764
-599156 -882247
716083 791485
-436960 -444119
866707 318507
-179528 -156236
469046 248608
901322 696553
662427 689754
-623774 677918
-88185 -629566
63395 -831500
414771 -277311
171112 -42012
345252 -49133
41668 -608297
-415981 723957
295522 565812
-534590 435652
-490858 18956
-980528 -123451
-983423 -984839
-182932 787087
-241565 -701628
-165354 -139652
-63545 -291951
644932 753860
-183788 -177175
-670773 422954
674209 -692846
-876737 -130740
461378 696435
-872976 -239367
244959 139226
-663645 -822678
209527 979085
-460817 -921413
-47498 406706
269234 -119656
273880 565907
105724 79842
186186 283585
431752 -944707
-476066 -590077
-542260 359574
44425 -424084
-766051 875216
433323 -388486
-55093 -28812
-57725 58515
-436813 -521184
-929973 -958804
568726 640788
148799 111079
-626436 -207611
229145 220507
240185 546801
890408 606633
-447140 285223
385946 -594462
451502 -221337
-747412 891214
-536411 489781
393632 -956707
-586664 696798
383368 592731
-852260 -936123
-305298 -993418
-515520 273024
-748899 519481
904525 923619
-821360 -813227
-254692 -526090
-159105 381964
911812 654102
-9470 498647
751137 423172
-884865 -672554
248454 441348
-450866 -212137
75067 -145270
-427089 -731104
550870 -721414
-223545 -413607
980632 859260
-256673 -306976
-119779 -33709
-274689 338517
-811413 -964949
-278854 -151314
68875 937798
-45649 463631
401316 -618971
-10590 297361
-722326 -175107
-713190 -912491
150680 -40443
616505 42762
-495570 -552048
106221 -866349
-818671 -793339
-376860 710567
-959570 636292
771026 293139
80636 -550160
-33325 13139
333363 210413
683185 803470
776897 251205
396306 -878984
-553078 -855480
-305488 -272953
-221694 -961299
-817354 358284
-934613 248056
-958008 -856325
651377 732215
143416 283368
-645647 -944057
191300 978638
816494 -810831
-275487 -265512
-968488 100684
886829 -632771
83512 -923145
47097 -634537
538266 -656802
-544925 -609698
-516180 -86646
-418967 444924
34749 955319
-454865 391838
906110 159591
850175 -809930
-758500 -722907
182042 252405
-61094 -271252
715468 -952095
-808295 619325
-737854 188134
-57489 -282826
-753042 846129
5806 174740
-787825 -116333
738431 -931253
168047 -661504
985116 -588613
-524100 578311
-764471 -473397
-843285 -631499
757530 -268498
589847 -144519
-433669 71351
803049 -37222
790136 -503379
752291 350376
-198561 37403
512856 488079
285990 986264
-878140 -210593
840665 958092
962590 -21777
-284193 485608
615714 462779
-728656 601450
656499 -590418
954161 840445
45168 404400
660773 -666373
376301 -800336
-978648 -614095
-151095 -422569
-613334 -573415
783017 -946512
994328 -896945
-231753 -413330
-997982 -19800
-82975 -725091
-544720 495347
867132 481117
335972 414584
-166162 -845265
660708 -783337
-793749 -470641
442336 -766672
-168484 -715596
629617 538037
71732 682160
947869 -487264
427863 -90695
887676 -666167
-753903 318642
-787586 -480332
945606 336136
482519 452684
-90007 -99330
374971 -981720
-627161 956908
-212151 449032
7695 199699
35140 959720
402966 -856536
-313286 -994192
-534512 152214
-324852 663570
-757557 499653
-866849 87467
-600103 489528
-672064 -835677
468006 -381612
940848 360143
-96737 -22848
297143 -631128
315968 333823
-238410 -317471
582398 -926421
-678165 224543
388398 -449577
-199382 -434048
520002 -71019
-458974 607876
604216 -275052
-126018 -482411
-327000 -602428
-385575 582265
698487 -434023
-902627 111715
-632385 -65621
-972218 -515391
186059 -115753
381522 897691
821761 -116519
-764378 562168
648988 274316
-610008 860310
-682053 677549
-857991 -989541
-309111 969888
-396924 -774188
388006 -314147
-24547 -628250
716230 -931904
101324 -585564
-107306 -421980
-810848 -264730
-574315 -763980
818114 373132
-638967 -675376
790942 -117054
-182466 -986287
-379351 791004
219365 368886
-976947 149096
-417471 404508
749590 -510750
-243916 737645
607456 -467067
536969 144571
219779 -811714
996317 -811805
-787122 953846
-148365 -691328
-612629 716145
-871816 244902
35214 111454
854596 -517051
-531888 605881
301960 724566
-488000 606574
-53249 -504343
790690 191886
962932 878718
953819 -574139
55154 -982539
-330579 212942
-254454 75408
721081 -945274
378743 114394
305757 -742243
-707760 -14234
160386 -829037
-674783 576101
719372 783512
-961534 -761084
-35314 500509
806312 -342549
-936942 642191
299546 717971
826367 427167
710954 -478674
759459 121964
-190076 -913327
607800 -782322
398947 109749
581876 2259
287236 -132475
-644450 999519
834422 836131
781233 734898
-491991 798859
927092 -796380
-463217 -428228
160502 257654
-432885 -234247
417019 201295
-883030 -71202
-22099 551467
-560152 -472232
-789462 -714583
-125473 502077
-93217 242469
-628977 -301574
-774181 -216527
326641 611327
-942584 -101241
11 -206208
-242951 190517
-599644 738814
-367432 -327351
-22192 415822
877313 -889696
411767 -119573
767550 124051
171045 -116102
257488 676212
750923 -418039
199108 -326763
150821 -593506
-992941 -372170
226185 710037
690687 46566
-269645 -81766
444918 -514507
-928674 -85333
762942 -109383
-983794 -338822
-116106 -328451
-80013 -485102
-899974 951795
816290 651154
-278614 -196264
118612 230829
897538 -334752
-955767 552360
-140132 15743
-711495 383871
81676 -294307
-292962 -349156
421174 16156
735515 -28501
-313695 -918886
134537 -989459
871257 871524
-328280 983918
415327 50176
492000 -800722
271757 120708
-505491 609447
-242669 798357
-868519 683379
-937543 244716
-135224 -292145
-701544 78354
665880 412885
870574 -107400
227352 -908768
467511 784296
850921 59773
-546677 -563424
-776105 424624
-543948 591246
-92284 -201887
-311568 770946
-76541 452353
468150 857223
113549 121461
435529 -694948
374013 562002
-68363 -255691
462197 -601430
-266430 -209435
212637 -150486
-540138 -853844
-246279 -877967
-34727 -766110
891874 845009
712432 514036
-756746 -878397
242329 -784489
469291 506192
429279 693954
553944 803756
-111355 -428086
-302550 -345939
-612552 -780877
800948 -206507
484786 -908566
-103882 -612848
717633 151079
-342346 507884
-988110 -866588
-487604 -358399
-556959 23283
-71920 601714
45389 -139451
-263614 134039
345684 -237134
800776 -520074
-538326 -801757
609955 934942
-671326 745512
-672035 680113
-416307 -782733
343134 274230
237778 102938
33009 351258
-353909 533275
14085 -672876
-983244 -750686
266736 894927
-998621 -153766
-758530 449158
-278036 -480514
-13275 -761852
442227 908100
-357273 -228394
-510117 860256
-960110 834194
369477 107613
-874903 -548025
904536 885842
790668 668784
714508 -268440
-341683 628212
-699411 -841676
-947693 753935
-735299 -163477
805178 -6880
-317931 166150
-207164 836610
949371 897635
-254732 52722
-463136 -757251
-738636 858787
162704 645900
-832888 89741
130836 738574
756167 -41726
393950 8629
694041 -457138
629826 -361097
-950080 -769683
174101 -154484
-942811 592519
910989 704056
146492 -189811
392177 324815
-764026 378577
788109 414891
-629976 -492665
-397644 -760787
-178111 -452651
545895 -801361
-796122 -469554
-530926 -60381
-344315 -167706
66670 -598035
-527114 482133
775943 -76434
654595 826045
870188 132171
190562 -181768
-465744 -138245
888467 143674
-412251 -658775
-143732 370868
-568842 275202
-779966 923379
775100 -608982
284095 -190742
116313 415304
-359969 410326
-194075 -612633
-952189 -365112
-5347 283610
-690501 -19717
52937 378671
510771 -802679
-932359 841582
-689147 -799313
-683906 338517
6534 -978533
-425358 -941837
484234 625913
-761231 730462
-458387 873936
395372 787434
525695 154829
268311 534336
679026 228452
-508293 657483
599305 -636458
904817 435348
-102739 438024
484576 370782
379842 -543235
-839214 971143
835617 899364
-410516 -131902
278336 456546
-872628 939644
133473 -871171
-281840 167535
-937931 -462401
798651 209445
-153090 -288553
-161473 -590818
-6825 566327
474442 451304
-792168 168267
-675949 -247825
599957 112275
856921 474728
445574 314306
-928495 621235
-599181 117634
12531 -739890
-311361 542840
462744 55315
-755666 -315338
-80529 -623905
-437585 -514898
648379 -4260
-492925 951325
-345184 404535
-198856 753685
496273 562073
116538 -118351
941940 -623626
309341 -593628
642346 641554
-663452 -227199
-767055 -179131
555180 -300026
455131 869767
-815897 -854875
-565867 -169747
810013 -492930
-112437 -941759
894095 451510
328398 -683323
439554 413673
826687 569445
206308 -464954
48291 365496
951894 -901887
-98567 351168
266079 -661120
-963527 56357
871221 -780790
438608 -769235
-657080 20006
-657289 548183
-295950 948825
-57605 -83855
500752 69615
-305879 199908
-428818 -963199
929266 -120464
663259 494924
421613 582000
240659 393594
141716 -206949
945002 478643
-960173 -742698
-120347 631510
707979 -980771
520513 -434747
-549540 -195335
280559 -574707
20370 667222
210348 -555663
425300 151363
720340 -614527
-571206 -130475
-765021 298301
641563 770527
-684921 39827
955563 271163
523367 752619
-442931 -232692
-153288 -364706
391888 -769142
914598 575013
484700 996834
-162553 -710433
-756476 -425009
759475 591702
807226 -723201
-599261 93931
-982268 408093
-759822 -358505
-171680 -209997
837655 445325
484964 995179
-988151 -508898
-302260 929173
446441 -235994
-233855 -243538
411189 -846013
456981 -64717
634961 -825880
664095 -445728
-975703 -608369
-267898 321733
-535502 67659
-695107 276195
851301 575509
269187 -512284
90979 944984
-964541 -765797
-93647 -200075
-276726 770561
-480380 -632011
967353 861514
-231656 810591
-32320 -753614
-728609 672738
-897686 890902
-844352 -438149
44593 243992
-792134 -779784
-927096 -356570
536944 900834
-655333 40057
627583 -43988
945437 740195
-714566 690759
72683 -374366
-753726 791772
133312 -329590
-46678 808056
-496951 -235763
-960702 -224547
-642273 429465
434975 -976213
-724706 -691015
-559993 89199
-430475 354713
-851311 -206815
159024 -748808
-96752 704750
-754782 -616255
-203942 -696451
821611 898975
696132 872417
239247 642731
-212691 -426738
-311370 590044
240387 -928437
-95396 836148
-394237 220916
325835 -301087
412537 510586
-963497 -327337
-502903 -242566
-117283 -69179
-845644 602944
109678 -315612
544329 610629
-804514 -708769
-429322 764196
-779446 -867832
716162 968044
-843593 -457934
470029 -383847
-999712 -878969
133491 -632497
566039 630165
-961486 718388
922092 -962283
-108091 -626094
-779310 -641862
-301618 -933874
-625249 -285665
479338 677256
813272 -990918
-372630 782475
-988852 842508
228668 -535098
938315 -636762
-302622 -695943
79453 -568360
31786 106583
604892 -596634
32171 -127760
895141 472169
-264239 77487
395268 615776
-277579 623894
-833219 186990
-522144 752417
2278 -799693
-865609 -960980
751308 -376804
-116261 -433687
-562548 939119
-940246 330967
674202 -478572
-773863 984903
695238 966945
-759738 -811047
703051 -279316
956199 -3690
-493697 -273302
-568724 -654719
-616408 22500
958065 -349184
-396771 527142
-970354 -298512
-215517 -249407
-522627 -267261
380214 -614998
360685 -706529
960983 -946120
-382645 -95074
979645 -962727
551325 461964
-782451 -754241
-674144 935263
-866904 137968
-793863 -939288
830251 550943
128370 -748685
-140616 -383815
361239 490135
-984959 -906322
-954692 540645
374637 -448343
48699 -655420
-703211 207140
331864 -827350
-950190 -467513
-472015 912858
-444856 354262
75296 -677737
990658 114772
941119 -863382
784433 98156
266558 495313
-170635 582257
13825 -780218
644885 242681
-763385 494280
391365 -496473
-286658 585869
299169 463167
862032 455636
-807509 660956
210046 -912872
720663 -80219
-942096 -753027
-444003 189344
-716087 281322
221587 396876
-255821 372214
-721709 806513
508044 -877960
774805 337023
21414 -475974
-72425 -284201
-297151 4207
-161027 833827
372938 -767056
377400 531386
-163392 -322273
766833 850013
-606288 158306
-236957 27996
-390274 158294
-779979 33392
440876 333814
495016 -876095
874123 950808
-107880 248932
-222405 -885660
-547802 376783
435981 -648594
-755316 866869
645706 483926
-222569 -429439
-696367 629226
368074 608982
-473354 -448690
61630 -594960
749657 937975
-902820 963520
363333 425218
121970 650496
-124843 -807235
-548814 204616
-39909 -38713
828888 985126
330375 -247450
-523738 165777
310842 910936
383348 -782177
183927 -859226
-550266 -694818
-851881 -100879
-500571 -10448
60708 -343704
120507 604895
798874 3707
-353539 -361963
484721 -286905
802452 931537
589731 -816325
104534 -553771
-244465 -825044
405385 -422202
-588749 -112427
-787308 253762
160095 -858170
368051 -51791
553427 162256
798004 193118
-543229 812089
422850 72312
229292 -162194
-694028 658965
726858 176800
-95783 -311319
18450 -952328
490942 -898542
853705 -479508
-906265 -264921
19948 32095
-634986 785374
447864 -18080
-396234 -449341
-324797 -488976
-199307 908073
925899 -598084
-784618 -753974
-203532 847781
-148697 527195
-907638 642527
-822020 -355708
-431163 177310
89333 -427163
-475676 427140
-48 124676
-314837 550203
173482 434939
-345849 997690
-236407 186402
-990051 -908801
-985012 589927
597018 -49267
315620 810652
846451 609732
554303 639711
-217091 -76190
976790 -551020
-585520 322540
-336355 -789271
-367944 199965
850448 320365
-779818 -683241
580389 -725554
82440 -735554
989451 353217
-727618 258740
-534992 -464679
263686 -238216
97049 -451027
416769 -639909
-355301 402387
-291420 -779086
52400 -366189
887665 251981
-195630 -79407
-730912 469483
821159 499762
638871 -954083
-82462 -180066
402449 591280
339923 -168120
-153915 579832
394991 553829
283406 127458
-700688 790476
-122963 -217292
986217 218582
-613398 394545
-72652 461168
195541 -803010
-205027 894695
983732 117334
741298 -927572
-135489 975254
235753 -560622
-696934 856693
-466609 644694
964696 -604671
660215 124267
-8470 577795
-301188 -539091
230472 552728
81742 -383018
58750 358543
-628118 376630
720651 669906
386696 482780
389541 -282161
998023 398883
-154188 -290966
52229 -99127
-766705 -167562
-387871 -368100
-422775 -822788
809007 379158
570185 -997505
450279 -291123
-714178 -306743
-416977 574780
503842 -927947
761508 -407119
436393 101084
905385 252179
-788901 -643352
755632 -475143
51350 571604
-966716 65105
-780857 -133375
357368 37823
900824 128392
413006 -720885
-95599 -44859
-659229 311136
940987 115588
-978644 386579
-360358 682938
596183 -368198
294762 -502241
-661897 363074
240588 822593
775930 646284
168844 -471239
380622 -10373
82759 41033
61388 733445
-972513 613136
-709696 -773079
599122 424167
937357 -762102
942593 989417
-935118 888134
-984720 560501
-631038 789851
158032 -435828
845517 -133535
-561673 -559589
6748 304435
486945 -617762
-109594 201527
118728 -516161
43127 30508
5182 136913
-781939 862848
457473 -207359
-26341 867255
944179 323521
-729360 -765937
-448035 827024
-797541 443257
-562252 -847642
-287602 -451036
-819737 612189
12128 -490049
899730 503545
-453674 921260
-41378 695922
-408435 505188
-485489 593456
751465 397368
-502207 -99984
21197 281797
580472 -152628
-464968 169300
-693508 877705
476335 -457109
305795 -135163
-885352 -391710
611907 711725
-623022 37213
588385 -284554
641082 -297097
463132 -312534
-207346 156189
-557676 -731124
444866 -369400
487345 -434850
309013 -197275
-866378 -640621
-123658 468028
-279616 571280
641142 225098
776022 -351223
823071 740842
-538849 -761816
-889271 -10262
-450798 249478
298301 203709
-189694 568586
667092 -804589
204654 950698
-547723 480594
559946 -369059
-886888 162906
-238414 -968350
-262417 29091
725942 -204669
-910314 -619914
362872 843264
630333 963956
-455143 415641
-327221 558324
518961 -67485
-598350 -186686
-856873 -907843
734179 -299754
308154 -769555
-425120 -106266
72128 -825781
697583 -625728
-170489 710139
718324 -14369
-323376 -391202
-722437 753961
-831045 416866
-42458 -78589
-363018 915026
455967 329386
-894812 53829
430070 703681
-288207 -456947
-19573 -985731
-782712 -591230
375000 -966099
623833 208139
-926191 -243749
557963 402429
-442195 -47711
-208500 613422
610237 607304
765733 150384
256731 19180
980170 -313727
-813099 928189
-368411 345030
646919 -467961
-721050 721179
-179941 -322975
245308 -950689
-183209 512631
-135866 -246435
872377 -477747
619203 -461433
803858 92927
60955 105251
-206539 -628618
-295339 938737
59221 319369
-924746 195342
-216634 168736
856625 948006
640272 -646359
-243669 -499166
-831116 -361626
386281 -706330
1664 576270
728373 817981
-232260 -138316
-637485 620734
-392198 -274967
-415229 122370
217854 209083
42294 589826
-878647 -626132
88795 -489181
804108 108977
709853 466222
-96800 985569
-620190 -31913
390805 -401442
419062 65733
-457955 977593
-14016 491761
-282290 977247
-117209 -405309
-260344 -211103
-407975 178471
203105 484767
-41437 -225195
-336623 528168
98272 -530746
-960923 -460521
-677641 -210443
572341 -901345
723322 265097
-845435 136845
-989670 -327620
-823288 545756
468921 765131
895989 690911
-938483 956525
-939583 982800
72389 -352231
-839601 -799033
-90126 374358
38541 418830
956309 -626728
-455376 488775
-541602 341285
-713157 264314
-409524 -932106
-829288 -949549
-928591 766099
458853 -914042
901329 -127977
488231 -256405
513015 519020
-537563 -994558
178881 -202527
-489673 559901
-846312 361419
752409 930937
-884827 -244729
880480 -894439
-773829 493742
-475112 -597764
-155679 -437062
-511851 32975
-403738 -881865
-133396 -151070
-2629 -210507
848616 621863
995675 711223
204575 -263538
-536097 -923391
-799233 846628
-117723 486773
339574 432291
65883 601913
-134133 -300730
-424401 -170416
-722794 -755996
-808889 -823627
-227087 -511542
142601 644435
605375 56173
803952 -862559
715278 -933839
429758 372062
-519794 -415754
-278814 702331
810632 -878758
-819006 980979
-36578 -754679
506227 -9523
-529315 -585315
-953748 54209
-493281 561031
802828 -964538
-484071 -869335
518304 -179861
19582 -295075
307962 -113140
456163 -766185
-811341 -164060
-821148 -137771
184157 865647
283772 -222071
365861 808111
-225036 806772
-913146 -31380
143395 -980328
-231897 -946373
-469191 48096
-397628 -56738
354508 456299
335015 -210678
-177564 694178
860381 913756
545175 -149090
596734 978619
559065 -442272
712695 700177
353553 942149
-230805 -48455
-809355 442642
-658467 430567
27416 -581692
366363 85629
420817 639587
431707 6571
806605 426238
-487491 661854
573583 -874273
17752 -412781
78521 444164
670089 47487
-917917 692098
521787 372615
-178789 -330520
-812530 -516804
676505 999548
-379498 81103
-291311 137417
306178 156011
-632640 -208849
-396131 302133
717645 -842786
-171549 -779901
-776242 -642810
849814 346538
-245141 192591
-466468 463137
-999895 606964
-719020 -156439
263995 -68467
-567399 544831
947221 976855
492547 92154
-2282 558413
344069 647493
214774 -674096
230538 306726
-691577 -967029
-298241 -998442
955287 313591
984440 956163
821263 -375608
215008 640790
-261521 766265
-802347 -498266
-579875 591805
-925016 -177599
-332530 -967259
898277 -634351
147229 353838
155297 -797760
101762 42222
-83975 344272
-63950 787425
930513 408245
39424 -529885
196473 -317285
851044 -373088
283601 770483
-708306 -321697
-715557 -292829
401238 793167
-128591 -769403
-694954 -883050
-973679 315232
233800 982764
132768 753015
108209 -666987
181176 -197986
-173345 888794
-51114 680535
-217034 -190099
-541184 828401
928757 330388
370132 -842059
-626684 283412
-251165 668826
880165 -845862
509604 5761
174470 -669329
4504 -901039
196818 865091
-525379 -180844
-412969 595944
-41762 365179
65186 -869456
-344325 288875
-360525 781096
287639 946411
210627 623059
545215 389117
-502520 -753070
-653646 921397
-544645 -713527
155054 727435
-213535 -783069
-708893 -804851
-501471 -995300
-140765 -606139
679563 -777693
428887 820467
319014 550957
-270334 -201950
-391170 25934
-529729 924902
596085 256921
330744 -388581
13155 878084
-315318 -551876
709313 697830
-369472 891059
992527 -194723
293834 731663
-852998 -620487
721902 780202
977886 -590144
-305074 -970486
631818 -598112
990428 134444
-658275 -682372
-184402 987706
880453 488789
76711 677712
170553 -446245
-350763 214816
-851971 -834622
-927845 -442404
581977 352412
610544 -331452
-282821 847346
-961868 940059
191190 711562
-921810 -933319
-301512 408501
-508805 58991
91862 -911578
52403 -256787
71980 -572914
605904 695916
22560 -120339
-728721 -308429
-435310 646924
707425 997118
4723 -282772
-278814 -38847
-338594 485826
364235 -725601
-900786 789150
801870 -520707
492120 602328
142385 -139066
-394128 339651
-706638 -346368
138182 -384024
619861 67514
-957717 -4950
-612604 717653
740974 -400766
-335880 -839047
857481 417335
-118111 -698126
864137 250796
-173570 801400
-643002 -510868
-97383 653874
-835446 -552483
650883 -336295
789945 -156374
-247092 162070
-427533 540312
979978 -249360
537177 -637939
-707449 431910
750508 317171
-465021 504419
-313800 -65354
297270 -170231
401037 590845
191852 -244404
-945633 264752
798564 -214312
-865064 852585
-300997 387796
644986 -420580
-822217 377281
815860 892299
58031 782970
-710647 -432316
881174 248334
-647135 534487
-762484 190416
-848027 -968927
-569208 767968
712932 -850971
472823 43771
-843896 66864
-40719 -546809
423066 -594286
-934035 -18103
-938288 -991965
590528 887186
-823387 892872
-946742 688633
382155 536703
-554572 333512
17143 611373
-315915 -321412
-371752 273560
958722 -673511
185660 -160499
771383 508322
519102 -671544
523548 -750869
181379 -971002
-183976 -267649
165089 -691659
649662 583950
392293 481839
-346025 641700
-361514 475762
283047 -781816
-501467 -292540
955229 -70951
-7574 -954661
-891692 -234782
655388 -740935
742808 -664304
-801364 -95744
-258730 249419
-552032 624804
572465 384940
15957 684553
-512611 -400989
-258542 296109
689887 -589488
-577575 -41370
426640 730536
-256752 -59482
-423527 -21182
317654 -617209
-501871 -237394
179646 -156110
-173912 -551751
845113 98486
-98450 -426875
112699 659217
131163 610323
-419945 -677433
514171 676588
48511 -220942
253334 768748
405060 231147
620723 522397
-98395 -69087
-791915 191709
87699 338128
-234777 616567
33865 125684
-133356 957988
893641 926332
-388789 -46071
-659338 -649559
-994680 517483
440710 400386
-595784 -370396
-501504 -665249
808904 -579609
530754 461183
347667 625759
790558 498310
-878800 599811
-546703 965016
-360261 -133515
783788 -114544
39546 -556015
579229 420849
402985 -191593
-594403 637232
-903731 -734841
519965 -758428
-651021 400148
-608014 -647157
-380157 298070
-507266 426639
820853 -669458
-7843 547462
646206 392383
-25775 -635939
22349 20967
437691 -159395
-110472 954993
-510461 -202240
52086 557685
-340636 91376
-854032 86884
476195 -716212
953056 925208
203130 522805
14860 300365
-626100 -555501
-897383 -453443
-79864 19732
-766248 242273
327616 351853
812047 -255727
53576 263267
502306 -4032
962316 -203160
-772366 -752955
-279094 -897169
-219191 683176
397669 -765910
866138 -93720
59277 -795171
-582558 15831
-368354 401880
508550 737415
-735138 395586
-811987 -669976
219704 -856126
124154 80111
-804699 -589056
-886155 -847940
-654896 -638023
-18377 -479752
-604083 -193874
608916 -490883
-790630 -936799
-547395 -690797
551818 -202679
-15148 -138583
181930 309641
-585355 563820
-469274 536430
560107 935462
98361 -466604
-774629 -649131
-923573 -122643
-466394 321750
138911 816059
-385380 -545502
-434751 -115702
35338 972811
-932186 667261
70022 -582722
540337 207504
-691985 -485428
350785 -915442
55173 -393260
411446 -480127
681828 774301
-117149 487888
982375 871792
300810 -932992
655971 -566299
598770 509831
994760 -332250
937875 769979
322410 42979
-770176 250100
786205 222685
831329 -945109
610447 -955660
456948 -966642
622293 -219801
-859882 -892636
-102941 -702197
-10449 180216
442536 -15358
287759 431448
839891 -602608
-813706 -68345
398152 570590
-917269 -674702
302625 428910
13321 475722
-326033 -780779
-169457 -217910
-138409 -272731
-592913 -700089
-517188 -670652
-416820 719436
382452 330513
-545553 -457115
147675 -824156
-752732 -564418
857659 177047
-187236 -666132
795358 -951997
-270007 -399257
123432 -958056
-713071 -623846
445033 254083
-305484 391917
-539559 918975
610564 793640
492129 -660416
456767 -964583
811738 65273
-329360 108365
-239176 -417906
51216 882864
-286486 -879711
-708929 855699
929639 490777
983831 582394
-453050 216844
560253 -651620
-583935 687506
324371 670895
-107395 -176352
55329 -501447
16266 -539687
-414025 -146678
902135 388286
-855429 954304
105102 391447
166531 -310827
-52670 560768
472077 783972
-108361 -637352
124154 -540180
-724569 -261024
143984 125703
-964464 513426
-874084 -529806
-306791 455525
-760021 -996090
438139 -68709
-151429 -64582
-227115 195587
-666897 -224205
101037 -361078
-801323 69904
974275 993907
494871 854945
-138742 962556
329577 941333
119807 -690103
409175 -340436
-103491 -903589
58798 -275981
-595110 -563929
854907 -738460
-43612 -161250
-244266 -996914
892890 595440
-741162 641486
-81181 -298683
-704281 -874287
560944 -487673
-574464 597330
758593 825671
-998480 -301757
911440 -680103
228237 -913674
-765597 614410
100776 660869
-793258 -646155
-978638 -191933
563619 -461106
597210 -420326
63238 407509
681749 -472872
-663946 -621220
-606186 461859
-938642 -124996
110684 -977192
90909 802054
227465 968435
690762 680860
114769 950870
564125 656203
-489009 459638
-242058 -733254
991919 440875
775624 -307067
933759 -53505
-394720 -341097
850374 -360077
-371342 -802767
610224 929676
901779 958121
-489910 -136862
-627500 -230692
-564195 -569841
-299651 -877781
-259675 -710321
-706369 688361
343153 -837643
-224179 -321534
886087 -599802
575372 -12168
-545825 -116674
236657 7362
982068 785284
266618 -754920
-878199 -454808
-142112 660256
-341360 387730
470084 701887
-950165 -59399
707875 -744707
755638 -454701
-546443 -612340
-767100 534465
-200275 766960
-856346 238746
-516045 635515
-946781 -779635
-478023 542661
-842207 -371362
526860 244778
341728 -791756
808369 -927319
-971992 -637165
357205 -966419
979395 -669260
95069 -232741
-835145 201281
-411413 -746251
119913 -988521
283794 647417
374841 328081
393405 -314437
-173330 467532
82370 702830
708906 1729
-480440 -775068
537300 -166653
260949 -53155
466994 74096
872117 -484578
12779 -991242
446837 501336
70048 -875663
-892566 -793140
152675 -417985
-791666 320240
-179324 -882270
-756456 961717
522608 -481780
92574 20236
-677774 -871030
-42390 712906
314105 -995701
-8654 115738
456620 85061
-453400 -87074
206667 498820
-70559 931426
-778791 -76859
-18409 743165
-505440 -386648
578735 490129
-666970 450877
246120 411337
777313 347334
10897 246354
-920891 -689945
396686 165362
883796 539581
334490 -536806
333116 896516
515807 -459411
-617927 722500
-574987 173993
5035 -53866
-208031 -946069
167331 466680
-81694 -668948
-550157 250450
698473 -365736
-196838 -251232
858182 -468755
603317 678542
-142730 -972894
-709536 -653926
235738 -589388
-780817 -785953
36131 148831
921100 -471680
-221686 788914
-327790 -129282
370824 170209
998798 -243282
-713099 -414609
-555002 -457412
254313 248773
350649 173762
251604 243384
-18128 -107856
975903 -588702
681730 91062
279359 -399984
601919 -883147
-23767 -365981
736864 -891493
170268 -811484
937701 -919474
-269701 -424869
582049 233443
-560024 -889580
-45988 213491
647059 723099
738186 -316560
213308 -846773
948750 790444
-215864 183729
-305075 -766408
809173 263556
-878812 704519
199066 576665
821535 -383012
-859571 49032
-558893 366259
672406 721950
-796615 9853
178924 262001
678304 167609
857642 -942275
-590482 707401
-136412 -40629
210111 -338799
-629734 -538106
590940 -74624
-191262 -831420
344782 997412
-625355 -24553
124961 -771864
567790 -956508
-976386 -970940
645094 932783
-907828 -481201
-801309 738262
930395 569510
747373 490863
-857468 14985
-515424 -181494
712443 424323
115653 -275404
575138 -517782
387848 -825188
-338279 -657053
-751012 -151659
-856032 443125
-493706 838011
342218 392757
577442 768476
-226707 178495
36677 -474076
461951 -317844
-696606 152335
123003 205329
437068 -332423
498929 -243668
-402616 -689572
-566747 324718
-389625 967258
250681 40708
532043 27784
-854759 492732
637423 471800
-54163 299140
440750 140
701325 669633
731606 -661575
860506 -29402
-418660 -443234
170993 174525
818764 -70709
836852 941059
75005 -221779
141123 964875
-56665 327399
558945 -304406
996323 180100
-769666 75400
-614491 657907
-627904 -560770
-123267 -657581
243309 -965905
38969 182455
-426365 -954477
-822685 328361
-870354 -626375
-334355 301293
-340868 -313165
-921198 261259
-603616 -439825
968054 -441632
-12458 438325
712101 636271
827688 -969736
-258966 -487651
779971 412753
-142287 998917
179712 664799
-469238 352334
-465947 -33203
993412 583789
458136 -935913
394594 -762895
-11366 107503
-688967 -340014
-245186 -347816
383683 -27511
825784 -960863
298910 -260325
-267379 -941275
693832 -935858
514393 6764
785545 -57537
355662 -169497
-742611 -709292
723069 -131532
628299 993532
867655 -478038
-197849 145581
600774 106565
133347 -33623
-883241 -775768
-239201 -408481
-406430 891663
-203245 -491375
176612 -324610
-980286 420988
193242 893207
-560470 691530
-399856 -686297
-174875 60738
-550029 -637665
318373 -296739
590720 161787
968022 -447093
722601 236227
573298 -257287
79936 -425179
-992716 107268
778805 361466
-424360 -409904
463302 382594
457697 499339
-496085 -214494
-341442 640887
410540 -871578
-225424 181114
891179 -583553
743492 -813447
-876031 691464
126914 281527
-213151 360520
409019 -528040
133310 -336569
-458488 603483
-42420 631529
302342 611748
66632 590839
618973 158287
550659 -876339
-261060 -262428
963044 -43916
668709 -280712
-474568 -792586
-650693 186372
917694 -681967
-389764 -441269
-190643 -536727
-236308 146982
694599 -272642
524178 -608644
-166200 -633483
413596 338145
791799 -215145
59226 -47709
-617156 -698847
-741848 -181534
506588 237145
343809 -945759
-7678 -109242
139106 -983012
631742 -855194
-467147 784068
501914 -888646
-222962 -115992
-338228 284513
56125 625694
911407 71608
-308091 -993008
384827 -10477
-974243 -197516
260566 -598672
598536 -957828
-762743 -11310
-637625 458439
-818485 498338
83304 575553
917136 -536818
-731772 -883791
242368 674942
516204 167749
-403523 839285
678496 -231603
78633 -685770
-920007 -393578
-208106 189948
78252 -608165
-870288 -869779
531145 -727435
169152 417188
-685200 -921634
139709 59129
519893 992397
663699 899597
-808695 -61535
810934 -946114
-159978 103601
60048 243443
-906012 727943
-42140 -803077
