3000
275 1885
39 874
10 233
2340 2964
225 1177
1314 1934
577 2431
298 891
2854 2861
1069 1751
625 1322
789 2403
1806 2647
427 1193
682 2854
631 1072
880 890
1572 2315
1254 2593
1331 2822
393 1892
1626 2940
730 1132
1328 2295
325 1723
121 1028
36 2031
1984 2272
1492 1810
191 2535
1937 2797
693 2043
438 1248
57 2239
2157 2341
2172 2870
1978 2488
132 1877
891 2196
563 2633
2050 2970
871 1112
2832 2955
28 1523
1064 2249
2346 2743
2123 2288
558 846
2044 2879
358 1287
531 659
1322 2843
917 1408
641 1333
120 1399
1833 2018
2210 2506
1134 2831
149 1687
254 2789
413 2572
2635 2819
2359 2587
299 1456
1938 2900
1314 1707
1697 2313
101 126
433 2767
570 1572
1543 1715
251 2042
3 1828
254 2735
1050 1402
96 975
678 1624
120 835
889 1374
1107 2710
2075 2105
2231 2580
1032 2514
946 1405
1206 1768
4 814
463 1621
974 2736
363 802
842 1313
1096 2100
689 995
458 513
734 1780
98 601
1333 2164
970 2207
1080 2228
1951 2211
295 443
1889 2590
34 1810
735 2352
807 1833
952 1956
2205 2682
2352 2932
33 1316
806 1948
976 1572
10 559
390 1753
1014 1960
1673 2410
2023 2743
807 1436
835 960
561 1656
2216 2537
1758 2888
2143 2168
1002 1190
353 2674
2922 2967
2191 2647
224 1465
2058 2580
1498 2588
513 1507
1888 2094
1456 2335
123 2787
79 630
1802 2208
1194 2961
736 2274
293 1804
2293 2981
2438 2981
55 2886
1107 2995
501 2749
311 400
139 2560
1018 2603
10 878
1933 2638
386 516
2046 2910
73 437
614 2469
608 2950
1662 2403
1151 2317
1507 2132
1028 2586
703 1098
101 2849
1082 2276
1164 2733
7 2478
420 1880
884 1148
2069 2598
1665 1814
2401 2446
1659 2313
200 2908
1602 2039
21 2117
215 1053
1030 1042
2921 2972
406 1313
923 1054
1247 2191
1860 2548
603 2233
2569 2962
1136 2980
1562 1939
2301 2850
1704 2440
1408 2918
922 1747
1572 2884
270 1564
1614 1654
2393 2543
858 2081
2288 2649
1317 2595
70 1889
1732 2750
1079 1790
1510 2361
50 2982
131 1270
1825 2283
1420 2531
1641 2093
2640 2740
1010 2293
720 2728
173 836
710 1153
342 583
527 708
882 2232
373 2341
547 2448
646 2417
1381 2699
832 984
2646 2932
1082 1840
1252 1297
200 2508
838 2953
4 2317
1754 2881
1182 1844
104 2044
313 1981
379 1573
29 2406
968 2756
799 2658
59 1467
1749 1805
628 1887
1010 1707
1646 1741
850 2758
2 2367
933 1366
2598 2884
1442 2450
850 1315
2654 2977
186 2225
510 560
440 1572
78 2220
571 1608
2267 2456
206 1168
1426 2682
1266 2986
1253 1965
30 613
28 2909
2873 2903
1614 2814
152 831
1632 1887
797 887
1118 1584
351 437
971 2069
1475 2798
2763 2914
944 1331
2760 2765
2221 2442
38 1254
25 2654
1080 2310
102 985
338 2354
115 1641
1316 1934
2308 2461
96 1320
1455 2987
1567 2480
605 1620
184 1470
1052 1804
2502 2863
462 1872
1774 2632
1073 1736
1665 2396
1354 2371
60 586
702 2736
2133 2573
44 1508
2026 2198
1009 2295
2622 2776
814 1372
311 2697
1629 2359
63 2629
1869 2976
93 808
326 620
1216 2259
1208 1688
1786 1814
343 461
2905 2961
161 1737
1470 2150
441 1486
43 2200
532 1375
607 679
2253 2848
279 1873
652 2468
1830 2758
170 944
351 840
527 1387
907 2157
1873 2005
229 767
1036 1530
588 787
375 1063
1661 1726
1676 2922
1508 2506
541 2759
1026 2205
62 1349
1553 2935
1174 1308
1164 1941
732 2942
418 1517
1780 2314
288 2944
335 855
1022 1656
1984 2060
1430 1745
25 603
1018 2175
1286 2952
1878 2653
37 354
1968 1977
943 1393
1046 1366
741 2333
1892 2585
786 2937
1915 2799
1382 2956
1389 2653
1540 2205
1451 2368
241 2196
119 2594
734 1821
110 1305
282 2417
209 1039
2569 2789
1674 1899
1112 2565
1416 2951
409 715
1585 2755
536 1185
1575 1655
307 1279
1624 2235
2313 2818
146 2005
775 2012
130 2446
1579 2689
551 1043
584 2227
185 2898
423 1873
521 1263
963 2848
1157 2801
573 2120
544 2983
858 2891
1481 2226
1544 1801
563 2954
852 1034
586 1502
946 2369
380 1008
833 1150
550 1609
1447 2945
732 1301
113 206
1439 2304
424 1539
125 2199
102 1789
338 2742
207 1155
1870 2985
202 615
1194 2919
786 1613
65 328
573 2672
2006 2015
1614 2761
464 1470
135 2812
563 2444
1127 2155
675 2601
264 1626
211 1780
1957 2322
733 1766
2025 2441
318 983
2281 2762
1422 1461
2240 2365
592 1378
2144 2242
762 1507
418 2527
1165 1316
1007 1764
680 2482
1746 2557
525 2116
1152 1512
58 2962
403 1207
2490 2865
800 2813
1698 1776
95 1381
2043 2511
2877 2912
519 594
1544 2602
768 2498
441 1287
1667 1904
1184 1499
415 537
1447 1749
25 1405
2446 2819
639 1589
199 1213
1901 2628
1769 2447
2525 2655
934 2582
1317 2323
1446 2084
1458 2288
1113 1241
445 852
1685 2954
1870 2245
1056 2753
1048 2161
59 2321
484 2230
459 1525
1387 2003
1486 2170
536 1134
1256 1996
1568 2650
2836 2946
533 1043
1514 2527
370 726
309 2084
1135 2007
1479 1781
1544 1996
2035 2658
1400 2088
885 1892
683 2657
1327 1597
216 1199
948 2864
150 1606
1044 2811
521 923
232 2315
2433 2933
2698 2789
2544 2823
137 2481
698 2852
560 1019
565 2922
439 743
191 1671
472 1060
552 880
1106 2599
212 1811
1133 2304
468 835
1419 2892
407 584
131 374
1967 2611
62 882
903 2661
1430 2411
1734 1888
843 1971
970 2229
126 2959
795 812
625 976
909 2274
1912 2102
1963 2467
558 2037
2262 2761
1727 2712
229 1320
1566 2187
1803 2272
174 1464
1975 2549
384 2837
613 2395
937 1405
2298 2641
657 1311
1687 2128
1769 1973
173 2006
1398 2788
429 527
360 976
1406 1600
1607 2004
1050 1151
338 2518
2178 2669
486 1772
2435 2907
2422 2898
2326 2947
1479 1719
550 1450
1084 2760
1181 1482
613 1414
1776 2307
502 2848
1522 2894
716 1642
958 2586
59 1609
1450 1641
84 2496
1112 2189
1250 2698
1329 2669
105 2425
1400 1646
54 559
1119 2306
1942 2409
1843 2031
2029 2039
410 2784
1514 2339
1589 2874
2392 2930
283 1917
501 1660
592 1967
1412 1639
204 845
378 1176
787 1955
1669 2544
17 2760
450 1817
23 3000
872 948
1192 1618
582 2223
2100 2790
1166 1919
2548 2750
1052 1077
964 1656
834 1868
1045 2024
1101 1474
203 1636
1047 2531
1145 2541
561 2670
1628 2707
513 713
134 760
1768 2569
1588 1985
539 1960
1076 1961
264 2664
65 1002
389 2466
269 1184
1508 2617
677 1750
2564 2726
521 2706
166 2088
1055 1213
1056 1426
587 1743
346 2201
201 459
402 1881
291 2533
1746 2938
6 1969
540 1451
1571 2840
1545 2465
1477 1604
264 933
1291 2892
1931 2298
1441 2235
1715 2795
1400 1516
352 603
1545 2822
142 1936
401 2136
1674 2217
733 885
2246 2421
385 2560
663 1343
72 2933
2051 2904
110 1972
2154 2499
238 1120
2892 2908
2525 2833
220 2859
349 424
1404 1909
624 1048
1856 2321
1693 2934
1233 2547
560 2256
1099 1280
963 2091
504 1448
1361 1955
597 743
301 2179
1217 2053
686 2433
2517 3000
609 1067
269 1490
1890 2858
1247 2597
104 1328
2547 2750
1317 1595
901 2919
146 1337
2169 2619
1712 2716
1744 2095
663 2811
1173 1989
854 2508
191 527
1868 2898
2565 2888
1398 2192
22 2831
683 1678
390 2252
1275 2456
597 709
1207 1463
1123 2350
164 1436
155 273
1212 1666
2106 2108
1185 2443
1043 1315
1988 2305
453 2939
1496 2893
351 1116
2585 2845
475 2110
1119 1683
1251 1313
765 987
2163 2569
39 754
1099 2398
784 1617
699 2941
514 2934
811 2121
643 1398
1796 2634
971 1065
852 2272
1164 2943
673 2037
78 668
254 1909
278 2442
2764 2881
2173 2333
384 490
1563 2555
1722 2544
1185 1494
2057 2148
71 1030
305 2132
493 2671
2649 2905
883 2346
1218 2248
1039 1511
387 2433
950 2434
1099 2383
1062 1111
1487 1989
809 870
1712 2082
305 1194
1647 1833
1364 1427
786 1005
669 1824
1143 1511
83 2504
1220 2199
1015 2595
372 1045
1323 2891
528 1960
441 937
1579 1662
883 1654
1741 2880
948 1042
297 2344
33 283
2279 2605
2088 2788
581 2084
1177 2596
243 2381
1841 2002
56 2309
871 1307
735 2638
2668 2879
2459 2804
176 1365
654 873
960 2085
451 521
195 2525
2369 2514
1113 2403
2262 2576
1607 2055
242 2756
988 2202
1437 2730
478 1798
2471 2559
170 497
1937 2422
1009 2166
1695 2630
1591 2103
87 933
2436 2699
451 2529
1223 1816
237 847
2486 2577
1232 1463
833 2623
444 2549
1072 1564
836 2786
537 1509
926 2493
2099 2751
71 1582
1166 2390
1240 1593
291 1733
1335 2346
270 1164
733 2995
760 1833
2722 2793
2865 2868
1688 2600
60 910
504 1317
1499 1760
385 584
631 675
1251 1886
1401 1753
1194 2878
256 1468
1371 1799
483 2628
876 1822
1070 2099
824 1225
606 1555
594 2374
1662 2116
629 1959
1841 2548
5 264
142 2077
188 2492
2387 2448
926 2433
1528 2921
536 902
913 2050
727 1433
2608 2612
1138 2338
1399 2227
1179 2114
968 2675
763 1104
1174 2161
501 2980
1116 1823
1295 1409
1450 2968
1145 2831
531 1687
2370 2643
1789 2066
1255 1607
1181 1212
1589 1652
2319 2340
1933 2068
1532 1694
628 2572
2003 2139
88 2932
419 787
556 2757
453 1247
58 2209
1015 2414
209 663
578 1290
319 2229
344 611
1943 2786
2357 2780
1278 1690
179 510
1802 2635
110 923
245 2345
103 229
373 1315
1773 2491
252 1915
395 1529
2094 2421
135 1798
989 2943
1739 1928
724 1690
463 860
615 2312
1804 2308
727 767
593 2035
1751 2520
1691 2476
861 2385
326 2733
744 2015
332 729
1398 1400
1247 2076
1118 2797
1271 2909
2307 2702
153 606
307 2450
520 757
691 2179
186 1257
210 2367
2063 2602
1459 1670
38 2263
254 602
120 1348
1064 1655
396 1982
2498 2542
1223 2211
1923 2675
96 1152
61 988
1119 1464
2501 2673
1390 2654
2055 2713
206 1752
319 2191
513 828
1464 2883
1509 2659
527 1696
2086 2150
1099 2813
694 2377
585 1369
751 1112
383 2564
1 1180
214 611
671 1634
789 1662
2482 2539
870 2329
82 1891
606 1135
238 2822
1189 2621
1306 1802
668 2213
861 1843
283 2157
1101 2163
622 2782
134 650
81 1779
561 2038
1432 2292
2208 2952
729 1624
971 2564
1477 1839
1354 2270
1745 1895
1913 2991
2461 2727
245 1223
729 1505
826 2271
727 1701
1216 2402
397 1526
150 2603
1947 2295
609 2980
1146 2858
1664 1792
103 262
562 1554
2196 2499
477 1884
2269 2740
1275 2083
1058 2703
1304 1472
455 1673
393 609
373 2622
585 2035
362 1530
751 1599
31 941
1027 2834
321 1338
1269 2377
905 1160
2375 2680
722 1777
1304 2844
1706 2711
2328 2512
2162 2453
1534 2887
1929 2310
693 2051
1172 1262
526 1520
924 1254
1409 2716
34 890
2547 2578
1645 2647
1559 2184
403 2703
2230 2967
1721 2829
1971 2092
1146 1244
1812 1969
332 2649
21 2281
1887 2120
916 2104
1170 1532
597 2565
784 1687
1299 1490
255 1211
1750 2381
425 2799
38 1443
846 2039
727 2051
1133 1898
2173 2331
499 1682
1684 1880
760 835
1514 2900
1300 1656
193 1980
361 2116
1159 1605
518 2540
1299 2393
1446 2440
365 1950
352 2350
476 1056
207 443
2160 2801
29 1897
816 1783
669 2721
1690 2260
914 2295
1390 2139
1322 2861
1393 2982
15 2997
693 2726
229 460
1297 1604
950 1771
1104 1419
1845 2574
1440 2259
591 1253
477 1386
48 1555
872 1401
714 1741
755 1863
497 548
1580 1668
1023 2981
578 2043
715 2731
911 1814
605 2774
1197 1557
305 1139
1098 2533
470 2768
429 1298
1518 2709
911 1033
1090 2179
1026 2055
238 2355
560 2557
894 2229
356 2459
1247 2592
146 1581
994 1263
721 1292
2258 2489
1751 2868
310 893
189 2073
136 701
1457 2287
909 2041
538 2075
1312 2001
254 457
925 2568
1176 2341
91 1571
2536 2984
935 1961
823 2190
770 848
482 1716
1202 2139
712 2456
1555 2647
499 2457
1871 2927
1497 2514
207 1631
103 2514
42 800
458 1484
104 2549
2669 2815
1578 1688
1017 1547
1060 1557
68 2689
88 1529
175 1763
1960 2707
639 2270
75 691
664 1800
182 2621
1787 2668
478 860
895 1743
1421 2027
381 2543
736 927
1449 2187
433 969
733 950
1840 1927
815 2875
2043 2819
347 2748
1795 2508
528 1614
547 2565
160 2424
2415 2943
2017 2125
324 2202
246 830
1492 1565
2488 2555
2336 2429
13 479
1461 2495
979 2794
1313 2898
814 2236
1417 1494
1745 2513
1074 2335
1171 2285
438 1086
1797 2511
243 1061
1241 1488
1019 1685
1043 2170
652 915
300 401
1503 2361
1761 2856
1062 2228
8 1388
240 2328
933 2517
108 409
1600 1855
1836 2572
193 1627
254 2854
77 2856
1097 2371
1824 2704
763 936
589 2597
1187 1760
705 1685
2358 2366
88 2620
2908 2927
2694 2923
626 2337
1361 2336
1257 1913
1573 2095
2289 2879
463 1611
1301 2045
634 742
1321 2094
753 1812
285 410
1214 2205
2115 2677
1273 1665
853 1870
1198 2341
1061 1180
1225 2706
683 2661
686 1940
1162 1314
1731 1889
836 1164
484 2012
1298 1397
484 1015
254 2565
1172 1685
2007 2972
2294 2773
1592 2594
703 2119
703 2944
1705 2470
361 872
117 2599
1999 2380
723 1902
1098 2072
1887 2636
96 2934
1397 2116
2381 2892
2300 2934
356 1577
1632 2308
106 554
1858 2819
702 1860
438 1186
819 1700
345 927
1367 1530
2183 2244
1526 2421
2579 2912
2145 2537
1137 1812
2358 2937
1432 2616
1239 2703
852 1502
1539 1614
1271 1622
1409 2167
2614 2782
877 1935
1456 2222
85 2224
77 1587
787 1379
152 1596
1918 2586
1125 1768
752 808
57 460
1890 2981
1115 2437
608 988
927 2650
115 1046
30 2643
2238 2689
1052 1108
1582 2776
811 2772
919 1302
1119 2457
1457 2634
260 2637
729 1472
2334 2885
62 1369
2068 2854
2441 2637
70 2675
527 2132
845 1085
1044 1661
628 1541
597 1935
812 2140
925 1902
303 1011
415 2855
725 1699
86 2684
1132 2555
1243 1387
623 1440
1613 2263
1779 2679
1374 2416
1160 2606
939 2678
2485 2579
107 1476
1475 2634
2606 2939
2004 2470
1702 2480
1062 1165
135 1516
1528 2455
2442 2587
1836 2665
272 799
1437 2751
192 779
2026 2260
154 2173
269 1606
1311 2749
557 2098
915 2965
232 1878
532 659
938 1346
352 1006
317 1108
1157 2862
1572 2321
252 2429
410 2652
2361 2481
410 1762
294 912
1089 2379
828 1397
150 1419
609 2001
398 461
332 2806
1051 1891
1166 2243
948 1766
2484 2595
1338 2802
141 1790
1573 1741
1426 1711
347 1764
544 1247
15 1726
1008 2362
2811 2821
1904 2234
805 2801
621 1523
1808 2575
130 1981
277 2830
2077 2701
347 1015
1763 2478
893 1885
1257 1401
127 1173
2285 2469
462 1238
1203 2447
705 1000
590 670
1884 2100
1854 2180
385 1388
2800 2884
2816 2855
102 2502
2798 2815
410 2774
1940 1991
2053 2650
1284 1951
1224 2442
1530 2482
486 2297
1510 2012
2682 2950
1314 2718
1660 1717
1467 2021
686 2451
727 2069
1512 1851
501 2543
1288 1901
865 1543
1325 1591
104 1305
1272 2438
1475 2553
373 466
1419 2648
1243 2312
1096 1491
1837 2482
1774 1955
779 1979
76 1992
1931 2527
1399 2707
1358 1583
128 756
1197 2667
674 1522
367 1000
687 1967
412 1468
91 2014
773 1238
125 893
1386 1676
891 2277
315 1989
1772 2700
11 2515
1121 2787
1536 2719
459 1537
960 2447
1127 2005
82 400
1320 2304
414 651
1551 2629
815 2160
2258 2632
1352 2063
278 1599
1350 2955
1251 1899
2338 2874
1321 2005
876 1530
1362 2827
1875 2796
538 1397
970 1681
99 1212
1237 1844
1083 1768
2300 2899
746 2665
1070 1173
1566 1960
1769 2075
440 1943
470 1557
472 1456
329 658
195 572
399 625
296 1691
500 2676
514 867
644 1242
2057 2702
814 2467
290 1893
934 955
1936 2236
1951 2244
1430 1496
1763 2295
1827 2358
604 664
659 1443
626 2229
1287 2083
1375 2405
1863 1961
2360 2991
1315 1380
2810 2934
1665 1837
994 2388
2094 2994
1295 2224
952 1698
239 1079
1298 1453
287 306
752 2331
2247 2259
305 2546
887 1904
2283 2679
1861 2689
54 2125
539 1134
1447 2344
2422 2438
1901 2795
586 2675
516 2592
2378 2866
2286 2531
321 1206
1758 2578
1381 2948
1441 1605
345 1125
1645 2467
593 652
38 1014
280 1396
650 2535
2675 2858
181 1404
167 2874
564 2900
101 751
948 2904
724 1242
1237 2300
913 1535
456 2764
552 1120
2110 2619
994 1448
1695 1997
762 1821
1588 1977
2017 2591
548 2036
777 1661
698 2248
1228 1305
343 1731
1412 2063
2027 2564
2276 2479
1167 1889
2958 2989
1618 2936
835 1910
1367 2373
1029 2466
840 2337
1437 2287
9 481
112 1151
19 1834
1489 2172
2313 2712
1242 2088
1031 2201
1777 2830
1886 2563
1861 2391
1049 1875
932 2078
2512 2933
1649 2418
525 1914
1648 2327
75 1723
112 2246
1380 1881
625 2186
680 1916
1604 1924
1040 2734
1574 2947
952 1991
1819 2036
1065 2163
1285 1632
1998 2260
562 2983
32 2553
2178 2952
313 995
581 1539
6 1342
345 2644
692 2119
3 482
287 848
1625 2003
77 720
465 543
263 292
2721 2760
619 1247
42 2232
755 1471
600 1035
694 905
637 2127
2602 2998
274 356
990 1107
1296 1340
1427 2591
675 2253
91 896
2558 2600
395 2973
371 757
859 2200
1574 2789
848 1880
1157 1826
136 1634
1300 2919
107 1617
1355 2706
1199 1971
1328 2805
333 2342
364 1974
689 1827
601 1755
482 2689
464 672
2483 2774
441 957
164 1324
494 2199
695 1385
788 2648
1785 2336
28 1528
686 1708
332 1583
2613 2826
1632 2033
290 380
993 1041
172 2199
326 2155
133 1418
561 2035
307 2475
107 198
270 2151
250 1309
792 899
1677 2309
179 1991
287 1521
571 1220
145 296
12 1226
914 2831
145 2884
1964 2216
1790 2454
933 1214
219 2276
1318 2743
1342 1458
352 1174
1749 2776
88 1347
1550 2107
433 2094
1658 2850
2205 2555
1177 1739
314 2019
711 2759
890 2879
483 2569
1483 2406
1274 1435
489 1498
806 2408
1061 1718
519 2592
437 819
1295 1493
1694 2900
681 1777
860 2802
1855 2800
821 1865
1184 1441
1061 2474
1535 1803
1064 1717
2297 2588
25 2637
1886 2338
1080 1159
52 2914
436 1122
275 694
1526 1582
1515 1606
2739 2897
687 969
1558 1985
2312 2662
1721 2289
684 2814
1428 1541
963 1939
1669 1708
1071 2267
625 2937
1924 2719
1024 1251
1389 1895
1083 2309
1598 2129
1542 2245
1570 1638
1491 2418
483 857
1073 2920
1756 2235
1235 2066
1694 2054
2924 2963
722 850
995 1662
610 1172
185 717
22 1135
398 798
817 2012
193 1508
1249 2133
1349 2221
826 2400
186 661
167 454
1931 1980
699 1208
2346 2784
883 1717
274 420
540 2078
1243 2635
1870 2889
1357 1929
1806 2057
282 1609
180 1778
2434 2480
1619 2161
169 2054
1812 2553
239 2978
150 1672
1763 2658
203 541
16 2462
790 943
1019 1207
1177 1194
1435 1830
1513 2852
2241 2783
961 2423
1289 2324
508 2022
7 115
795 1859
567 899
1089 1563
1995 2654
1112 2618
691 1037
2782 2911
361 1580
1577 1865
397 2155
1256 2484
485 1427
2227 2548
1986 2010
201 2160
279 1625
1796 2348
1079 2790
1887 2959
36 294
196 1228
113 415
1123 1453
1978 2774
1296 1667
314 1765
1314 2547
1320 1628
641 2290
1583 2976
201 546
719 2097
2058 2506
1685 1731
1517 2270
638 2902
380 1881
1408 2622
2274 2281
794 2322
1512 2616
104 484
1365 2488
1244 1813
1889 2372
97 333
465 1232
645 1003
2458 2647
774 2981
463 1715
1165 1625
792 2729
9 292
1265 2717
1781 2092
822 975
1024 1682
910 1180
2367 2538
1078 1936
2036 2814
117 579
208 1394
619 2663
891 1039
791 2749
1302 1575
1153 1633
1032 1995
1758 2972
1589 2871
173 2748
359 701
852 2483
1436 2378
1264 2804
1497 1543
726 1803
751 2818
119 2814
324 2817
1588 2131
703 1599
974 1988
263 1110
1125 1322
952 2156
636 2875
404 1159
177 345
1470 1533
80 666
463 1885
1185 2248
49 279
1775 2505
1101 1157
412 2855
596 2865
1186 2603
2184 2444
1554 2647
1884 2979
389 1067
373 715
1576 1772
204 2318
1490 2807
1065 2932
1767 2085
1121 2830
720 1076
1909 2143
788 2068
2192 2791
1645 2544
463 1256
1073 2098
61 692
102 2527
1261 1860
318 1808
862 2945
717 1049
2023 2454
215 1136
272 1266
847 2149
80 685
44 2642
682 2214
1157 2070
1177 1448
1482 2200
51 2816
41 155
1134 2130
2838 2955
5 1032
2088 2479
949 1364
110 873
1909 2068
2123 2435
1528 1733
95 1096
1612 2631
597 677
509 1818
92 1509
1080 2787
2393 2442
2434 2942
52 916
517 2392
292 1982
999 2827
285 2286
1801 2364
2445 2580
2012 2339
1673 2421
66 1125
1755 2501
1267 2267
2891 2935
1262 2614
85 2237
340 2812
1439 2912
476 849
2428 2732
1197 2939
451 935
1275 2395
923 1788
543 2983
1708 2528
605 1163
949 2318
1100 2946
1896 2928
1730 1848
1153 2686
1214 2122
1289 1966
2564 2895
944 2210
937 1630
1483 2604
791 2704
2569 2700
1760 2694
234 1877
1203 1816
856 2109
516 2117
937 1314
1448 2811
43 855
838 2760
223 1223
353 908
1022 2090
507 1569
821 1632
1361 2831
740 2512
2407 2440
301 998
1546 2332
228 2144
1164 2226
640 976
163 1325
274 515
147 2624
1400 2503
315 2305
147 1117
1546 2742
1357 2136
1974 2232
1449 2792
703 1954
179 720
1994 2243
490 801
142 2336
923 1677
2650 2895
1047 2850
751 1854
1603 2826
1902 1948
78 1828
504 2050
1597 2007
1382 2240
242 1266
738 2716
31 2484
1412 2482
1842 2794
62 1455
489 2073
2768 2797
204 296
2431 2917
1033 1924
1 903
1835 2963
1681 2866
1344 2668
403 1557
83 1204
2116 2815
893 2121
1184 1688
1309 1955
213 598
442 1395
1282 2004
2250 2894
774 1199
2215 2745
55 2155
847 1593
600 1957
5 2272
1022 2695
1264 2038
33 356
205 612
288 1100
1910 2280
169 2058
1754 2915
716 1587
786 1770
1047 1857
414 1642
1384 2090
1560 1839
33 1876
880 2027
1794 2461
280 1697
2733 2828
2615 2683
1720 2902
1817 2918
1170 2547
1830 1833
428 1849
1846 2826
178 2609
846 2795
1564 2784
1610 1929
1868 2372
822 1929
781 1272
2510 2656
324 1282
327 887
1293 2661
1403 2487
1599 1771
1054 2894
22 1995
524 2647
1772 2564
546 1560
1892 2104
1487 1870
881 2873
70 2397
52 1301
1004 2596
1414 2720
1883 2651
1570 2282
1449 2565
1737 2329
2100 2573
1039 1736
1209 2814
565 2044
1704 2741
122 2545
553 1231
523 1883
1278 2573
1291 2071
55 2114
1533 2606
1354 2649
2190 2199
2698 2927
77 2288
1010 1689
607 2232
2736 2806
721 2142
1112 2170
2216 2573
1146 1608
865 2506
515 2997
586 675
2335 2359
1162 2275
810 1727
1966 2661
226 451
1976 2831
705 1773
1753 2752
2557 2564
1111 2528
297 2446
527 2278
224 1367
537 764
1552 2338
589 2511
830 2992
1158 1899
35 1929
183 2675
1165 1194
21 2442
2443 2881
1375 1376
2274 2940
59 2034
2174 2884
53 1478
1404 1553
1248 1542
1 2015
744 2118
467 860
1418 2346
616 831
415 1665
38 2831
56 2597
2145 2195
338 1060
295 522
1843 2099
693 2686
2609 2823
116 1666
896 1025
242 1109
87 2722
940 1779
1594 2435
1663 2171
130 1959
1246 2529
962 1832
1333 1493
1074 1116
640 923
302 2425
429 2455
554 584
44 2857
969 1207
2246 2964
1365 2678
1415 2832
1167 1957
840 2456
2252 2498
359 1975
929 2088
57 370
362 2891
1336 1637
2026 2351
47 1673
869 2820
1282 2929
2232 2488
76 1983
495 2634
2268 2855
2119 2142
1117 2032
471 1259
1891 2398
590 1290
703 1184
292 1099
95 2957
1775 1837
2528 2726
1503 2163
1178 2277
1303 2676
994 1489
87 301
371 2754
232 2082
3 2536
2296 2564
2440 2741
821 929
1496 2371
1245 1911
635 2608
4 153
1361 1753
1265 2652
958 2942
18 2164
307 1771
312 340
558 963
2127 2303
1411 2027
175 1625
106 1424
388 2370
409 2721
423 798
317 714
141 842
23 1485
1806 2365
1021 2376
639 2976
2125 2602
526 834
1196 2818
1185 2053
2825 2829
1082 2485
434 1154
888 1310
1168 2715
2587 2725
1169 2262
589 2091
994 1951
1450 2375
906 974
1179 1718
2153 2820
1083 2092
300 1709
2300 2549
48 2142
1351 2287
1868 2060
339 2785
1105 1939
180 2329
609 2300
1624 2168
2519 2768
1045 2689
294 631
894 1551
707 1397
2162 2776
1836 1982
1122 2449
53 2015
557 2303
474 2880
2591 2925
1146 2683
603 1908
190 2411
835 1036
158 2211
1936 2186
548 2298
217 2968
1806 2496
427 2958
2413 2573
1210 1265
1486 1898
565 2261
89 278
1065 1588
667 1147
170 2042
470 1692
1083 2213
640 1493
1500 1612
840 1576
315 1596
1432 2286
322 2531
259 1378
277 1805
1083 1769
1216 2511
175 2412
747 836
564 862
1745 2981
476 2313
13 1404
1850 2616
1540 2508
1381 1786
1062 2034
22 2990
41 419
16 2159
632 1520
2074 2295
1012 1990
2107 2779
1518 2725
998 2362
1323 1398
1453 1771
2432 2582
388 1238
2624 2752
2539 2790
816 1614
198 1269
1915 2892
800 2301
1369 1979
8 2990
573 2839
117 2340
205 1468
725 2538
1621 2577
415 1807
769 1417
820 2391
100 2048
1710 2550
994 2989
748 1453
842 882
143 248
2714 2739
1488 2059
111 2850
2158 2158
1016 2472
771 2885
2112 2898
453 1558
87 1441
123 682
818 2058
894 1002
940 1733
1785 2565
121 709
544 2867
2031 2948
1700 2033
249 1095
1241 2715
147 2189
2205 2696
348 1577
916 2543
140 2643
1620 2958
1181 2976
225 2367
1356 1720
769 831
178 2220
2373 2829
710 1991
340 2982
554 2805
1256 1263
610 1928
429 2163
227 806
418 869
1191 2554
842 2178
65 1227
1321 2635
1254 2947
2127 2829
147 2083
1581 2688
1049 1978
2356 2802
100 2190
242 1893
498 1687
1101 1462
435 1955
512 1681
1592 1851
1733 2392
662 1200
2606 2642
2235 2308
379 1321
532 1972
2199 2710
131 1098
2328 2807
218 1323
578 1904
152 2110
694 1615
2556 2832
3 2139
22 2969
14 2305
1457 2229
368 1687
620 1013
2038 2329
45 2406
695 977
804 1741
4 604
752 1773
635 1721
1722 1928
2721 2728
327 2054
1108 1668
953 2843
232 2620
354 1084
161 2189
2787 2984
960 2970
1118 2207
157 2583
262 296
470 2524
2213 2334
1009 1056
552 752
1332 1790
521 753
316 2352
688 2272
813 2330
251 1269
281 2531
11 2856
938 1951
253 671
1564 1765
761 2617
1409 2166
172 2613
214 886
383 972
171 505
1252 2477
125 2227
1493 2100
1239 1240
946 1481
1159 2527
461 2375
2282 2470
1452 2913
2099 2634
977 2191
2383 2663
764 1656
1873 2091
1293 1560
2570 2792
272 550
108 380
1534 1928
894 2621
573 730
769 816
1076 1941
471 920
347 438
50 2168
1915 1988
644 1943
458 1583
260 1132
2125 2388
201 2785
80 472
2169 2658
2176 2891
931 1087
1018 2870
146 304
969 2296
1729 2921
366 2207
1205 1460
196 1965
2057 2912
2271 2946
915 2317
1402 1599
1447 2122
406 1856
2170 2190
676 1985
1737 2902
1940 2227
1255 2529
1092 2585
1272 2974
2054 2632
672 1745
2437 2627
1040 1625
2208 2964
1100 2574
672 2047
300 1295
157 291
686 2230
649 1690
315 1048
414 710
1002 2726
110 1345
149 2612
1130 2395
1238 1919
1328 1563
1715 2209
252 1029
2314 2833
149 2271
2694 2983
1470 1759
771 2787
1448 2752
315 482
6 1628
176 951
39 899
1187 1288
2818 2875
1253 1602
97 2855
1225 2166
86 2793
1166 2005
68 2752
544 2886
1100 1555
1192 1453
898 1400
2353 2450
9 2562
2175 2485
682 1508
1350 1615
213 1722
123 694
787 2339
1527 2289
2576 2597
993 1669
1075 1092
421 729
120 1714
126 1384
445 557
667 1854
2570 2790
629 703
361 1762
1755 2885
308 1263
156 1669
1940 2535
1572 2563
1445 2912
954 2949
72 1199
595 2492
671 2068
104 2671
166 909
481 1100
1049 1415
944 1422
1225 2427
1391 2561
1055 1462
1815 2191
1131 2107
1095 2799
313 408
248 653
490 2777
885 2936
138 675
1050 1611
456 2585
1415 2612
347 1122
1316 2806
705 2166
1058 2489
347 2979
873 1213
707 1714
1320 2706
1050 2198
159 2780
171 577
1007 1877
1665 2426
306 2520
636 753
483 2344
2220 2961
727 2678
1148 2014
525 2478
879 2076
165 906
2184 2598
177 1307
1678 2064
1537 2280
13 2281
130 154
977 1806
786 1870
2375 2462
779 2561
389 2361
1030 2993
746 814
2136 2498
643 1321
18 1408
226 2524
795 1541
898 1491
579 2907
1000 2099
67 2177
301 1865
87 433
1554 2641
1404 2142
593 2588
570 2275
483 2378
1785 2698
1085 2009
221 1643
1605 2140
1950 2051
1595 2015
601 660
1251 2660
419 1637
746 2952
366 564
463 1321
1914 2415
175 2855
1883 2704
900 1044
1177 2963
1338 1411
1373 2591
1830 2648
2051 2215
284 2963
738 2323
929 1639
1799 1955
1492 2289
1364 2156
993 1859
1040 1627
1557 1893
19 2363
1931 2423
536 2737
1234 2298
2134 2368
664 2581
121 407
860 2909
2414 2909
2032 2775
1781 2526
67 1539
424 2423
757 795
589 2816
1153 2160
61 2564
845 2808
633 1418
1583 1699
2068 2915
1263 1804
10 1966
1345 1636
2256 2413
1604 1818
892 2060
678 734
624 886
1229 2173
163 1013
51 342
47 2430
1064 2904
556 2480
767 1158
657 2409
1842 2180
257 2312
546 1915
1248 2677
1941 2303
1170 1607
350 2628
149 1331
2296 2687
934 2702
679 1373
2152 2496
320 2070
1518 2913
1784 2608
1359 2392
1989 2457
1677 1870
1549 2045
547 2807
144 840
1313 2472
2710 2760
310 2147
1722 2292
1538 2687
827 2124
1107 1934
634 1964
132 2732
372 2490
418 2252
414 937
1148 2572
1034 2801
2165 2889
651 2221
174 1089
363 815
958 2231
625 1740
278 2419
1542 2406
651 739
806 1477
525 2552
242 813
420 1372
359 624
1102 1365
362 1933
207 1800
1595 1813
314 2764
1902 2242
557 1371
494 2345
41 559
1194 2271
1322 2011
232 1586
617 1896
724 2219
515 2810
920 1786
104 2664
712 1170
221 1550
1322 2361
2295 2430
1819 2425
456 2209
502 973
1343 2892
1120 1687
1442 2745
639 1711
691 2298
207 2820
1208 2270
1125 1392
2131 2905
214 437
125 2053
720 1400
2118 2265
194 2303
1215 2441
2812 2864
630 1743
1453 2260
915 981
887 2927
17 2021
90 2117
1202 2383
679 792
2234 2331
426 756
101 1247
1027 1564
1575 2755
2027 2187
1131 2043
920 2816
1411 1995
190 2374
1224 2536
467 1132
859 1625
2 418
239 320
1283 1522
229 2088
503 2600
322 2837
1278 1473
2047 2561
28 669
2169 2690
140 2551
466 2585
1355 2393
23 551
1824 2025
1131 1249
1813 1928
1505 2454
399 2302
963 2159
145 1669
1426 1875
289 2055
357 810
1769 2564
1350 2544
831 1604
453 2339
234 1679
1888 2775
2044 2267
1642 1721
317 348
547 731
1444 2614
126 2561
2535 2678
1247 1871
147 2787
1010 1807
1676 2505
1018 2631
463 2257
937 1819
2039 2231
94 498
1201 1284
142 2293
94 767
282 2594
2439 2885
1256 2539
925 1946
885 2064
290 867
284 2200
973 1026
572 1427
555 748
259 2778
786 1091
747 1511
1256 2900
1198 1212
627 1718
2714 2927
817 2169
1625 2602
140 1706
132 481
182 1660
2290 2926
835 2751
2339 2810
64 781
18 2674
815 1482
158 2532
36 1887
1385 2237
401 1011
2090 2105
1352 1535
1999 2478
364 1322
2396 2925
721 1631
120 217
1860 2359
596 1191
1400 2786
228 1846
1593 2728
1510 1550
1241 2023
1491 2572
689 1891
1966 2053
1247 1250
2096 2839
18 420
2389 2523
2649 2854
606 1448
1717 2868
1239 1500
464 2351
1361 2289
1371 2122
350 1983
258 1712
701 2100
