500 500
196 499 479 477 438 68 110 160 273 250 33 404 302 406 472 218 413 286 449 266 393 171 197 199 82 141 440 358 204 295 174 235 16 446 148 364 229 416 252 69 297 415 208 272 325 62 1 193 379 189 37 142 211 388 67 322 430 153 269 473 232 23 466 145 447 429 264 200 150 470 301 98 31 259 492 304 126 158 27 265 260 238 311 128 256 44 385 410 21 427 327 213 336 348 288 118 426 459 454 168 75 38 25 5 368 323 284 83 271 258 280 340 103 347 117 77 390 53 214 11 362 334 73 24 48 12 54 241 152 267 15 29 58 437 237 486 341 14 261 215 107 119 373 162 192 206 424 407 86 255 408 178 474 367 191 236 339 395 418 384 230 496 35 465 46 374 275 383 309 428 493 239 464 316 500 436 212 392 91 268 425 248 19 281 120 201 97 487 456 274 475 180 124 71 129 287 398 130 109 467 240 452 489 63 363 345 448 293 471 132 320 231 481 122 101 59 310 66 488 7 245 172 95 337 331 173 209 195 13 131 10 480 380 6 170 20 228 247 476 321 495 432 324 469 453 394 79 462 246 402 183 202 315 277 43 50 149 439 64 61 251 303 203 76 457 389 490 115 335 292 444 190 151 296 188 397 121 136 433 276 282 194 451 111 372 243 89 26 225 353 307 186 28 378 391 351 318 461 361 185 350 210 382 72 99 108 431 317 314 290 159 291 106 435 135 146 113 45 81 102 161 39 184 181 88 484 360 308 125 90 497 306 403 78 221 375 32 224 423 354 485 483 41 169 399 22 289 249 93 283 3 36 222 371 387 254 468 114 376 455 420 177 414 355 112 163 300 219 270 60 84 478 262 198 242 8 17 139 422 100 56 279 299 216 343 127 463 165 344 377 352 233 187 349 294 298 52 434 47 369 386 401 305 167 116 338 234 87 207 409 263 138 175 359 458 356 253 49 143 328 18 346 332 42 34 417 442 278 134 182 157 205 156 419 92 405 94 226 227 482 312 223 105 443 155 70 313 96 491 176 9 179 2 80 421 55 400 494 381 57 123 137 74 85 257 30 65 140 144 164 498 396 330 460 51 366 370 4 244 326 450 412 445 154 133 333 411 365 357 166 329 342 319 147 104 285 441 220 217 40 
12 411
298 395
361 445
294 342
397 116
1 239
478 106
427 220
353 127
30 339
98 47
231 298
334 500
234 296
6 178
326 420
90 161
80 59
85 185
281 260
483 32
231 439
407 90
291 283
450 451
45 254
267 498
353 17
5 122
372 312
160 127
167 114
474 285
144 434
210 118
443 362
100 80
256 496
364 359
269 285
468 322
248 492
351 99
176 193
184 126
180 420
333 350
233 281
174 189
471 400
273 313
62 160
474 107
87 97
306 187
442 399
328 51
237 293
296 351
304 293
277 11
108 330
228 388
417 193
132 240
227 56
264 340
133 227
205 45
59 378
485 91
240 272
3 243
473 208
231 275
320 299
207 61
50 428
346 242
186 416
329 3
215 107
113 171
298 183
251 25
104 441
317 284
85 297
133 471
457 427
170 378
398 150
497 4
7 112
275 217
497 43
51 158
96 125
202 128
397 373
327 174
340 357
381 48
367 480
10 47
220 449
345 488
182 373
498 482
436 344
208 378
323 67
346 348
269 245
272 362
36 249
438 56
429 341
427 288
80 227
26 500
392 315
146 91
360 145
104 336
98 106
378 488
177 147
487 117
394 419
441 155
196 38
371 55
109 205
163 482
312 202
169 402
192 262
444 357
399 32
39 459
319 168
368 258
448 324
470 119
283 2
110 403
441 331
479 15
264 159
480 333
115 221
489 153
220 33
354 51
137 185
468 336
92 444
422 166
6 26
123 333
111 444
402 151
405 181
115 39
312 425
52 263
218 346
274 356
8 399
494 377
395 344
437 204
202 161
204 200
300 38
394 439
110 110
414 314
200 456
72 43
232 25
352 122
69 134
434 449
109 154
123 493
490 449
414 468
277 233
459 231
178 9
230 140
492 221
307 140
20 6
421 91
339 22
499 289
211 245
123 455
383 208
282 256
459 236
30 398
3 65
18 203
4 61
109 409
98 317
152 40
127 90
450 47
447 296
273 328
429 242
450 3
223 337
32 401
487 382
118 437
385 416
183 237
39 436
264 67
375 394
427 414
187 152
482 334
435 129
325 236
88 99
500 349
291 81
362 82
84 412
435 364
499 336
87 342
214 36
456 307
137 384
204 208
91 347
264 280
327 261
102 375
499 418
323 374
484 263
131 431
495 404
186 350
397 160
186 213
257 414
187 116
442 306
226 82
74 231
382 106
418 100
371 223
214 284
238 220
94 21
245 244
53 448
16 474
204 203
194 180
208 358
33 116
282 336
47 473
324 333
306 153
494 446
111 172
266 13
379 182
220 419
393 488
390 494
311 170
52 221
377 239
296 9
368 324
278 426
120 74
86 392
15 213
24 73
38 259
375 292
337 96
135 271
152 418
312 108
160 452
24 244
370 346
402 391
270 64
38 494
83 409
133 294
21 10
91 464
26 180
155 481
473 232
185 181
419 222
366 346
274 215
260 211
223 403
332 335
259 480
248 97
185 53
228 45
298 349
358 464
286 281
298 40
190 135
340 32
250 210
243 411
200 469
79 136
76 188
476 117
49 439
14 114
62 177
352 287
388 82
55 247
214 99
261 326
44 327
60 388
324 364
317 239
326 300
81 135
461 475
88 267
353 290
153 166
83 28
390 204
403 349
397 108
341 249
107 131
38 152
412 138
195 181
143 359
54 473
364 43
273 332
96 213
58 478
376 34
177 276
414 308
41 42
238 229
192 34
441 452
132 23
361 306
107 70
195 341
316 250
101 262
39 468
218 279
317 124
378 467
235 61
340 371
374 295
477 163
496 174
498 368
58 412
276 449
166 154
500 199
438 276
124 79
129 208
319 190
462 112
353 127
29 66
178 196
424 321
315 45
353 278
32 270
228 158
318 277
253 476
470 398
169 197
474 327
409 303
300 25
408 168
378 231
151 342
470 383
145 36
233 39
17 163
107 24
140 124
308 33
221 135
247 414
37 262
452 154
88 178
411 415
80 430
441 314
119 338
38 273
294 348
452 47
309 244
329 97
477 428
44 213
291 442
246 161
254 166
450 345
163 326
32 30
309 492
432 206
446 244
359 289
118 253
488 479
441 277
10 225
44 364
48 337
348 454
138 218
198 228
244 176
130 12
117 454
323 115
367 429
35 160
454 191
204 26
186 52
130 28
396 113
296 393
295 422
307 286
253 490
436 452
133 82
105 295
357 122
457 229
278 356
425 93
482 202
476 397
185 214
245 70
185 405
496 283
298 477
61 52
348 160
359 324
193 13
122 35
391 243
309 444
81 205
309 214
87 173
