300 500
1 2
1 7
1 8
2 3
2 4
2 9
2 267
2 187
2 197
2 24
3 16
3 19
3 27
3 45
3 67
3 111
3 165
3 175
3 104
3 49
4 5
4 11
4 23
4 25
4 49
4 59
4 273
4 106
4 225
5 6
5 44
5 71
5 117
6 10
6 14
6 46
6 78
6 143
6 112
6 237
7 18
7 24
7 112
7 230
8 60
8 110
8 154
9 12
9 98
10 13
10 29
10 51
10 288
10 121
11 22
11 32
11 33
11 56
11 90
11 196
12 17
12 108
12 194
13 15
13 20
13 68
13 137
13 215
13 174
13 197
14 116
14 39
15 26
15 81
15 182
15 269
16 21
16 37
16 53
17 42
18 36
18 85
18 213
19 63
19 69
19 158
19 264
20 28
20 52
20 105
20 192
20 257
20 286
20 164
21 62
21 295
22 38
22 95
22 186
23 41
23 65
23 150
23 190
23 247
23 238
24 34
24 40
24 43
24 131
24 133
24 236
24 121
24 51
25 97
26 55
26 80
26 68
26 143
26 225
26 231
27 48
27 100
27 197
28 31
28 223
29 30
29 54
29 57
29 200
29 215
30 70
30 72
30 193
30 114
31 35
31 73
31 119
32 126
32 82
32 241
33 103
33 146
33 135
33 299
33 197
34 42
34 84
34 161
35 66
35 86
35 274
35 259
36 234
36 181
37 96
37 241
37 166
38 39
38 124
40 82
40 152
40 240
40 68
40 42
41 91
41 129
41 136
41 292
42 224
42 122
42 233
43 199
43 297
43 283
44 47
44 61
44 113
44 124
44 195
44 260
45 102
45 194
45 245
45 251
46 50
46 75
46 93
46 180
46 103
47 77
47 89
47 203
47 94
48 121
48 258
48 196
49 282
50 287
51 74
51 148
51 160
51 220
51 273
52 167
52 174
53 94
53 89
53 271
54 58
54 294
55 64
56 209
56 238
56 232
56 299
57 76
57 83
57 240
57 143
58 87
58 256
58 157
59 167
59 193
59 183
59 78
60 142
60 259
61 262
61 284
61 293
61 94
62 79
62 122
62 168
62 252
63 114
63 138
63 241
63 228
64 104
64 125
64 164
64 279
64 75
64 202
64 270
64 179
66 117
66 253
66 230
67 162
67 129
68 101
68 204
69 145
69 165
69 194
70 130
70 217
70 239
70 145
70 96
72 88
72 181
72 120
73 210
73 161
74 139
75 270
75 223
76 166
76 171
76 99
77 145
77 110
79 106
79 189
79 231
79 212
79 246
80 94
80 300
81 219
82 172
82 244
82 263
82 92
82 98
83 209
84 170
85 127
86 109
86 283
86 131
87 192
88 92
88 208
88 98
88 120
89 159
89 187
89 292
89 166
90 118
90 285
90 280
92 115
92 174
92 226
92 105
92 127
93 134
93 136
94 99
94 206
94 248
94 263
95 294
95 201
96 243
97 120
98 254
99 107
99 227
99 176
99 166
100 140
100 221
100 261
100 107
100 166
101 145
102 218
103 127
104 297
105 141
105 163
106 149
106 265
106 272
106 240
107 281
107 268
107 178
108 284
108 222
109 128
109 207
110 201
111 209
112 155
112 205
113 157
114 254
115 208
115 290
115 214
115 282
116 212
116 287
116 147
116 213
117 276
117 294
117 146
118 153
118 254
119 122
121 123
121 184
121 258
121 146
121 173
121 253
122 133
123 216
123 224
124 203
125 237
125 160
126 217
127 198
128 135
128 144
128 156
129 169
129 202
129 201
130 177
130 178
130 191
130 197
131 132
131 264
131 271
131 154
131 277
132 151
132 233
133 146
134 235
136 214
136 222
138 219
139 142
139 147
140 211
144 234
145 173
148 247
149 298
149 276
150 188
151 232
151 158
152 244
152 281
153 176
154 234
154 179
155 292
156 179
156 208
157 230
157 285
159 216
160 269
160 270
161 251
163 211
163 281
164 228
164 300
165 185
166 207
166 243
167 280
168 225
168 215
172 183
172 249
172 263
174 296
174 202
175 198
177 250
178 197
179 246
179 249
181 191
183 198
184 293
185 282
187 256
192 268
192 209
193 225
194 220
195 207
196 263
197 292
201 281
203 229
204 223
204 239
206 278
210 251
213 262
219 231
220 224
222 242
226 233
227 283
228 259
229 266
229 277
229 269
230 273
232 265
232 296
234 252
236 250
237 270
244 282
245 280
245 269
246 295
248 288
251 289
251 285
252 255
252 291
255 299
259 275
263 275
265 279
266 276
283 298
288 299
