5000
579956 7503
-697769 814289
-453256 625089
-393604 362511
564423 131917
-145458 -906891
-335753 -100110
167244 912766
587875 982806
-462546 446810
732788 924369
169973 403220
76045 607322
-110848 -686670
-269081 -773207
223148 -668598
708238 752304
-718826 -773264
-776139 656130
164290 389965
192032 875795
669408 -770156
-905899 -154235
995563 700390
-417631 108791
612195 -97433
954292 441787
-631824 864558
120314 -548953
-85057 -359487
189685 835539
340980 -617570
-531704 -103898
-699064 183433
-159956 141351
-853415 -450044
177911 -812770
546848 -513492
368137 -169723
-911979 -241492
855991 -737497
379044 84668
244428 -24184
397068 42802
-704588 420163
-367601 166851
-462569 808703
-278090 957996
-510583 -207579
-737804 697776
803786 402529
-824956 153665
286302 939442
995469 367924
-99535 853363
902960 110212
-408246 -914669
-771295 593243
-535899 535884
403494 437698
70758 732764
104632 506079
-608531 -943848
325180 661298
364945 350520
-731959 969532
-26634 -639081
-632943 825236
-951672 707193
623047 330496
905313 932840
-477813 -695096
318426 -456516
-82312 799673
203504 455884
188286 794524
-393598 606261
-735415 365499
467303 16467
-418938 -275634
628251 -887913
344107 -575188
34624 -337157
733014 -512724
708139 491221
-786448 -913590
-561769 -804409
-754496 672403
-675704 917483
965896 -782383
991213 247032
-459207 486134
-968784 872101
624501 969085
109570 454708
534673 142152
841476 455218
151565 366306
-721979 -583731
343180 -624216
-962051 -743313
-33157 -135356
-607061 -820678
76008 628636
-78480 -933846
627283 17917
543900 -799097
-988701 -830164
287998 699966
427185 -58473
119298 1422
2414 -380684
-168302 -437581
834215 94345
-897382 -915946
-309631 -371739
-956112 -479932
-610251 -252191
891480 257479
914801 -234474
166596 -473710
-300295 772127
186927 -769990
-782306 -911080
-580470 -615747
611477 663043
631499 -360891
742691 -507052
-773206 198607
-7233 316138
-526992 -553175
82679 -387355
-838614 -347920
-471071 -886327
445017 488153
726995 -115522
197744 147157
-849554 911299
654545 -728245
-609381 -826976
-582461 -151513
329294 -251857
149849 -247752
-70475 -123223
-931855 -513200
647482 -174411
-739982 -273918
109823 635198
-744746 493663
-245455 -298461
305986 507075
384613 380781
570326 -997589
612951 457218
-400785 -598942
700526 -639980
13520 -109093
129708 691241
502167 824330
-122234 -402903
849178 -496088
608846 -541469
673452 -468513
652680 361881
860898 -426132
355285 -326616
-293406 -261960
787618 -242215
-770312 811758
663702 942628
-103502 -977808
-614998 -803726
217913 -492821
-734456 782374
222625 639798
446155 -174819
-796189 66066
310180 376687
-642562 32714
-691584 -140188
115832 -102473
524078 699065
-409341 145972
421304 602134
540091 546202
438367 -463912
759391 798052
56749 -679840
39026 -319119
-690491 -758660
235227 -489890
372525 -668178
835931 174405
-929840 930867
-697857 156393
857337 -320795
-263011 457886
-276815 -680667
-373954 -211363
927412 48759
284984 358180
488997 168905
-219687 -423280
294915 -623283
-362999 -20369
-739128 263164
-66327 952590
-317787 527264
838683 -989975
-412261 847138
879013 729185
364554 -70416
57607 56101
-297576 -419211
-53406 -189191
-989927 -463972
919560 46464
703730 992820
-224517 -808844
-353944 460415
838448 -952490
393229 607391
-104350 -580719
24268 624966
-369483 311570
-646370 -38462
-366715 267370
140118 -347828
673424 368107
749705 -644980
683498 804168
-163753 -757739
-412684 745990
765548 -223350
-626712 255536
-389408 -891395
-432170 360928
-751079 6499
-49632 -895724
15936 -207503
-464532 -187840
-530046 715059
719122 -830037
963 973852
385930 -547449
-334169 -952652
3926 258359
436841 715166
476978 532752
-635848 933309
-15866 -813722
-994465 -306598
803146 -584130
649845 -655492
-699457 365320
-880123 -817321
-859118 -284668
673794 803578
-556381 420520
-129235 652076
-3351 483134
-173618 -900927
-35890 -310749
136864 434941
-82624 80828
28131 -570723
717448 -330506
-78835 -67304
671295 -46225
545063 -529158
883848 371071
-1714 -506372
648112 -704419
149202 326329
328549 -744955
-734311 942625
-149997 334772
-349312 495198
-225152 -480281
257470 509213
-348475 55876
-85471 731456
-231030 855381
298021 995855
-56725 -949011
-653507 381241
335209 884366
739888 473161
-950814 -435481
-67382 -702070
966248 504258
86152 430030
-824694 -526460
-194967 -530380
-289236 -844463
439252 836299
646910 380785
157799 761910
-965212 710101
397934 -810425
-684981 885678
-640633 549422
-724886 698628
996113 -296648
-348458 922520
552309 453983
-335606 290221
701651 984779
-305565 933725
246555 -579966
-666532 114751
122526 -316543
657172 -13680
-153955 -743358
805418 -636514
279075 -513786
-940021 -458866
823213 -232441
-914634 206205
-188347 -592829
-251526 -663675
-659438 518920
760345 493714
-964477 -228065
486076 416868
-839756 956036
-682375 -741364
-403849 580143
-363563 996522
-661037 -174368
327431 878289
40531 760288
-155502 -552086
-802450 44473
631778 -40649
-829775 -176251
788762 -340936
531764 304534
675054 624901
527862 88782
830861 294809
-275322 788394
941231 -769130
-235701 -538641
-426743 -590887
-592917 784101
541959 -123855
-7151 -354650
33933 127222
-332027 -182592
778688 -214279
852573 832603
642698 757016
478972 189295
-24934 850564
111057 -233004
-229529 38405
-304190 369681
132126 408727
152976 886362
-488491 -294109
-469115 -809814
-136521 -605052
-158648 610189
-503770 -2261
953785 -779565
300413 419728
397902 124217
940773 -501099
-697011 -87155
-719308 471949
178550 402848
-52918 -795931
-427625 -383869
922019 286055
-572198 -564625
-303325 365854
9414 911281
805666 -517093
-47183 463802
-372725 278132
921849 234991
-91042 668435
266662 -12621
-792736 -260420
365869 434764
500982 364230
669216 748320
-600523 434446
-311692 982774
-887048 745110
347230 876892
132305 -771174
-349089 -355799
-289459 -16977
897843 507896
303175 686593
-458826 128092
951914 354226
894607 152329
808181 -150350
906744 -533958
29022 -954235
273209 87718
-33965 -234437
105713 -327650
831982 -859991
-417760 -10201
-503218 -430967
479377 -933672
-253934 433970
-134845 -722592
-385680 -802827
-218341 -172319
202421 514147
582658 -305031
99985 215465
-775690 -209246
-666044 -770346
348150 9223
-891770 152526
-809684 -955775
-421932 705213
209932 -338355
974716 927258
209323 -39989
-153269 -308452
-583253 -963431
27376 -150542
36214 766164
399519 713489
-989882 990190
-639612 147563
-75536 -873207
489565 -832053
-714163 844558
-638907 -985478
186024 -227900
609 491998
-704944 -858664
900558 -367305
476779 667038
-673789 -925468
634602 335261
-446356 -154395
78702 199184
-876781 636716
-561247 63414
624666 -950025
-869893 914701
344966 -818301
763401 63514
154262 -357699
245198 -178053
-659335 965208
-183718 -899959
-642164 131729
-528470 591484
-914222 -90442
-54613 972975
-748588 696767
-728859 53437
-667049 -996580
-256402 661180
-919783 -370704
-780006 783750
276981 -415156
-827828 284485
-623126 321383
925131 -286055
155841 684061
-88044 -620293
-524619 585268
675838 -607620
513251 -37552
-856813 -776084
-617539 -365511
632554 -776591
368868 845174
-421703 -790308
58248 942530
-22245 -7822
295312 -220477
-650121 -245554
815927 72530
388678 343836
304290 -246618
-342463 141957
-406722 149990
-980286 398740
333397 318549
84703 105898
379676 -332421
40968 656878
-815961 -297565
-687429 -666964
-493787 793088
-140501 961020
905934 -825862
268561 -750848
-585774 206927
-48655 661270
712647 190815
751281 -683280
-306164 106182
-407535 642093
684118 249320
-565544 597583
175367 544147
-298328 -834661
201339 908425
610331 788250
38971 440919
237552 527939
-363598 654099
-892192 805435
-668575 -218054
-874742 929377
-94663 -850875
-526746 183916
-790704 -238150
393001 -975622
506845 313208
-955711 317262
333861 514889
213496 297517
-919215 -319377
680859 752412
-6746 -383080
-904526 -918983
-830057 -764637
-933062 -272443
-675452 565767
75162 -263989
571705 -361660
254892 -103539
-309589 -754971
-107271 -106873
497746 -589772
104005 -293866
-760920 -483466
-894084 -952847
347413 116059
343686 -366596
136355 786681
976553 -882236
543763 -378364
-826360 -331890
396010 -597689
-762869 -266395
65257 -648925
-441249 399593
-567769 -39291
-774228 489922
-399470 -89096
610550 -168401
-791092 -473151
893519 -581535
165734 236168
-184803 -65755
231679 -149016
209177 595179
-882088 344308
-117865 -573924
934577 -670502
929191 -686699
-122916 970815
73154 -545833
93579 563277
600625 -432240
-193581 619523
-739999 831014
-564073 -502627
-826768 757277
-881408 146417
742003 966225
-877857 -487326
-510197 643314
49574 -856191
-837133 -517148
101993 137166
661914 348157
-841417 -108148
76390 -637911
701818 280503
-644030 39626
120514 -774133
-728356 998648
918247 381069
-936187 -362721
400791 -588106
963457 -49448
-513999 340391
660723 848787
-615527 892707
208193 -308701
-677484 946598
-221874 164497
-412287 155181
-602816 201060
-472029 -483943
920309 957629
-26623 -835744
-68697 -179759
-964723 54511
322289 730831
440529 937979
133793 -920409
348142 933819
800970 52213
779622 717392
87600 -10962
-732655 -36287
-40097 843049
-301382 -100005
-85663 -759031
566134 905122
752693 420025
106878 11081
-200372 -995377
-17995 -703327
-933089 626618
-364694 -591174
497204 -432984
-521590 -257284
-65164 -875361
-558532 552883
710053 -900741
-497133 -521728
569804 -44035
-688786 -304980
429153 523142
-218559 956037
-410954 749361
-578466 -91752
-243903 -216856
-560878 -237802
-825443 -265422
662819 104413
-574289 -505183
-929944 -321366
-437485 -684074
426133 -248630
-837062 206020
738480 -735638
86273 980134
-478149 -50045
235438 245593
-203987 941944
-802031 -155776
-366217 840304
-190512 471221
23280 -468199
86476 -856107
96182 -605679
505047 -778409
161852 -234408
898309 931240
-537341 612619
-163185 951461
964351 -574075
435215 920333
-649293 -889368
973841 -442855
-37841 -615013
-543596 652599
49906 279634
949665 -669356
781243 -527792
53062 739489
776 176509
-744134 -746997
600678 -519852
-178714 -640904
-696442 440590
876893 -843834
-202218 517227
-687304 447714
854407 -47412
-604405 -131735
140911 193598
-983006 -129081
-499382 -797905
-182223 924332
-646403 798143
631342 30176
-183240 -235463
24475 -954364
-417735 -700156
-288158 -99142
219813 857813
-649594 -204957
703314 811410
-674494 -302754
-390650 355555
-433763 672239
-773421 235154
-258534 -700311
-889709 10603
383780 316831
-529844 788233
482267 174774
-559103 -94310
209370 194499
482931 77291
-831279 -109273
-189412 580066
-287450 3855
90406 405752
-6342 277473
667228 617619
137587 238662
553777 -59399
-380348 596643
-848746 93556
-333793 80398
-14931 306112
295789 -165786
623097 -59878
937904 -389740
687519 -445321
-519750 664841
145034 -955032
502173 638200
464229 -858027
-896148 -446420
-598746 -468210
593797 147067
-91781 527787
-741059 572022
574088 37388
-834714 425247
901125 -458445
-590012 -565249
767476 475387
-114885 800037
660828 229208
-297524 -938961
-418759 516416
-933694 211818
-461882 751823
320569 -545813
480062 -531643
44321 90366
-182166 -772755
-342183 -18221
-669670 426737
327190 -595601
-786690 -18066
378037 707537
-577488 -217078
-487768 414126
178250 223159
-387006 741545
628572 364239
97540 713661
34839 718942
-980412 -691252
-43085 289529
523808 604628
-696217 -822095
-905165 -611166
-295912 -500886
-625656 -40611
-764227 362548
-494 197546
-536527 577532
625193 -805672
-538522 29587
15665 432900
-867154 -716644
510318 42100
-882743 -809339
520978 -976581
173574 -800942
517574 -187284
557077 362719
982187 779319
977872 -978635
817854 -88624
23903 244390
820765 279704
-563659 -606358
722595 340094
336343 -264233
-307115 631047
-870315 722700
405418 -302723
-647138 844512
-189845 126022
-126771 -676738
467197 -900912
-415961 9052
74027 -592310
-445740 133231
-189284 79158
156837 -4195
536745 -3551
852532 -807730
-698253 965093
-287587 376400
463039 -345555
-790682 -129248
944911 -88489
-186759 -810492
372494 412661
765044 -999661
-333412 912986
181856 334368
838303 -496838
-3795 -227033
758526 -15140
81273 167542
109218 766774
218930 743022
153951 -366876
336123 612880
-254144 -284913
-237168 90836
58463 336396
687844 199409
-677905 364945
-948307 -228148
-308016 433582
790341 -65621
57953 295712
854796 889663
-655268 723799
-902091 -824537
656879 -793120
697880 962950
814245 729277
-100160 -249257
703690 -548616
-887052 -535255
704166 -655465
-517717 -576598
-262764 969290
-482714 738779
-508032 35306
-473774 -384920
780299 -397782
-481390 -925876
74944 847074
-377613 -48040
77014 772417
-67919 -990925
-727740 -990663
-323107 -240865
-483206 -103281
-497048 687268
64733 62612
954602 746494
-733359 -360268
-866870 112970
308482 914683
-552317 173558
82501 -913464
-824402 -907645
-589915 -151440
816613 -378643
-764557 60247
-416492 -197021
-859018 723253
-977950 306718
-692751 244043
-229244 -261341
606068 -935659
-895945 910148
340497 -45815
-553042 -862720
563246 571607
-55741 -470804
60885 -324252
-558344 714488
761346 -409759
-261769 43206
967745 707208
-80084 499886
-71458 -271069
199854 603443
-379376 941275
-13592 512275
-528190 -969587
-413736 960617
266171 591392
32119 693493
-773261 197264
49540 943467
234252 -443615
-367217 -712924
-667775 818894
769830 -42712
-461236 29300
-956458 -767109
426923 -157986
279764 197418
-954450 -124109
-870709 -116686
133990 5053
648995 -437297
884327 -756342
127026 -72811
106942 -242842
446427 -758636
685898 -908566
61253 -614366
-895317 682244
-641061 57689
837197 -904264
-141053 -343184
661585 -237678
-501337 -152496
-815473 -471948
41156 -733436
433849 119460
-530267 629229
673166 632284
-146946 -215271
-406845 -39987
-726120 531696
-191444 -642256
968337 944583
-461437 531440
-10169 -149638
374177 476859
409549 -884655
844583 419626
-951815 582284
-901607 548296
967562 522819
-465116 -380078
389991 180563
-727021 -644967
-885442 -614176
220289 -399501
-839423 337193
-45881 -243049
-404110 -862550
-243257 -527590
-397661 760686
-48993 -471668
257300 16781
206187 522007
-873357 463442
-361867 939208
212552 -829672
848475 -702992
-172452 -720446
-91871 -415356
-142353 780024
-418906 -419201
-34027 16247
-572903 82525
-207277 -339201
-118495 182365
168827 -372080
-319325 -624762
-416559 -202398
991141 453291
-83985 561394
-80078 -355474
-578075 -597258
278791 394239
-765104 416037
63782 -422405
631374 -38622
-491938 345965
497338 -623890
423842 -906204
583056 -854129
-549327 -850160
-622700 202438
238454 -681453
-643770 -711143
299253 662911
796321 -734735
298493 -728049
7991 750619
-307563 -876818
766562 -822355
-500572 173416
251247 -444218
218495 277022
420327 157631
643871 170837
-644206 -314657
-741768 939950
-304539 -700457
514456 -692688
497436 -436793
983903 317523
-961127 -827573
131280 710774
-347337 -405038
-865421 -288408
-119657 493546
-671874 478999
611779 348160
724541 268718
649266 600051
821779 -479269
-434015 378574
163512 323616
-562572 -736413
830827 541617
-626240 -170590
-891251 -283485
-157055 -60593
-69818 -199623
-174833 758997
29692 245135
-47667 -831321
377900 509816
-23978 -106206
229844 -420531
726705 -358553
601576 130550
-354878 190104
-419163 -741443
827578 257646
710171 -79400
61964 113633
134552 36569
377885 -438292
-630199 511038
-477010 -47271
-762735 563664
463113 957135
191625 -669324
1414 23467
-181125 -204336
-380314 722968
281707 -758859
228145 -123440
849216 775913
110796 725358
-188099 23739
875009 260906
654895 -848952
829251 492687
-863824 -361527
-22639 -381989
-524462 -929286
653404 -55382
953102 -273002
561390 797431
594257 685775
504054 814927
783671 377582
-554765 -147019
-469913 -862717
-539013 188312
-915263 -943873
741290 -666571
623808 660415
-409392 275515
3764 -892879
-595933 -311582
-779432 678424
382718 158751
-660523 -997632
-592048 -32001
687044 -708560
-750229 314131
-913973 -379330
31199 228479
716042 -445028
778498 -97002
75690 -773730
-979685 88362
813832 -393171
-473506 -927733
-454767 -554548
822175 717990
686563 -764578
431485 811418
172069 915444
-754837 133790
-82516 383579
-227982 -46911
-427566 101720
-37186 21564
303040 22797
836592 -805973
157644 237431
-210023 -539660
439704 -449191
934636 -538541
741879 330281
-463485 -961377
-654743 -322141
201482 -509735
-723255 864325
-801603 631608
678052 142443
716911 86959
497815 522845
256746 -194881
-535910 973853
-791855 734954
-648025 -989728
-268352 -981749
-881632 554644
207882 -402482
237497 -590598
-665066 -399635
421158 430049
-188527 -964693
-264474 -485570
387687 230206
540706 335578
-219044 900170
245378 -646698
926073 457565
739648 -107724
70110 749181
-802732 872543
-256264 12070
-925213 253920
219084 -533272
485402 -595836
877087 133011
-759605 -86406
-87691 -883029
-363836 -39499
-406229 -360008
50662 -886743
543590 -219010
-23444 660562
-375840 493130
349876 -964872
457674 773772
76158 -614241
-849639 -462528
764575 334871
533142 -93440
779788 -911821
110723 -681696
978521 -272333
555388 -138884
218991 31814
956445 -59063
535374 -369125
-396449 -819167
-224868 -963745
-539006 422704
576929 -911946
459439 -31847
-519426 -872648
198880 174754
480729 164849
814002 -104774
-757758 751540
-534715 162321
141621 435316
921512 -177709
-437874 916187
-968226 -214316
-958651 -71349
500723 -546345
199838 614686
-473065 -284196
-980063 774908
134215 339758
168725 41179
169824 458571
-604486 -979519
698758 718199
815684 -880930
-698988 36014
-526583 865084
617791 816644
-112327 23327
689420 -398487
-405129 168536
299482 310869
-528232 72554
794433 825817
943214 517163
-681547 351962
-100227 -853587
440205 308308
822674 420982
-508920 -826208
-227565 -535469
19292 972883
-947462 -229150
897734 -426448
-554309 1715
40384 -565947
845500 -847246
451708 100032
-770977 850187
471270 727954
-929573 165941
972069 202659
304288 129967
-152215 24835
-68068 824483
503766 924943
231613 -989227
-526684 550550
468246 264861
313193 -24054
-359246 -39837
-858624 -843333
400547 -275274
461708 754059
438816 -683381
-465846 611117
-688869 -686422
828890 460911
-547569 -913450
-288074 -377612
526891 61174
-288054 -296050
382559 -869105
939411 -719985
-841576 17193
-418596 899745
746879 176033
-383059 -639836
-717533 -554559
738570 14934
280673 135034
820634 878646
85050 -340310
-483211 -284074
919509 422993
-228347 -534895
-694981 -101979
-233098 451256
-341160 658172
-695914 -89812
307229 -628394
407633 -288511
-177580 -675025
-756279 340517
552484 687416
414418 284900
689609 664093
-533385 -866226
-137165 -42380
-925615 -689059
679063 -155228
662599 -245993
-178812 -831046
346542 -180204
237371 -97055
564116 -194098
-709992 625139
367621 -527542
-867492 -792694
65899 -514787
112492 -487870
319739 -572274
181231 313610
326478 -61859
-717340 -240308
467079 -561268
-290906 -707787
-949171 810290
16528 -991440
-25212 577487
49730 370269
253434 -149502
-488859 -194112
270968 -984527
-204105 -994896
377547 -329773
-606584 409798
413959 228740
-408811 -8423
-610907 -914176
-45098 965187
668082 -940818
-285134 -676501
141485 -210375
834225 846551
509176 -416592
-13672 753606
-50654 77784
-504400 -290008
-820962 23182
-199454 275748
229918 -773132
37487 -102900
793694 -869392
-106856 -300105
601261 -955108
157271 403542
560680 -295888
-1157 294214
-849817 27946
737508 -726439
-815769 440691
-610863 -392926
811886 583162
-875163 -50732
358611 176715
-69196 -297501
265214 -912754
-998588 46340
-548011 -633689
-116766 662152
-505760 641357
105791 572074
165624 691890
-769866 809216
-424620 732844
-901759 -633361
-974125 -312072
-164998 -341188
-872941 -922701
967543 779189
-351766 -932386
-964001 987846
-305457 -948644
231600 -978203
-617615 -744059
976599 -53116
-262946 -60035
505557 -646818
366755 243522
158149 748227
-938450 -339031
767924 -458766
880303 793790
471107 895118
334905 -248108
677768 -467710
631261 -758528
440008 -447018
-35258 -741689
290210 -592823
120691 -627890
-582987 -661748
-535008 -936325
-671978 -676531
312512 346243
469598 633560
659381 -954243
-797656 -79349
-608344 -338038
-555589 992500
871541 -560352
652372 -803032
-235308 -411786
687858 -335503
480717 614131
205190 -786239
131164 -198574
-14049 322995
-155911 896302
-705831 135837
47539 641402
-943231 760839
249138 -700464
-27914 631624
394766 681633
-728342 498973
661377 -913024
-462990 368643
-575622 704619
656990 -564948
-217176 569330
226010 845687
-527584 -768530
318711 -769231
818204 489503
-447277 -72832
-857397 -370326
524709 291334
670372 898061
-155871 -702422
48670 -767199
-977333 -840299
911485 -574945
-707165 -945595
5057 -719294
359899 -159128
-672762 567131
215564 926413
905731 -440788
-943740 -848521
-444381 449935
290356 -108756
972023 985169
-627941 308350
18702 -524842
751130 -543984
-353134 -398498
-292693 824075
-885422 235150
-705938 263441
797392 237908
853509 674573
304765 -901231
100011 -967089
-356747 -21665
753228 313083
805887 -504878
-985524 -182757
-552217 -550785
950675 -584344
-712847 -756034
-352697 -527281
842551 421057
-308782 -90787
798352 -981333
-474314 283206
195535 -596270
-230554 -182675
-851694 433348
-617278 -802946
196883 583421
-956208 172313
439620 313978
678611 -678698
-654123 180935
-2024 -379723
164238 404804
60646 400240
-501346 763184
978556 -997788
-460101 -389165
344888 729271
-834641 950784
840307 739289
372238 875833
-241323 254248
696748 677281
-806371 -188642
-651145 499486
934547 -269111
258154 -153586
156217 743374
849678 928623
-294607 744071
-625540 -879152
-547001 -38508
-595061 -907480
620856 773576
-364714 -641269
757693 983994
185088 69818
-232939 -98538
249569 425765
-447644 882128
269361 771989
848626 -866259
-311452 525691
107278 -791543
-807205 -677141
-85704 -386464
-79059 424992
77668 2709
-15443 -492402
370159 447098
719840 575717
-11486 -698818
-464389 210649
-536011 -867103
-323212 225500
-784701 -666585
-936583 -237474
135388 -205402
382688 883668
342712 -347808
946405 -968980
464539 115150
478380 -283451
429445 70158
725704 -697165
-436975 -231526
569517 -494180
387782 135018
721492 736981
123123 182968
279614 526759
291346 -166264
-133233 -595472
-563867 319126
-70768 -541914
-602973 -217301
-31382 -316825
143109 461700
934940 568758
-28563 -245631
9972 617044
647095 -150692
131768 -86983
-93670 -655285
-965158 525763
-949962 -64180
759402 25731
-966799 876354
-844095 -977393
452171 -412546
324189 110514
849689 -668716
79771 84308
-769001 -539226
-689400 962826
23076 -579969
842453 -768384
-732726 481467
-78718 8221
-88299 759638
846035 -253968
-75291 -852091
-766753 -23195
-547140 17143
-994649 -237696
-109089 143143
503292 -768161
692564 524180
965464 69100
759634 247883
-185045 -801749
624136 372322
648849 291514
-763909 -521750
562708 -988185
557978 -445651
866251 186620
809986 -971618
-145204 -424121
870992 633915
939422 -27827
109453 -827793
361155 427613
-379809 8130
364647 -431271
-274407 531549
290642 -576219
-362392 -989339
117615 -839442
848345 270809
769059 617452
-830034 -608845
-988524 -675430
-163832 -427209
-288428 -385258
39706 -557154
-931175 790984
726744 65838
-633456 -220406
-77632 989042
-932112 -960215
-817115 -592017
127624 -907983
809960 784109
59798 285916
672326 -858036
-140081 778849
329901 648118
-861357 -336105
-747376 -250697
192649 -500403
384042 619001
37624 -215203
-294705 -428060
140228 -480784
916517 -659991
-970327 -616865
-516926 880117
483514 -366603
783833 143507
57400 743310
855767 172151
167639 -410727
365132 135546
310759 -403309
-308132 -801350
-418470 -255106
136733 -504918
-925061 906826
-723634 -685351
-75965 -780133
-600275 808183
-78625 -122739
14513 82577
346323 -441773
-901455 -952286
-213337 961078
-587201 199121
-185632 -981831
340578 -165373
755704 515841
-743898 -19404
159582 890204
252379 -8511
-756046 224088
-504579 -729001
-511478 -902076
720164 398490
790714 677538
275572 -51109
-773381 442504
913497 555005
-94253 -270363
-772833 6470
-886132 659162
-882011 239229
-340084 -460914
63150 -47294
-733521 -292506
479205 -43620
223307 -176211
-793067 -488353
711609 483605
-37355 70011
-664117 348990
323026 -741780
-469029 667446
369872 216467
652148 292005
631150 892933
547665 549270
-845541 -13557
-346713 -59156
-426783 -807958
-686664 223639
446347 -523145
-242661 942572
-342289 -218630
-352493 -448800
-894985 -420071
-992895 -329586
197434 413734
-170598 229251
-386390 -581885
426037 -917781
536365 -759938
838623 754588
-472434 462001
855203 978290
599049 -832720
242341 351377
849521 -726579
-334779 508958
675031 655859
880279 -176511
441420 -477770
551076 65604
-838136 942812
678136 884748
739121 -292581
-237726 673055
453199 858695
-661676 -411706
426697 -172784
758409 556668
-728978 -45833
818506 998774
-225907 -332638
881899 -64229
323464 356490
786767 626705
442292 -956044
-553878 -677121
243917 -398695
-586954 916138
76828 -536267
-686013 671987
-82988 -748753
-686548 -614177
963307 900759
-768001 59868
-813111 918741
65807 -319704
-70986 -349228
180641 696824
881433 982996
132271 210056
935439 26796
-487956 390319
907239 -44234
-935721 278178
720959 -516874
-984835 -485619
374376 -206845
533950 369202
543650 434679
-653135 -509422
340755 -67614
460023 -404575
-196402 -937512
-111865 -859340
628099 373943
296083 83790
-739718 583722
882632 -33293
-159567 728365
792413 857967
-173396 149243
-656456 974278
622240 -484784
-660226 425577
-453195 -324622
-987531 -963320
-78970 753377
-465309 -278194
-81476 441412
523383 -310015
-830257 -711040
819195 -512005
673204 939230
-633236 -293504
-210117 -423379
814519 831917
334445 -619218
867026 803426
-604018 -920874
-108463 95528
454794 -478545
63779 -10403
-433060 3955
-910689 -279235
-623168 640725
-71101 70660
-486546 -588640
-121017 123019
-520367 -461339
-960866 908980
-962554 -82925
809936 -253308
-972560 -742300
-186833 180405
377879 -405128
-431774 -877426
-632526 -815986
208349 -286754
294181 386836
58155 811240
-894488 -740796
401233 138047
-648701 -424516
-782454 812361
341855 -630923
695028 940369
148228 98607
893184 -196342
-907415 -761047
-866227 908768
315906 -22616
643344 -416371
149663 -384963
88889 915461
854082 -363155
658510 -791028
154215 -630888
977222 -641104
102339 -232130
795710 -745222
715093 -12460
-150553 -91497
475049 947027
806983 -353100
519697 -714163
40975 -386565
-502716 240772
967758 465213
194782 114525
-547976 -271374
-433939 770150
665577 -691048
296070 -567503
185391 -129974
934756 -114445
-823657 -526359
-733836 265880
-846731 -849048
-773238 -774414
481769 661594
73590 857285
956436 -715261
-266006 -495236
-942544 -694870
-289383 657518
-64022 236238
-499315 -599686
399134 -498966
554050 -915890
-498692 -67246
267472 991726
-439560 339641
135895 331441
-356665 -402393
183826 -240453
424243 676799
-722339 -666762
288682 -566468
-167652 -355656
862477 -223387
-94645 581192
972765 -405582
-253116 557359
-35355 817157
42612 -54658
-708040 906507
-921892 615184
-708900 -871073
-565120 -545592
747737 -194095
-412533 -55191
799109 -808311
519958 -842834
758258 -156746
-144613 540844
198543 -212389
-657259 -903881
451924 942820
170137 -529963
-552624 -225144
907900 8480
-736078 -594071
359328 -343313
-812370 -487662
-334058 -745940
-488976 965065
-729292 -574632
-465409 -147397
532550 -524320
996258 -987058
997374 -911833
-906836 371220
-246350 -761054
189040 -94177
-231503 -232124
350972 -358549
-498923 -25876
581875 80046
974595 -874984
812815 -517155
589146 322453
-298870 -792651
-916539 821811
-759827 -177973
-104497 -657136
-760743 871202
-68600 786214
972488 813249
811267 -808530
-249441 49205
-202945 -192828
-439408 -229888
205729 -721526
-469621 -603698
956727 -2252
598026 716976
-729170 -428532
936584 49763
287702 13412
-239334 782463
650890 369067
-81223 797528
-981645 23433
-468789 -123141
971818 -599291
72971 -119186
-787327 -731382
787543 703948
754310 -851513
119253 890940
772054 977902
911833 326422
142466 -26327
626933 -509877
486436 604052
494576 13919
91494 -100496
-630059 -735350
-632464 -206426
-695651 787488
295915 -946661
678957 116661
-934860 -482320
-811253 475344
-93013 616501
99837 -345278
-490260 400183
773880 -173266
448334 559644
-749078 171651
301557 -56730
-709012 798724
896623 148520
178634 -156276
-893301 775194
246281 -835144
-394577 743573
-362436 77670
967157 -243975
24658 -738588
-435495 302812
-80576 -537403
-299500 -309904
114385 -343803
792149 404361
-985595 -835837
837666 863409
-122503 74143
12044 -407715
421131 -330446
-157773 -948762
-751558 -88989
-380244 327881
563373 -818048
-424864 952254
-22430 795886
-496858 620620
-437697 -871008
-703844 434013
-940327 465746
265959 291009
747908 270656
329865 -188621
526878 -216460
496595 786186
-307897 -491962
-349433 -2093
-377201 653383
-743082 -789957
-582771 34868
343322 -449768
783717 85134
-334653 -442533
823889 -7604
344781 -399283
-922691 -200605
-907372 -445001
-113647 -39863
86899 834150
-2066 -727335
-765658 -610812
-724161 -980231
-776222 974511
342363 721759
103697 805662
159403 389669
-634385 -372043
32711 487112
-639177 271806
-687963 774636
646367 -535185
-586057 228205
-429672 348211
-281854 977559
-958347 -584734
431969 -372939
-159806 235688
901039 935153
-248668 -913068
-61475 -744444
-955928 172949
-494754 974465
-666983 -389278
-11981 -58074
-664148 159889
-997457 952472
-898340 -731862
-495178 362593
220981 744658
799546 976288
181815 -128835
-499593 426788
900625 -612349
114602 -503487
-231922 -157959
-453974 65901
-989471 -827589
-767935 -535721
-370797 351643
-354591 223872
348651 -141490
-566586 635895
-687013 -803972
-919300 -304687
686865 -910932
462197 -61516
-749907 679119
809355 -614626
-810587 255368
73820 151390
343819 -497683
-570118 -155614
853438 555123
-744898 -183636
286071 634431
-483136 919360
331178 794087
-216379 491877
960841 991791
996853 777200
298726 168459
386982 -909398
-708166 528504
-450160 665822
-426709 746914
-615663 -649872
-666387 784067
874348 -880193
521068 420249
-49821 998460
595575 786917
-309590 -510831
-477586 902805
263252 -945486
-204358 569655
-413387 396963
994790 -420622
106116 -438855
394218 556908
-35504 293386
-430633 -369064
340636 491875
928951 531265
-816939 -871469
-438174 -952286
807032 318857
-833448 556707
492422 -189904
-948332 673725
390927 -29111
906616 507881
-149288 459852
144157 -670920
-531245 -639095
-927547 -684724
-133659 -722875
-82701 121289
488154 -169077
-410563 -362378
-310953 592405
-336761 104948
635470 -711467
-949392 636450
-939580 329087
369675 -221216
-348043 -384486
305266 794201
-324841 -250649
993344 -324131
-110740 -50370
-792459 -187807
900359 909952
-393368 589066
-289628 719650
895516 -784330
-621379 745744
-528082 -506675
232138 -394415
105357 -553838
125581 354761
-646036 707530
551134 -445048
241561 649156
536524 -376748
534715 -995058
521269 -929601
323878 -940603
534361 -990049
-575232 494758
914064 424612
-542238 363351
529514 -207824
771353 -454767
-603289 358112
-952399 -646868
-508970 609948
-933253 -378758
-958603 -39936
641211 362773
-728095 -982532
46714 564167
-806413 -406476
-635498 81785
-260065 130899
-923978 -203084
-131792 973253
269886 206945
831121 745801
968054 -840017
84118 510808
655831 634267
-856519 -464340
867922 617535
568056 -961634
206665 -581730
-751881 495085
983314 448251
-288280 279566
913729 416166
-464784 373397
-880944 999744
-387684 -123187
-863491 170361
568214 -173774
-578706 68995
686289 391356
-937478 -518367
467478 557670
784521 429139
590904 789302
-849007 -52050
-743675 -54004
917837 713419
151830 700056
-174234 -65029
-473633 161796
-906685 26579
45033 -790982
-856086 202516
812473 -370466
735240 -969911
889479 -827026
-700531 -403964
686087 -65695
552848 -410993
-798583 -644095
-592487 -806355
-928470 32188
-142440 272773
-571691 549025
192807 15002
359565 745162
-881813 878353
857086 843619
28883 228899
-395603 -932928
-925851 -234896
829491 335303
-712559 978687
-501182 -807767
649132 -630874
-795774 -18948
-652969 831127
888526 -201191
936861 -196500
-259772 -711386
366994 -136020
589686 716782
452406 -664641
272341 -831368
-174510 -670150
26441 408149
151200 -508664
633725 482270
380690 367136
-831878 789152
82923 266469
305721 69791
82607 -801662
-483403 33806
362405 385825
532817 834837
-104732 398407
930004 -755605
673090 195927
298205 -592082
39595 -489757
-211584 515512
-961368 147136
383038 -539797
283668 188288
-669923 878499
-365265 507469
617572 -383385
-936687 126401
-471861 -897821
-966734 177073
434851 -266169
-134312 616782
924427 -6980
108007 440457
-780317 -389249
-127120 -764430
216990 383135
-342331 764641
-454146 37649
41712 -852829
-308435 -528354
-350532 947570
684114 19986
-606082 -60857
880774 585980
-426500 129514
-79412 -775365
973036 -928352
41453 296899
653788 -956382
-333999 -335549
402277 -701385
205417 -545051
587659 -711836
581064 -783258
-986132 959779
357319 -748501
945106 597019
-321700 -208881
-649360 557098
826727 -410185
168282 -983272
-235208 -646573
-968868 -784887
886771 944879
-381316 -548543
-298572 327461
535209 -544786
762632 -827390
-774886 -42852
-268947 -588191
-974786 -815399
-912703 -40747
-925143 -197887
-467281 25449
442143 -45712
-659805 -22255
-20261 87580
975214 457160
-83235 156973
879316 443823
-601592 -910740
-293407 27129
163437 -168447
-651393 -805637
898759 418666
349608 110496
-142013 177351
661787 235196
242586 -415420
-344230 -328778
466685 500990
-971513 808468
717618 594829
529533 -591749
-306270 -32139
-920529 -524507
-793688 694549
-427263 -375287
14103 726837
-145246 837954
840415 383403
759385 650302
25254 -361274
557684 776986
-756066 -338048
-641334 -943905
-801608 266185
-86281 77227
-926462 -772325
-331610 578378
-187035 -342271
685361 230635
477861 -422666
-82669 919769
-446576 598708
581798 749032
561167 -173736
601946 -395284
368555 782971
-120839 -356304
95689 -889926
738412 -983523
-258908 -806664
635321 -394322
-950553 146367
88097 780261
-545174 -380345
-898469 -367048
879518 -122830
93291 974196
660350 -145723
26370 700118
516453 -560406
-276457 -48215
-989452 -817234
-525048 154024
-537544 537589
-322276 -774610
-441071 -252491
-582506 868440
-108524 -22523
-250331 585519
198008 -178372
-996965 -888201
578486 393782
-724352 644965
-398189 373951
740945 -367940
-70966 -153133
-455482 215337
-741165 207756
-152849 390659
250337 211476
605642 86014
287358 -149490
-176659 234990
-378381 914267
-571363 774891
24225 -89377
601473 570359
-216192 -252078
-903723 912514
140609 3703
776508 597074
127144 691943
751710 88606
-970848 -613233
-756635 -333176
631087 910852
419934 28551
-384130 -211567
-815267 -754842
872408 833771
200909 -461402
296449 -585450
-44263 478893
789645 876977
624997 -955386
-812100 -320531
873606 -90164
489748 -283409
-707017 258543
-455524 -76697
513112 -68325
409351 -856954
-422434 -279662
-227766 745357
344017 689682
571472 312183
-430802 739636
-208707 864906
123221 -439494
-829953 -362011
-147808 -470612
-763434 367089
-993713 -102296
208734 -522408
-475825 24435
-648499 -624493
417491 -86665
-34329 -920967
938163 879472
633714 213864
255579 -446678
-842742 -379012
-908245 341609
922207 -281216
404032 303541
-560333 847677
106681 935693
365338 -891753
801439 91084
138456 -134867
-584872 -835549
-269440 -597061
-380756 -587580
94203 -865301
588911 -798755
-90862 -67477
-419001 371893
224988 -261012
-806966 244635
-395902 383088
-794202 -741372
-533436 715232
-550516 -64042
192363 -781026
-911200 672875
709163 459752
368606 -849873
-50569 -74865
643466 -864001
126746 838013
-363293 853609
575214 -673160
-4297 680324
-688813 -578979
-511680 -41654
-600214 903174
383426 74533
-401473 -339217
43700 -410341
436282 -505619
-53397 -239719
452740 -390737
485351 -998582
-972400 547136
-509339 -139278
-219342 743904
-222801 754302
755769 375067
-661468 559251
-319729 252936
-999789 965591
163158 698829
678846 114139
814802 -533915
-939238 -311660
494827 947134
-131598 459094
153733 -324897
-682073 237524
75800 118535
-628372 -881586
386267 -344980
917709 -748872
-881750 -230718
-170839 -662735
-374129 -845808
-377762 -519532
87461 314180
118644 -856774
-660209 -885694
14361 969922
356096 548879
-81651 -687436
-638509 -353366
675454 -399440
-735064 -856418
-6474 -995976
766575 -547491
547298 -591107
891005 419115
-138193 -753350
645405 -126243
687280 -123147
912109 -591507
775616 362370
-786227 119605
353107 219549
377307 -515536
-279942 -755378
961744 131168
931851 767654
866082 -807058
772165 -615335
-318152 -782953
207101 570241
-290349 -996980
698719 -408844
520431 713471
-22834 173335
-850306 -386645
-754015 265452
921243 475997
-78128 -49410
719294 -683339
-943353 -436854
494403 668502
72093 802230
944435 716099
-5208 439679
-922239 -879004
-940451 281984
-234850 -833816
611102 234663
547637 -527644
-304561 -356275
764922 606439
117755 -118942
-669096 -975002
230784 422173
-641974 -70693
-227272 -654812
-256419 113383
493170 801416
-47203 829354
-637659 -280487
-363245 -948480
195453 143713
-969085 822439
657956 125694
650395 278305
82432 757183
960472 -96014
-760907 868730
262175 -757408
279788 523557
-49262 -151098
992299 273591
-8378 -785684
-731920 -496829
24906 -960682
-490899 82970
535354 -845812
593161 -689690
119823 -56326
946846 831868
596876 -903017
-51564 -430597
239511 580928
461172 -109627
776636 39233
-665160 479322
41781 495513
202863 -579465
-21312 -931638
-263023 -840574
-651761 935830
324360 -732048
760991 223076
776346 938895
145074 -277921
695513 554415
-393119 -282868
-226516 -983394
533635 -840363
-42588 915356
132598 -979073
-515419 -332174
183952 441396
836080 -758968
554310 491913
346059 -656699
998425 -543186
425333 35588
964139 -398757
-635282 765632
-546351 -634288
677430 -602666
969411 923384
-49278 951547
-93812 757143
-205814 289390
-38939 640772
416420 -861588
-827432 -718809
521260 797438
-549201 -173510
422607 -22669
149726 -701122
663271 100311
987883 -978194
480751 411606
-277097 -876053
754535 -586191
-207991 -748225
643969 530407
-335810 -44831
-845802 700783
-127804 -483191
-753999 499980
-488581 215630
-438170 -795391
162799 -545101
-275724 963258
-98295 -528665
-124476 -208999
-877038 -587132
-366774 -568057
295716 24610
876732 268123
398783 662775
-511081 355541
137804 270895
706735 665190
567431 956334
411465 -725837
-201021 -554617
-756034 269137
-863247 -248313
-21624 759455
-245917 382314
-664984 -489827
-212093 -75184
-949031 -686531
940100 285663
-665863 55451
-57147 -381678
-340469 -858189
-84860 783754
688981 74637
50891 -178279
-933385 -98579
367937 93372
-209081 -887082
324064 33300
-261797 725645
-8827 -367033
-94285 96625
112993 424330
242066 -38883
498800 803611
-812874 977870
295325 -411355
-808678 852808
-223565 -834557
-57024 -753838
-717686 -380655
555556 662392
-440055 512601
832119 882737
831355 -923360
553713 666930
-894306 553100
-106713 155783
803386 606775
835892 594065
-590890 684463
-306082 -616424
62352 -588583
455303 985539
-755854 110764
-355520 -365134
-481109 -522729
-108395 312957
353571 205406
777598 870562
672879 -767957
-488443 606718
327971 331448
-52371 829855
894424 -13294
103002 -722199
-429619 239239
-513791 338318
-292261 803390
-568452 -517811
-966270 -177057
771729 -939788
945684 246126
862028 131963
928036 405283
-728914 -445142
-67990 -419682
391504 817515
333014 -844614
368990 706702
30115 70997
-320663 481953
-724926 -358167
974007 306212
-468627 43385
-368465 -445544
709515 -964765
500774 628265
174538 -578683
485196 -589863
-371060 204775
-257995 226248
-1261 -488643
-687305 -58056
-955263 731291
-239863 43157
-746072 383161
-759740 46772
-287433 -447742
-673585 -371439
-598765 -811291
-906340 -791269
-528932 34195
487385 633193
-780419 21538
51814 302780
-858220 -675282
85160 -411074
172478 795220
655212 -430526
-677979 -33988
-458711 -551258
-15378 -144500
660211 917158
-799873 346238
-105142 -766265
570403 -451390
-338960 188859
131242 396281
718093 -80812
-613512 217652
874080 -693247
-958882 -753881
344781 511565
-362734 821526
-306579 -178304
-670319 793971
-413456 752627
464836 -722213
685586 958894
198681 -328045
66713 715634
188324 981646
-117792 256317
949569 -793688
-769619 -300511
-618948 -38778
4513 -698806
-93175 -228246
634805 -630013
-735942 16519
-330681 -968594
-255906 330042
-828913 -559919
-53810 17407
-466639 41636
126422 528254
-634566 982890
-923005 975758
-738868 114066
260501 -486420
525448 809977
866714 769558
304167 823071
591568 383648
10659 -578974
-965414 229991
-547877 -82449
434854 403673
-464415 51743
-898760 -628767
264408 -242667
-351843 142195
-29630 419334
707865 -652137
-956382 -939295
566712 853815
-63636 -478049
248750 -674457
157695 149164
672631 196970
-762610 458672
664872 396496
-468713 186240
99824 487781
-778806 -279431
91566 -443196
-951145 519159
126142 -354114
-396088 624547
524964 -35923
532064 -514720
713940 75278
-459590 -550958
-179724 -912887
675648 594781
-544871 -989814
-783792 -397482
-375945 -252118
-495711 -782652
352345 -497732
-278180 856806
-539682 805234
-850541 218573
631806 -237612
-504248 -946288
100771 -894805
-434881 -795954
63467 -455443
-907634 -474863
986306 60218
-451199 745563
-587535 -631660
-322089 -650294
856498 660686
375097 -948359
279759 809789
-818951 441015
132064 227615
-280614 878037
15269 -967260
-411947 71778
-966506 -867842
-312486 520851
-644175 -896802
-924746 -231118
-354384 -274342
-988785 770012
-486579 148929
-298940 262653
998072 209710
761835 -515089
-628636 167172
72325 886057
22449 779973
-832440 993162
483203 675750
-2119 -277660
-791925 121518
873189 -175457
-779608 -91618
558760 438247
645444 931922
46949 661327
-887847 -891615
-378785 -346378
967495 -779976
63702 292971
-596942 -385882
-257989 905157
407916 730671
96883 -935704
103284 -542784
208818 933762
744019 -729237
472557 989613
884635 27779
-138996 -647140
-827946 -915868
511475 611585
-46707 649736
353053 -616479
746142 -279029
297033 993524
171591 -865063
504288 794710
587471 955428
199482 786371
895679 325036
-391365 546234
-795723 -654949
-681461 -144946
291003 665062
578568 469750
163874 428016
721283 -549861
-940967 -728897
173382 -811941
-662371 719739
964948 9010
-497666 417955
-782470 905474
-887306 424637
-967913 464074
-285198 619677
784461 675013
839298 396898
268839 76021
-88662 -794638
930338 295021
-158959 554015
-649262 722530
-702906 -447944
233878 -666360
145870 -758158
34801 740005
645509 -893184
332579 -991813
-564672 -11916
-822951 463179
-239088 -170571
129955 775179
-436376 621556
174014 655709
-814902 -202266
-356727 152326
-77248 -273163
724298 585714
-880116 735820
-639226 -415372
-764710 -986429
-82198 563372
-578823 -929527
418475 619944
-419754 -583769
-892352 571242
710626 -991770
-626860 -892446
562824 570741
-765804 513336
-941340 254446
-21565 -449404
-35880 386614
-183815 15792
-217882 816647
-205653 286244
-334880 277993
725786 -34927
289667 457323
929735 503162
-753550 -983950
383519 -846780
880321 934039
948503 857247
-367558 -44981
585856 939173
-157792 984588
861849 -243792
-758941 556478
-477435 -62875
-146411 204981
-152368 422405
-467822 -45627
681903 -220429
721460 -893204
147032 -244334
-634647 -685892
-674452 -716978
-45566 -874410
411507 -952623
-462875 821878
981210 -701137
-990404 -105409
-499955 194969
372442 -353891
-321943 992022
416123 -992216
-189643 60886
-131986 81744
726485 -600108
510439 655560
-505630 -37426
-232287 -406614
955297 185634
-711929 759414
-108028 -481639
-240174 -750618
956187 873336
138691 -491150
518030 -703212
-680966 -292528
32852 883020
-429925 511622
571444 -526535
68895 336270
242625 -624137
834125 654925
-765320 -5795
415608 -801553
403095 482690
863430 -723174
-336139 913548
-376175 410304
206941 440456
-225210 833147
-541754 -516936
-693563 177566
-545479 -764958
-235304 -909837
-463249 -635800
375251 -269374
-206950 -321330
-331868 -596627
-709519 -375110
795006 911262
1022 -119304
782759 -203176
-173682 146158
-751715 329019
-126955 763240
90770 294129
771021 -940064
21877 -593271
-865308 -268869
-696415 -189357
586592 -755367
-848461 -310141
290469 458291
729840 -256210
491478 945209
-834907 -314798
-458798 -630722
741562 866951
-380038 772501
496624 -495779
243707 659049
-567286 225887
392754 861386
534235 516492
567018 770732
368710 112187
96605 287698
176703 -745686
836070 789471
-239313 -636307
385749 155078
-111281 -19503
-174412 -117674
-985169 106052
680644 -552589
167582 -86341
718612 -847308
-871957 -710803
-129614 -64684
860589 -666482
977208 -908323
-516627 -698869
997768 -199325
980227 760419
945344 -155693
13477 -918898
303707 -630547
769497 367034
-619579 -449130
396185 -549378
-46833 292306
494746 -732853
-769761 -569469
922854 -877911
883318 -322750
-562089 -364497
537462 -218913
-695836 -470376
-295465 -512894
912187 773998
251797 -962006
-574550 -132261
90142 -379610
-968687 374830
-14022 183953
-232443 -323747
478142 -738251
-601270 -927470
-353999 433926
38590 634348
-540702 -467276
-69675 -548862
-227527 727445
-855946 795771
-56378 -94646
37121 160409
-955958 -61164
570689 -162773
198726 -169864
502804 -320259
-543687 -482003
-528284 -744749
421598 417958
979594 520715
-262645 316165
274594 522606
680158 229361
-553382 884062
53042 -610668
-372035 228916
616761 -319144
-619197 56112
647314 26883
-858312 -395039
-230206 -882235
-537072 -464214
596171 -369357
-321560 270324
-374041 -871468
634127 609400
-627318 509154
-685245 -115006
-57237 109837
794800 -534789
-629197 -149588
92570 798287
-748660 305418
487273 -594718
-888138 86886
-725105 -308367
-593567 88754
624753 -561405
282971 -85902
940935 -284228
-969974 935417
149009 -181510
250595 -41761
895524 762676
619312 656949
280869 656071
707777 -809843
-499089 625405
498184 191585
384462 743184
-167705 -414163
337211 -765453
245852 -809027
579530 -368879
952743 80875
-137942 537167
-83007 -73675
-169420 855154
633538 941238
196699 -334934
875138 268399
906379 -715363
939648 716331
-943156 -285332
22904 265477
627530 -681332
566002 169142
-442246 -581565
776838 -678484
-77317 -995900
-446618 -375726
-985621 -368635
48835 -540908
-997107 954848
-352629 -560165
-497005 884836
-119815 430786
-105170 -142387
-674434 -164774
528173 28081
953275 790629
687110 631013
-112121 500266
382082 491481
727780 -420842
876709 -708150
-59661 -629398
-826784 374004
-910535 506803
-167778 -122525
-151626 834971
689287 -472138
-78249 -575101
-330207 233416
-810008 -356546
-267805 859723
-417093 -287234
-140156 337833
-231502 -297252
-141422 519953
934522 513632
512318 -565441
-811713 302577
132632 -886976
-56960 -973759
272780 4038
620494 819368
-964607 494687
139796 276225
-914591 -754174
-432304 -432416
-881984 984627
904095 -540074
758894 407204
-207167 806493
529891 -881444
-842628 -967951
605319 3135
309661 -748790
90458 -928534
-824815 -817552
445610 874514
941309 -968277
-627502 -463699
924851 854750
613652 -125917
729104 -677687
-417660 -628787
-787195 630162
-968101 -821983
-713865 -140206
-717422 740614
-791763 -675698
63529 -524639
566555 -569404
217868 -521186
-438133 742727
-122205 -321838
362770 92728
-49191 101717
-438223 142073
-26621 226243
703410 331158
24306 28157
932664 677344
-276069 30570
630251 579365
-68327 87793
223154 -860333
-876848 -3795
810590 881074
-660182 -599379
728846 -38932
323975 -980862
920916 224371
-244551 -512300
416085 732729
-971247 -667290
474130 -834800
493395 -627246
-24154 -885335
116964 -330303
-559694 238762
587823 932993
-609123 680166
-460473 -12842
-24259 342164
452240 580752
720876 -755437
-887891 470662
-13433 513554
541498 -212954
804156 -888625
76001 -520676
-711025 714289
-100841 -561712
943582 816914
803870 751782
982977 -548189
487258 -964631
-817502 742190
-776060 -53453
-476423 -373928
268484 -788146
-3316 -122931
-458376 412730
-657929 -952592
-489460 523942
-747327 213820
956104 -522423
-734895 957411
761908 765697
-644469 647440
-971846 188450
-850893 -659943
926325 466941
-218743 694588
-462002 -91081
361878 577730
-363571 166872
-195951 496623
-880281 346266
-606603 508145
264497 -397314
951784 220216
-704147 764551
-151453 -395829
-24795 826027
-981933 -950832
-842106 -173953
-886538 -703601
-634099 184572
-998632 541721
873945 -666488
855430 -818309
263979 636448
-648634 464465
622439 919301
-354654 953548
-106417 -766739
-974314 285936
199689 -371824
-821938 759991
503356 984898
-507736 -449822
-320957 -164491
696890 380685
-851300 377030
-494095 -542798
-360619 210989
606683 -906160
-966966 561118
-760211 -697315
-174367 -808709
-812381 201836
618322 -46902
337010 -168261
299117 -292798
180860 -857130
417659 -699575
985495 770360
-618030 65012
-64099 -758456
-552890 -563978
685391 738195
372312 451169
803057 -180106
-514430 17224
-800715 -795057
-138073 -952619
431261 616876
-816532 -480331
786133 60624
-147924 -116197
-956979 -559703
870701 279399
-162748 -330427
38539 815970
-501751 -57075
-704620 858637
123210 -974902
489451 -491686
292733 997161
-69838 -409724
-422231 6024
126220 -140346
-282866 -19498
-287488 -46691
651865 230249
-674881 987286
504336 603719
-178081 402358
-22008 705864
-465475 809074
445144 164038
-730000 -644715
474339 210250
298407 -141654
-386290 -362854
-94911 -149559
330416 -89489
312522 287747
-228748 -539623
-348209 672726
-911566 313387
-691171 -440477
282985 -348980
604690 670651
-124793 -483502
-648419 -909267
275741 -139928
749275 625862
-998946 895357
-853946 530734
303733 -438662
151722 -973994
-617632 133098
-593697 457869
-855068 170927
420573 -625337
-270634 -968577
841174 939964
-827941 511331
534229 8199
548265 -920261
655773 673372
-999616 455199
-344928 672192
704081 -214289
-660510 966865
342993 41216
-513465 665814
-118720 -379841
55738 -198355
680941 331427
898950 -685379
321816 -225885
-962101 266630
881127 -611387
-260360 15926
248698 156602
883003 883613
527244 -216470
-509708 991329
-882649 81127
-790786 784135
-325914 -623203
-954703 707311
343191 657878
146926 -311904
971974 799132
-1143 264485
-519499 70788
926143 272107
-876847 -660569
565161 -265923
-498862 -73173
310277 -89587
487735 -886092
-137497 -43939
-675228 268511
-884507 619354
479105 48753
-571456 -640276
-899196 729596
-713839 -192430
660977 162104
84623 -920275
-958322 225377
435671 -64082
-612645 88735
219442 -917522
-642287 -614797
918532 -486399
-179032 58481
150736 147759
-737927 636610
713683 978318
696520 -201929
609405 -979033
-225451 868433
-323490 -23528
-805417 -248681
980066 519134
603402 846426
-228746 -51360
82866 272160
464905 725764
-391430 -733005
38533 -391728
-536746 176976
-657465 -608188
-784621 725792
11327 682417
-849672 -741789
286662 646365
789626 -114604
-448446 994255
758335 -59815
49645 539766
362620 753132
-270342 508015
781011 244280
-227655 -180072
441449 -856866
-43224 -846706
246088 -441276
-685132 606883
-681475 -799364
-342063 -274012
-653839 -983555
-252547 -46179
117412 -990819
434277 858816
635344 -909172
693839 634883
930775 734241
623899 855407
529241 677690
78547 550733
-509501 894250
-914926 -765781
-872826 644995
430873 -279390
133433 877061
475418 738951
-458199 234514
564860 519730
-719472 586073
-586449 594550
-816009 856439
922358 -670054
-830810 329697
77035 -979893
-834043 -252894
352593 13313
-957597 81651
-693594 -778140
890533 -696577
-9806 -972439
-664736 817714
-154929 -291185
243025 -671007
33813 -809399
-478382 -339297
-967338 277178
-377216 -322453
448068 755515
180713 -418956
-137277 -139100
-160281 632463
324878 789769
391724 -415959
717465 388929
-1634 -743594
345979 -487253
-656961 -533847
-407275 552557
86582 749861
727695 765263
-793676 372895
-646054 -693112
665922 382448
-333466 -311812
-303397 738095
-276481 -458448
984051 143374
-582805 999874
-763299 783289
-652248 -9627
-571284 565062
722011 803044
747094 -180427
-78274 -920509
-574980 919481
766693 395904
-366704 -754887
978571 -461576
85454 -501000
-311775 50252
959257 846202
292327 697688
-494301 665789
-896313 -353489
-861295 -304400
415117 44542
-568536 -651132
-682337 -788323
-113532 -495373
370255 -893753
532370 43841
696278 242132
553019 -721228
965805 -824177
-842009 -585303
-231611 -143916
-340164 663738
-145457 -307179
-905624 78076
891297 -363138
984498 833248
-123487 219010
951906 -104428
-606178 651997
-69507 -525218
95947 -37115
858041 -910650
296709 -354010
-114956 679348
376005 199389
693837 728040
-961862 -765375
-219870 853193
-187664 -682996
423721 448584
316014 767555
288192 -862500
697860 147009
81911 -50734
-275999 -387376
20498 -61482
395277 719988
-77643 -848796
27734 -250699
-957946 146908
499655 -153903
-177704 -652073
551787 778586
432842 -928002
53373 -284438
-746981 553517
-277725 898161
140127 805304
-372194 -684224
-137277 -296216
-758202 -323485
-577335 846110
-5818 86976
243718 553492
-450102 -697952
63880 683240
821343 297316
131318 -801155
-374202 -327883
386408 941215
666660 -25424
-35712 907248
731922 -45921
48951 927051
-1058 376081
-553942 829067
-137796 557194
-286377 -612298
35735 369707
17653 863133
814124 -448575
924918 16422
917187 -626260
461842 -903048
534945 -47113
657013 983850
33279 121118
-757734 -40355
470574 4513
112107 -447508
802597 -863560
907858 -479616
482678 -677594
282852 -110548
300364 443376
656901 184071
-397816 346373
929329 607827
871164 416954
206520 -245333
-314620 -931603
869438 -778932
-565916 -426010
309088 -482684
-293039 391888
543987 603726
177695 -108573
228345 -182428
-316751 -834417
795303 406552
-845464 -156945
377965 -55413
76713 -206415
595409 373557
973602 106566
-58140 527363
-736487 874564
-529023 320507
788662 -397235
288608 672927
284230 -865528
776038 -274625
155148 882960
896517 908821
398679 -291777
-262793 885667
333959 669516
-122680 -229264
993662 801698
453089 881041
818213 -772605
384033 187428
515900 -413738
-286627 196412
-491446 -650200
615356 -205022
707572 573780
642221 141568
657618 106053
792343 -431624
90274 974808
919275 53491
15819 142133
308717 91134
-924695 278788
559890 -944926
249360 555416
-771088 -85464
-638553 975092
-201144 -904373
769889 -141779
452930 -175605
-918827 -746334
-12562 984771
-604235 348987
696488 -370305
623244 -33927
846340 -351329
745765 -187072
622477 988195
-971400 553227
829218 -816456
-407473 -87079
769045 960498
577808 262629
-551363 249694
-305832 828376
89587 -695940
-520865 -838878
-681059 -407811
-427674 -969227
298184 867546
-871903 -883009
-631358 -249757
-215513 -477294
-351496 -179375
827648 278702
-654529 697832
-430886 -490962
-727771 669860
25771 -773578
846716 64548
292911 -16741
-485267 -202507
-227521 -672879
814513 965453
-152147 -582622
42798 531161
-335570 -866646
64648 -739873
501386 -441873
-470111 -68225
-738056 -701361
419467 572191
-592363 49276
-329828 -710061
-722679 567829
-356113 -835042
277538 -781495
375804 -275367
814804 800759
-143002 257468
177957 581457
543089 243307
-74595 701080
-419156 743728
405416 -880978
-116898 347594
-776592 -796175
570814 540855
-975986 105140
-74410 -79773
-561196 -872099
910417 774215
119679 572050
807458 397937
-407799 -781413
750374 -342907
86719 -817996
-802087 -953173
-672425 -763526
73846 263201
813141 -817818
-591268 871139
-359026 216806
693635 -584393
49962 -23645
230172 -546574
-195114 -464642
707820 412556
-287804 -708788
637775 -673973
721814 -434202
891710 -66491
15177 -309036
-817272 379690
275942 495879
-780169 -427287
-381910 -718458
-459782 -422773
541528 864578
-959075 571921
125887 492834
-988323 -21822
-221010 630009
482606 63199
174936 -742564
-676379 -530340
-972968 422306
-495881 -524809
-206012 959946
-505486 -426231
965797 147231
-98833 -433411
-560866 446691
-319897 392860
-299230 540693
-731773 -132227
-258778 176347
-396230 756631
511849 380106
-555124 -290811
441312 -269947
679423 -461483
717391 -863928
136097 863875
-448083 667369
412415 -129402
915481 352039
811935 421036
-984679 -118002
401083 -777815
-112109 -640768
-558331 -660469
-906548 11215
-353673 -300218
813939 837998
922633 -174683
545247 235362
-371795 169498
266598 10332
321501 -153540
-958356 858962
-762687 -436094
135414 739193
511430 -683763
-718793 -64528
817598 6135
87947 889034
-841039 555294
-824959 -894771
-171688 -100388
-149139 399739
-571231 408644
78406 -59663
-201109 57437
435917 397023
-291585 -3588
-860426 -767474
-578780 -292421
-31178 681664
570634 982918
104373 -393932
-193636 -701830
818014 -269825
71236 -239684
-304822 926626
398265 -469578
628131 -135799
-328860 -135061
559411 349669
728404 -572861
51669 440985
820360 -492798
-567066 -956724
203613 16106
-24707 -618190
-252980 446903
-922945 250414
-375705 -696098
-825494 -552189
-50133 825205
944269 -349093
-122119 742775
34272 193810
-125383 -133733
-717674 44787
927750 -559725
-741845 352348
202189 666588
141444 -438109
707166 976138
898817 -233630
-561153 -808814
-162917 374821
-356166 -197029
499109 -677129
-530208 -911117
-843998 -680345
-888647 714266
969746 359917
-482553 755707
422292 72195
468279 -759488
-811296 985480
-2508 -688267
482864 -386600
-271920 -334641
277492 909680
-331597 -391060
892144 -560842
-667750 -226480
372920 -897773
920556 721571
-691065 -700161
-782615 -992280
774617 475600
908585 -978618
-144475 -936564
401285 756040
-644856 -402484
426190 849611
11539 -679721
-467449 -826114
-707569 -745617
-309019 462950
-5054 301529
-811382 987487
663179 241522
-890967 560269
-124575 -583185
592245 -27676
641578 -374512
633335 -393949
784656 -927345
-128882 597732
432864 -519252
-367253 -357120
17048 -804571
-959242 624825
843949 -366069
480920 -24066
505390 167979
-146210 783452
-888955 973680
595376 997490
-844962 -798396
-534325 -249545
-144234 -745609
331279 -894245
948580 -79216
211018 -652335
-510051 797099
-896086 -465043
735257 -607984
-55052 -447036
640238 160653
67435 935673
-544062 196405
559932 -805634
-38263 -26287
-830359 -940662
-259440 -108939
-821823 442355
-964721 -150290
333130 897275
91799 556222
-140234 -686708
91829 212330
116666 -231407
151538 871842
-597949 -119511
-661563 -688893
-697165 -649304
-1129 -690928
500900 -383405
772184 910799
-351398 -325304
-692604 926528
624978 -561698
193493 480004
495403 -880840
109935 429121
389532 -396923
263740 -22408
59115 527910
212486 769271
512237 8287
-381219 242380
460952 196419
193798 373901
-749446 -410291
-243578 -337894
5099 -103432
733613 17030
472883 -248616
98658 -245384
-748194 631186
-751538 -462605
-726896 -92415
-605967 460403
-4998 -783914
800637 302034
244978 -358976
635720 193237
804735 737999
972835 -701057
-88179 437899
571051 -288049
-546900 -293363
430173 282418
-354132 -907023
-991682 -500598
781665 7849
32809 -615389
-336588 -445789
836086 -910860
89742 -197167
516693 959310
-73939 -681373
-939609 -624886
378299 785846
-621563 592108
476433 -674388
-263838 940371
-69093 246341
133640 -841736
698997 192343
243389 240951
90057 -733452
413658 719395
947197 351779
768818 -383854
-916209 -904901
-188650 806279
128660 708780
-850430 -759491
495910 -543096
-820403 -413558
926251 164514
388563 -703788
-701864 705876
873568 336351
-661937 176812
-722918 393266
16697 -509550
173291 289223
516356 -626007
-403570 48171
108548 -663442
130386 -923754
-621226 827250
540325 412864
157261 457427
321356 -157499
328670 -532554
455368 219341
600130 -972931
-364681 -784910
294966 -3301
900016 -840129
57160 471649
708870 -582378
336092 903456
-918228 -993382
555636 -558275
542731 -83543
-342279 -731145
34353 147863
875278 218088
-452187 -910498
-963804 -171902
739364 334243
-124215 887514
-507165 435876
100058 889843
-509855 -506208
219307 422640
-334201 -848609
-540506 219358
-178921 550492
255927 -209960
-820846 978131
44530 -484998
875478 -881840
636506 194947
285744 222119
492179 -134643
-142218 497380
-442995 161317
783372 419527
776596 -38264
-651212 642256
-496625 764744
467984 -10824
-889031 -828214
-403584 149689
120140 305641
314097 454005
79329 -559455
-696827 -313981
-625685 870592
740585 441084
-412840 -925656
915132 -373482
931983 486986
-964222 -466272
131250 771716
916698 -65483
49972 -814799
637361 293552
476662 -748135
-823268 293850
-181067 -904089
928934 -232726
654164 -503645
-545280 807149
-652525 -371184
673922 544198
4267 -741021
473819 67563
-189181 484494
868686 889544
256258 274203
-334815 -214252
-626950 -899238
654769 400165
-574602 466406
-856840 755280
-124553 -806750
-743847 -5426
-137140 -812685
90380 350899
227001 302856
-968878 336285
493871 421328
-235877 491951
431277 -359385
-493548 579010
831761 657178
887259 -54689
961661 -147796
784540 517367
535941 -847281
307032 -643994
-687390 10041
-768978 -995232
268829 -656440
-119609 -664439
717996 -315115
-930297 -292709
480904 813868
-529669 127772
-657991 45198
832519 -80592
604186 988614
-26267 956307
-774696 -449954
-963452 -656185
833793 118699
386600 -64782
376774 -348334
-991690 238172
-388936 627005
936779 578691
-567118 794544
-806165 -956647
-627577 282982
-750805 -171822
478723 -816013
-119216 2337
673025 451933
-117741 -887970
-170712 67805
-611969 134855
-41742 558420
266697 -355073
61720 -397743
357717 -358997
-891875 -629842
649367 248496
30507 -597917
-572253 924588
-242026 631604
891131 243307
692637 247524
524783 337646
-691732 753534
606975 -161326
520098 884452
940685 -325357
219667 471489
-731593 374922
-493157 282213
81132 293706
-431675 659986
-154089 -842216
573738 -161074
545074 -733393
-568296 -945633
-207219 -150168
610554 963119
957227 520248
390770 58074
-207869 671741
-633587 90848
292708 983670
886853 631976
-834922 248139
-264681 -390068
-311703 -291918
258400 -646709
93671 -505316
982967 3690
-794484 574806
-685638 -421375
363234 -392369
-470743 150078
-71414 533644
263054 -530283
-280354 -391052
-901170 681160
514588 736938
-599450 -663704
3503 -684862
-896459 694182
439384 101092
-116920 672471
776723 789595
-289269 252959
-706176 -258567
-362795 -991087
-382172 -711240
-583423 -821970
83369 247848
-423857 -570993
601350 -904970
-797681 472115
433376 -669551
-698156 -978182
-361272 -165197
111775 822884
30569 987851
-665897 410800
787776 -330165
-860783 -522942
-249454 163110
-332378 -432865
-891567 -166491
-881443 -299996
858794 964812
-670394 -284288
362824 -845497
944062 -716682
241439 -166340
-280263 -622246
-378554 52810
35787 144324
204173 350554
-884542 -382077
320801 507274
-799793 642918
148557 -337608
235141 514273
-111948 953948
181092 -718242
-957637 689236
-864780 611346
825983 -644427
121521 -728442
857864 266784
237532 304497
-968553 -687059
968261 -317382
-139948 377854
-592323 -189424
-9944 605885
-716228 204340
-747421 -647685
28920 348686
-634357 930353
96056 -546417
-332644 -367581
3910 -47342
-876407 32350
324240 152642
411643 499970
441102 -277748
-576123 448413
-152172 429979
-17102 -61690
229667 -655597
840789 398161
82700 974068
-341483 987633
59954 -610610
92655 -446026
-555678 -450870
-314897 -162988
740241 390742
-280136 -775843
17295 672778
421789 218110
553707 483126
851862 540391
-81838 698569
-973378 -564060
95701 954154
-893502 -68395
415558 855189
-911631 -242013
659633 -329933
-139114 111938
261408 66505
-151134 -451993
-256608 321839
253954 836400
-996639 -878446
-911041 -66976
938627 772979
-449066 -673995
-171488 -950569
-486501 -253224
-580289 567786
-333072 170919
-949091 -496835
557186 -5282
985781 465283
950363 154636
-541966 -827203
705596 -632233
-26260 410853
50164 -543464
-328953 -14406
-520545 270926
-247852 502221
104735 639046
956756 567154
-351964 -121856
-592022 -139763
452193 -504755
-949630 552812
-175431 836770
96519 648965
883268 -140143
883487 -891679
92469 557764
756846 -908074
125122 461543
-652973 392989
-801105 -671447
86691 299868
504326 -445397
36329 -177519
900571 -651747
-869162 -917043
-562264 700287
287532 816128
-629340 497342
135178 -833667
-535494 -445753
460468 904802
-732348 271038
496179 659955
-611106 -295508
-286954 -537527
463636 -705228
252767 750345
-71677 301174
-199515 -177843
558282 -587013
852460 598436
455760 -322774
-716291 636641
231397 -424295
-106724 589404
584842 589144
-296997 268606
-540264 551628
703900 -307882
924017 383209
-639861 -976960
542003 74150
-417297 382021
-611248 -410492
-796184 -141759
-853471 772670
541952 -339481
774903 -12618
250669 -57584
-964426 119311
611156 539726
725873 -264197
284424 330465
-18159 29264
484428 807864
922756 601450
191127 -594379
-617288 -726155
468116 394072
409108 -964176
761377 -473227
213154 -240994
436046 -248057
-840528 198931
405580 -713379
-46520 -218548
-972516 -868322
333497 697965
-470116 -562357
-541556 658693
-194555 -479031
934200 555508
479801 -582876
-738550 433766
836300 -500763
594050 -143452
920444 -349108
241500 -625363
-766230 -390705
-145606 91346
186832 667335
-89264 -813109
-46003 -544986
149103 123242
561677 233801
718865 361623
-834634 93545
689131 -628318
-161156 792124
-64744 824778
-355977 672387
653316 523813
39246 713830
127462 943321
-919477 564683
303341 -479902
-232067 50894
208946 -56197
-783038 -970392
-908985 -570812
397308 112905
-805978 683030
326573 73480
278694 639242
-738127 311176
668279 -279016
960702 721099
320091 484400
839900 941638
748381 864707
840272 -6084
-319625 -360577
-70300 -759961
871137 527135
-151628 152208
-582644 520367
438553 614044
3367 716613
392560 70513
866171 -615060
495250 -951549
329655 175241
786327 -103733
-186656 -842051
-364325 -610155
-684018 -58314
137572 -806046
29050 -601708
324782 -564153
317253 435013
216676 -857143
252453 423316
-866166 748180
209380 -140874
762530 -598804
588893 -61893
-611827 928243
728446 533486
-669393 597818
-158793 -396424
12631 -97915
321385 -153947
996412 238659
-49489 250069
-691674 -1483
299918 941260
943580 270489
803665 781418
387433 -593406
-957883 -47492
-306023 969948
-986787 844487
-894915 931342
-494328 -627738
-480641 -561397
618749 274606
-934547 934625
-655520 699631
776633 777452
-971895 -111036
-186097 48392
928642 -362061
559798 76408
810150 212784
708028 12448
410037 320085
-960405 74535
-227871 -53980
-798835 713090
44394 -112951
-175488 455228
95409 934617
-287728 -440426
-238824 489199
-627596 906370
242110 -932437
-575682 -362081
-322853 -63074
-771167 -803674
-335071 736419
-171156 -787403
-832825 685089
-750951 698165
975136 282511
515531 -423990
641723 685771
416016 696496
-470841 -887890
162636 704669
-347933 -745425
636155 525993
-636923 287290
-250240 543295
244467 -788921
-964555 -167097
16105 298996
930618 686460
313759 -168342
-219527 -783070
79715 124204
-932309 875400
-685935 -414641
990147 156804
290415 544934
144540 287649
-989889 -902120
-382655 93749
645900 -50167
-676243 -526011
-136793 164417
765036 860025
571684 -74714
280821 -300881
-487471 24038
-617381 360334
735891 21309
-646471 -871459
64369 491047
-961738 625261
37205 64095
204547 444224
453945 630303
-768824 686539
532316 -270413
-75742 -627474
712385 -388420
542268 562359
368872 -552222
231503 -803782
719328 -460347
-159763 -795845
-335860 254626
735140 615427
-21677 835062
-414474 -678880
-189792 255108
-478297 370082
-652801 155106
-425930 815656
-367527 78317
-794053 238252
-329960 -182410
-441108 -28873
996081 -960737
-130892 -803360
-137284 -810938
637133 -532532
872684 661933
-865613 -196840
-309971 -987263
-151866 172300
753039 333742
-241591 19222
-347938 -181028
116746 28488
-998482 -704058
847792 -79635
-263187 -628614
373117 231588
-312967 976169
682072 430895
809271 -146343
183680 -638367
-531376 265247
799987 -484696
550160 667988
294772 872534
-349416 688970
877266 512977
351504 -115592
-637033 884597
849415 -25336
875073 -531753
-484871 -316055
588625 777681
681808 -320237
233308 578274
904604 -976442
871305 -60296
-42015 78048
293549 -522505
674722 -530801
696717 859015
390588 -955618
-659638 374453
534289 -341223
183075 765706
-274083 -641217
468518 -705381
665071 96441
404245 -627065
-526838 -136124
-165642 940318
-156169 486311
385118 53923
-813012 -929999
20074 -166387
885954 -898213
702666 -571050
-74702 -228000
-548653 -253538
-213816 -238123
42689 828257
-262849 -966843
-356560 -905639
157099 518737
765907 -386407
388093 311927
663482 -868744
220285 -757396
314368 748990
629426 475544
-943348 742471
799240 34882
-759065 -102
66257 -719305
741164 46230
-6324 11664
-586492 -880567
-784874 844566
628599 -408925
122165 621264
-93043 904034
-825067 422124
-366453 -306017
-531131 120172
83918 -562198
222310 806256
565238 699799
822485 252454
-171162 494205
203976 -669855
-451309 402404
-383054 -568021
526266 -622758
122118 626165
-627994 -534143
587251 -919339
515216 -872148
45811 -55139
-462421 262087
-307656 -762578
-523238 229581
-507584 -449353
857692 -675430
-377835 742167
-319927 -667249
765436 -333903
-389374 245007
-14569 -596676
-455590 -745767
229244 344102
-957256 153391
211211 433910
919729 864452
420629 200124
25285 827552
-17803 935986
-71432 -621423
-14173 -426364
93358 185945
13264 -239557
400380 -123606
-932819 -909534
-765687 195098
208134 749785
127151 172641
664276 -584127
142386 257739
376859 -251114
806285 103915
456444 38011
-82914 -53375
-192125 -749868
149454 -269464
676617 474003
630247 629105
236188 -458222
981368 589282
-692103 645589
-39733 -221580
606531 403753
-872278 313531
563466 862833
-117762 -48627
758565 -230171
349543 531882
50158 483899
-130917 -672347
-654835 955181
833817 616313
551079 668734
-123889 -34652
666433 -311105
632650 358832
-505333 -972769
929591 -81045
178883 -702515
607915 172751
-10218 876040
-316926 -640689
403583 -758581
-914565 -22039
945923 -57822
354212 -190185
-268014 -156135
-4131 -186669
-402970 -60163
886946 22117
-443425 815763
-143259 -371626
666638 42856
-847746 254756
-172360 582485
-399029 -697632
-342180 -273551
822515 795999
-834029 -999722
-483875 -409424
6240 75377
370403 202729
-242755 56824
717259 -645687
638237 -833800
-139224 -190500
281079 -800836
67293 -634169
118272 327758
262547 -930410
617937 -258921
703442 398886
917311 -240658
471141 -191408
955389 -365960
-253937 757227
422862 -395184
937538 606462
693024 754610
-94014 457775
-98315 -36576
125415 49519
942633 567364
-683156 576651
912990 723698
225431 -825424
-283786 -810732
432258 -743403
-515915 251215
-495356 -687548
-349979 896883
-260983 344842
500402 -672431
-762835 350775
996480 -708236
-979959 728563
-318334 -5699
-958551 -422007
4689 -179389
-5767 -900933
784434 -772637
608723 -34741
-88999 945537
170915 373871
788502 -956925
899800 -825931
199094 715241
646 539685
-450818 -213413
-570538 337482
-12167 334228
-379509 764113
-524176 -629559
-648560 -402140
771 751058
-415586 589666
431920 -821239
309912 -685637
988595 978105
211968 35892
-837200 36428
-460753 -520715
930381 -220358
-162635 -262751
-757784 180042
748118 246557
650921 -716059
964009 -217680
-978878 924965
-598102 -204591
495390 3271
689040 -459026
-114656 -802270
204036 356452
816850 936387
-202502 -243770
-435999 -281059
-692961 132268
-746803 -948164
287592 692475
-3923 973145
569232 101932
-59564 -660736
-785937 800728
507119 -493161
-822343 -716988
-796249 215367
-861410 -623382
905508 702436
958290 -961892
588377 792765
848634 492603
-842974 -599521
-504876 -583013
-452222 -487236
-646258 747785
-311476 10575
716723 304770
868324 -759240
-211926 -208277
972732 560413
-350596 -259676
-558591 383248
-505556 987012
-222085 174590
-142687 183058
-567156 -313891
-327468 -589504
-775183 888124
-395066 -636540
286913 767580
634235 -137820
-285757 -115145
558913 309601
-720795 -405703
847278 273860
-773808 -291672
-978252 923742
194852 648828
774010 -556263
-593629 838926
711962 925330
-318019 108211
-771057 830627
-4660 202204
-249963 395880
-678203 631664
268906 344133
875434 -947228
844175 470345
-276368 -898652
415614 18667
117680 -125316
-729335 986469
18801 -636936
-833877 -810618
382091 348508
-223432 766041
-494923 937537
-179711 -209849
3014 -658496
620882 -469729
708267 459871
-564378 64627
70919 313009
17332 518923
739726 404551
-137068 -343926
-286229 25530
470957 638110
-596884 64985
-423756 -102592
602010 -537853
-715884 -140277
-37256 956123
535767 -639682
-219545 -20781
91984 750768
-635650 -413715
-895777 187545
-880994 113794
-668534 374719
-649930 875769
482061 851534
-467940 -545147
722428 782645
-37734 258816
78922 -397781
77737 -393696
255182 -137098
-87887 -928582
-268538 10583
-574909 244222
287926 899379
-652519 99928
-945915 612977
544930 -295574
381894 -905188
-223548 -232403
-708488 -513014
-653381 -278394
-790463 -559682
-976093 212853
-502617 -593405
203183 -387010
-726403 326974
-609417 360478
501583 606835
150275 97323
817705 806261
979334 -153195
498571 711127
916217 -422968
944211 -484988
100997 889180
733645 987729
610195 844914
-327530 -659752
786420 -243889
752242 639139
441318 -508141
-232965 955920
-299376 -436315
-775118 457499
832710 -256559
-15323 -617033
836031 -251702
-884730 -397860
-573840 706225
526804 -611176
155604 -464464
393193 940366
801043 254961
264493 -593417
-844482 972578
-602282 -992213
-55857 88220
705527 -17905
42845 -831836
-907830 -803365
-618830 780927
241052 -830672
-581825 641066
900058 -142226
922756 357178
564385 836637
478885 819635
-277096 -853312
-29371 -559229
447525 -433590
112648 852921
91411 863087
-972406 21571
732149 224970
596886 288335
109648 -376795
-899647 412259
662213 492529
758881 466794
715946 444803
899290 41339
109444 891216
-899548 223320
-72349 -611143
475506 605074
897303 -651316
815204 458912
810677 -6844
-811916 -917223
-422648 -711403
783378 937472
384003 597409
408983 911987
-900177 -719446
428873 23040
-593161 -156454
-223477 -910356
-138179 -3094
-18276 682068
243798 849202
620439 230989
80675 623322
-499197 -741151
744124 248880
582377 -825536
632795 -356463
25830 405890
-138871 880852
582197 635428
466398 174899
-372048 745886
-679648 -532979
587013 334617
-329766 -21001
456665 -913960
-306680 -541363
-208512 -671299
646118 -803411
-128093 -778821
-858493 -723651
770237 638515
883449 -509921
-794535 215632
-214960 -333304
678556 156070
-523305 67881
210445 513628
-431978 333823
637844 -542109
304523 940101
-754343 436677
-859538 -84910
-414236 274774
-107143 501554
-304958 -898232
-275923 154903
-542558 -628919
-974404 610926
29620 -918938
-874417 224443
-739096 233802
511310 -466469
-307386 -832518
-601812 606025
341577 446061
-665044 752802
-745066 274922
-655460 171725
618267 -787588
534534 672252
-835979 304402
850605 -208976
-162468 -390404
75524 -386285
-829595 831669
689243 -343079
125039 -651268
-849218 -621731
-502820 30025
-691124 -94598
-445108 -974685
784364 -339886
-507234 756348
-802942 473298
-164219 734565
-500919 550681
-429278 878294
819024 641170
-61005 455562
984781 -248806
-806094 -739978
-533834 916731
-831862 538579
