2000
-232993 767337
-55032 -499673
-955402 838656
237974 99608
-187453 -132539
110586 726819
-832797 -756348
839891 114088
-436588 749757
-374043 836848
-425306 -538629
422201 -584446
951309 725480
371378 -36130
984343 285906
754592 -232416
157472 -588737
-62200 -494146
53845 911145
829303 686120
-166289 -401240
862525 389555
-937758 861302
522451 572364
239523 315786
-558704 303451
927677 -754846
157577 655973
124455 943605
80571 -536392
59783 -549641
-190262 -668545
-982771 777132
-850515 422200
469098 917610
121068 640407
-616202 -730179
823410 -885284
-264916 666387
-913226 -411227
-909568 -383413
-672987 6790
276897 255260
-913658 497947
-57143 558941
660041 949174
-191156 -530405
-992428 220794
64682 961307
281559 -722767
-388349 -227811
-544348 824838
712788 971631
127277 -287476
-675509 615978
892827 607437
9454 -238466
617287 -726504
895083 43731
808340 381467
577688 258859
-624567 -463368
581802 489025
-602716 512333
-249679 406608
-928027 223137
516127 -391148
421872 652446
-375661 -829809
629211 638147
526961 111000
-801534 20487
-696624 -230432
315807 147587
452640 570131
-615498 -778279
-35865 -7727
-233451 -737792
-771484 547883
252454 -6137
-644321 -858870
-269725 843586
-738158 528055
297093 105916
576695 -517121
38849 323216
181503 -331090
540846 -250622
-833062 -131701
-527533 -556200
82162 -897310
699077 284967
223721 62635
-168140 -47471
-608766 -289796
-123588 582107
-140874 -412525
583473 254886
-378414 -460314
484077 777089
86690 -940584
191583 -819206
-823569 -499200
667123 226553
-935146 73118
-196664 -431084
-919864 -21181
356568 -852575
992718 264130
-182253 -840154
956757 129892
-541474 -253933
734996 939540
-394598 -252316
-386162 -699017
200215 702212
10484 -259196
984489 725169
-847785 977682
199500 115839
376174 630619
-818888 -829715
-831151 291239
456243 -272807
62201 -36585
301580 563667
432594 -30164
-986985 882523
-390430 -90250
-741311 -49542
326182 -759845
329079 -733314
976983 -112990
458105 -144033
-906225 834986
-512812 -670992
268962 -958089
-60912 970996
-478705 -49744
899447 -469463
-879487 -945677
436633 241786
-771420 380038
-837015 -109940
938534 -894004
-164319 711492
764062 -14756
51242 -83183
-179909 157130
-677483 867030
339289 535896
-718659 -12905
531315 696459
753262 931238
-92986 638851
966475 901369
-895413 67483
-811523 -424746
968623 -734411
405690 77399
-617311 -868738
-161935 530617
-586934 -805730
-377199 392240
96331 899065
-554133 835129
-761155 470320
399539 379133
453536 132344
-875282 -243297
-367501 -782513
-824679 -714862
895499 -489682
-614016 83
909491 971088
200367 841778
772572 322119
-554869 -291053
-692580 708443
-734442 -864471
-454147 -147499
-964938 -970512
544001 12054
100294 877980
260467 592379
172648 795084
881572 735042
937840 -183535
-680754 -540553
-529901 1403
-509050 398388
11114 158039
131561 234108
-848547 145686
-450483 651357
395832 662009
916612 -789438
-445343 -636036
62300 -850418
321931 -45380
-769538 470346
-29553 665801
432442 -981857
918286 -962569
699038 -284041
-778416 -806812
620527 -955048
-451559 -653881
434565 -143560
-449735 231815
-182051 364219
530517 568735
-410181 530442
-397056 789075
-330719 -330422
9186 -454235
728675 -398703
235145 -235211
811838 -102779
331014 182177
829929 -414618
-141450 72079
-715553 -571551
779424 -167494
838906 403125
-845270 -72913
851185 787880
-607998 -376193
576697 741016
-878726 675119
-603984 -992477
862128 -311337
617727 8118
-719483 460701
346761 617046
876856 928397
-269525 173881
877202 -868094
889036 -728558
-47400 -967716
-77879 997448
578957 -41709
-53486 -81763
757972 -908945
729327 790071
-905591 -22804
-628619 466839
40146 194328
709760 963888
-174415 -331430
717123 -658171
-465914 -987849
253027 945331
-49963 77343
125808 354213
-882051 -343853
-607344 956284
728144 850046
-974022 661537
-909132 319202
-380495 -691372
-451854 -275219
-298506 458071
2649 -66222
-693764 501640
416506 474796
976662 181149
-969711 -919637
-330940 -243054
-860701 -558043
307048 818943
-417910 -991789
482824 176503
-512409 -455306
39772 206551
180369 -767068
-112355 197472
-692204 -63059
946865 -547408
848660 -870207
421135 393178
-450432 379532
-908314 -99382
786202 -914156
-296661 322385
352495 678334
457630 -598203
163597 -624150
-735785 92782
263060 85582
-466496 -68197
-42584 332573
-858184 -942060
-120861 529520
-194213 -539039
346214 812969
59323 -155590
266787 685757
287833 314996
896080 219926
670592 866253
-853620 63539
-85138 885113
-140325 556991
652077 142882
787108 -805672
307884 400162
-2013 936929
-479144 43450
-109423 -390923
-424321 -85052
-826516 -641958
-219713 -309229
-59460 -11337
-805729 842204
-653631 -522646
-67775 -166416
-945292 -267591
-633616 -146862
250139 -362404
777488 236412
-997051 44626
-604869 -917121
-187590 -682851
123473 300982
-308496 859184
820719 -867569
-663626 600625
-919194 288164
-806014 638796
835506 48284
-155489 -143388
473893 -390423
291512 744809
-445030 85758
-441147 -84582
-816418 -128466
893192 -322624
319006 -165710
285866 -286619
-493497 -606434
838481 -645943
547493 358408
258950 -640088
-221960 -757284
51385 645671
-644910 379511
915150 -801062
-78968 -84984
-154635 -28962
-570253 -440354
654568 -354995
-570042 -704649
372323 426364
-48373 -301928
-22129 -856169
269357 313227
-443052 -473193
-196913 441599
400976 246384
-587404 948424
-363237 436550
665644 -578666
107283 560035
10109 -46055
549147 -423611
-721146 -737533
565750 -826793
-346819 -462996
-818377 415424
912280 370857
997142 -269937
-447378 544324
-35704 -134970
626145 -992146
-507608 29420
-501797 30822
-387103 109099
-903698 -660234
-154312 -606263
-654564 621680
265386 585956
718685 -963544
249290 514372
-593974 -566851
511933 -681361
823415 -394639
-867554 -105897
-913075 -336367
896824 157924
-867020 -227563
597775 728304
845174 720480
-223059 709187
694072 417922
-279860 29447
-767522 -953015
317977 -430083
-135581 -508680
219106 -79706
-276981 818338
378986 412648
-204741 300676
-9016 758519
-176247 90343
-240533 -951408
170418 -225247
683265 285243
53672 990210
557307 477020
-289435 -627334
-709538 109800
-337649 118372
-63527 -649343
-640837 971164
-15892 -220515
695818 936602
-70289 -651004
251170 -271872
-798799 729194
826764 371544
-612182 851343
-262089 703913
341294 -355728
-273160 -724272
-739100 434324
206526 730300
-21829 -552886
-28990 -128322
60196 -744397
-454584 331385
749248 -822069
193820 -426816
609 -171752
-700831 -108493
-808005 -528311
385719 -952058
-520491 801265
691506 -597066
-136265 550299
373509 193858
-417298 887245
-824920 -862224
383139 -906400
-161028 856892
283474 4016
429825 -397733
-683800 -492731
-879814 -198301
-640375 -83117
-681036 722620
-750890 -962288
852871 844765
579026 614096
-656407 67186
540389 812674
-699400 75174
292348 219299
-84637 619780
489158 343007
-836322 995564
-925743 213503
-10264 -263382
786639 -705663
220858 -84115
140815 -427566
452315 -841026
862939 -738140
-321743 -16669
991010 -653865
-872687 -570333
139829 129093
-770411 161156
964192 765930
-428122 -191861
31529 472655
523592 -786822
49522 -158732
161497 703389
351089 -157466
410592 -204008
-139191 14274
-812705 25273
-917703 -294541
-809560 711251
-225478 -429144
-26555 -431959
-685317 -718470
-957160 303141
391566 -229812
-171747 680006
-486889 -58226
-500955 794687
-469141 513714
959251 -906017
-788921 -454741
-818675 207395
370916 -446110
283329 761541
-875748 131710
-767748 -151400
68009 -250100
-606463 -808358
971428 -75662
-367542 -766397
-789772 537643
681832 715809
-570698 -144725
606070 38886
846963 -280244
-364566 -510080
-339726 -803887
88161 272783
887298 -34261
899401 -243666
454328 -501162
-120720 -433883
-179389 -749514
-277118 -939504
-355638 -395428
-648084 -580351
-302900 -954286
-723959 -804344
-336662 -957586
-752657 -687809
427633 -238187
-89702 431901
-210096 -127083
987792 936632
-68472 -221020
-438488 -659875
787214 -743283
43424 -489904
-768940 -907137
-768540 -560925
-463206 -780138
485865 788451
-976042 663737
771937 545799
783297 -998930
937967 620561
590748 553869
-765318 -26802
874194 590148
362516 -443993
-882526 -979222
-2542 -504871
243355 -148028
-506793 948909
571037 -965775
383998 944685
785121 108731
159952 -410648
-137741 -60992
557213 754890
377024 483802
-834431 -675047
200078 -567302
397518 -58106
-186678 410971
906283 809161
180842 -235216
865669 -920116
-687445 -590795
509686 881429
389994 472542
-930734 -251934
581722 -417859
-942396 -260991
-877624 801889
-301873 -537173
-413759 -257185
893591 -929210
-20664 -147896
215878 -729066
670541 -254610
-700192 -561988
-697006 -554084
-565113 -817218
-408843 -180735
825126 -650803
815583 -885798
-587048 646567
-754545 794653
-711752 -557778
830155 695962
-158109 -599922
139734 763363
-80821 -65492
-959110 -252827
-297978 476972
-188899 -525666
286526 -97556
-438624 -968344
643435 -191750
707792 422189
374268 -267471
962803 216613
-231933 -802185
248001 -949394
-53076 395497
911399 78556
742124 476590
361080 -966208
-551018 654664
-598200 -891829
-70037 340445
218852 148096
834293 29661
713759 617556
-316359 -917663
640302 -547770
-146017 12445
-434344 755154
-105355 -475286
196099 -848529
-196142 281970
-840379 -700833
-573141 -355035
761271 -337380
-870319 -43399
-215302 -428859
305810 518744
-189784 -240457
742222 -847417
499230 -251336
-768726 -421411
-523538 568458
-657922 -727795
573523 -460491
-948418 -634608
441773 -853723
-948893 900836
608790 856775
364860 612535
128397 406671
-512637 486671
-866336 -821019
836949 385898
-57471 -641076
-339678 -238680
-422683 -369220
330934 -773651
-506998 166421
-944497 38205
-754024 7694
131776 187370
732202 495194
657989 885980
-80080 -308898
-762966 -205383
-708151 -996165
-201964 334487
536364 -678434
970994 -979134
969548 -453326
19864 600524
-869195 618957
215186 451562
-295781 535944
766710 -849604
292654 892134
-317433 249402
661796 452507
-346538 997603
60513 90025
678560 453729
-288990 -521049
-806656 674008
613091 148607
-580964 562611
-55408 -854733
-371321 -56379
324750 657888
-637228 505767
-317995 735588
-899187 523999
-768020 -355177
459313 -815714
387608 162035
791459 821111
25989 -542905
389372 508465
-765284 362827
-460640 -862126
480572 -438998
-87917 -575993
-265167 135101
-798292 -498857
593626 -473442
948464 -786974
794231 -828201
-706151 -900976
97038 651362
306958 576064
12230 -408840
-640059 -212791
805405 881701
-693157 -310100
964453 -448301
-951803 117795
174386 115746
818858 -361830
20865 -639011
-434651 -763488
416982 -444886
815599 -864517
-217711 985018
874672 643497
668474 890965
-146530 986860
-459862 -450184
26150 -24284
-144046 839289
723261 -6943
944824 851400
-773307 62693
88483 -709434
-184715 171648
-649131 -70192
100304 -606358
122571 -863905
-266395 967044
537401 884842
-940789 912807
-909002 -995493
460427 560098
-968554 987551
-393905 916862
-91258 -842471
249274 896918
826365 71526
-290588 -131807
40836 389846
58415 -386523
-363269 406036
-658563 363341
124228 150029
935120 20151
-693633 -701714
-693213 657732
-826558 -549633
-222320 -925310
-375648 -840788
45877 -937513
-456378 -369701
776804 -317894
-82649 14209
275535 352379
-839088 -299745
332237 850567
450722 -591370
596790 939671
-934633 600221
197676 -632007
-214600 373952
-22776 -951808
-410419 -429657
315899 890684
-11159 63153
382261 209245
-766725 -979226
894803 595796
-721134 325828
296105 -171751
-586052 625390
-92385 125335
569545 3464
833359 130917
-80339 140727
-476927 -355027
-193738 247592
-58072 431669
-915632 -260199
102117 536592
301093 336275
160105 -129906
-645495 -873653
336846 86545
3001 -438045
243346 -492723
-113106 99150
2672 38479
-579845 363620
-369963 -768073
-607981 91944
-391263 -138634
521568 768724
-915319 -812071
2060 332079
-890015 704793
-942053 554139
184033 -90887
140419 -201020
859345 -433270
723205 120427
-771995 477103
599755 -631568
234108 -420025
945250 605225
-405974 -835202
-745328 560176
197144 -664715
854103 489513
-219318 867288
850591 584016
-817449 -728447
474829 316744
-682019 628344
-807803 -53984
92776 525058
666360 119729
387433 -984843
-107882 -258206
398011 458589
-576920 -502627
681403 52725
102643 761798
-433781 320022
-944603 874644
683467 8996
34601 428592
929171 206574
120189 -558228
-896702 202027
-546239 -489554
-486781 -206515
983300 -33000
662952 891700
-799908 -635289
911369 732992
351719 -512174
-885158 -60094
-226847 -944215
-640698 -214379
-578082 -65028
892842 375782
8575 -879647
311117 982260
983052 -858071
-33777 903233
-228825 619943
-806954 -629592
978582 -773100
820809 -636717
409208 -987017
992218 -310878
479225 854524
-157447 842256
-743252 -434513
-163811 109976
-429044 900993
-60250 -115356
-857652 -450846
79411 -632819
317172 410415
637667 -394702
-545080 867095
515032 -267940
705134 743759
380159 499568
38223 287710
981350 -388999
-484764 604464
625059 583925
-964282 537298
264965 19014
300364 641581
-416158 -513547
529324 -37437
-730647 -415475
300834 -685182
437406 37184
567091 -217893
-841554 -305785
860341 -156839
185428 322199
-919651 -287983
-706622 -322065
248674 352690
836900 -615078
587224 -980847
-377428 204939
370266 -458789
-921541 -23137
706177 770376
-681919 -296816
216465 724546
-104043 193231
-846834 -760209
405681 743967
-600675 -511059
372080 211661
-571068 585186
855927 880363
136327 -57130
885289 -984769
815682 713715
234527 568097
548148 -633449
294407 260408
42280 -844796
-691855 -463778
-669296 -258039
615317 -248835
-817795 496636
819521 -424763
-842633 722972
825684 885223
258299 -146028
882997 407539
260693 108787
949730 -603469
270008 802245
354401 325215
-354227 982475
-154380 539209
-267818 464975
692012 -724449
35371 977740
-889078 -651775
-132282 -962674
-193278 791691
379661 235429
642686 805370
628643 -897954
386913 35166
491817 -312802
-501549 -848610
-123096 -614264
733137 733359
-606502 -24960
511513 -303336
-674310 692077
323625 -978161
-640173 967277
905607 -508241
-793553 -484340
558642 247427
-222053 251429
-70059 20534
91498 -924445
-469879 -87376
293491 -398960
-230710 162417
-395682 -231049
966635 951347
-129892 -263285
923566 -550214
-606108 683765
239368 846127
467112 87094
-240616 -848815
-382150 260428
479692 931118
304149 737622
-807427 589755
-921781 777628
-935940 967429
492381 279925
-658658 -241045
469548 445823
99331 891091
-813444 -684354
-30612 547006
-944555 -490043
867052 607264
-828459 -822230
-440598 693012
-771080 -795374
-442693 704112
-169836 376135
-642150 -69532
484086 843484
914722 928332
-30338 -274900
-37429 -954324
440340 -237715
647811 -43604
-108586 430521
-315478 -877673
48631 184106
-925165 928441
-275052 -19378
-113042 -914485
504274 515244
135517 -985667
-55183 -313012
-852005 218570
130380 -38518
-406296 270045
-63045 959518
482478 -654338
14231 -138896
786840 -899877
-897969 710584
-447452 557095
685598 -311135
-619302 396491
-301092 402722
-477413 -199632
795196 697491
328608 -838789
-459529 887779
861017 -676151
160205 142146
458340 750116
407159 506547
712709 -985976
-146196 364998
-315521 205737
443818 934600
44800 -361198
-353721 -296761
559765 -813974
-689207 488494
414757 -911996
-667390 -160634
323620 -980221
215839 980944
-950331 -975270
430795 687140
-341608 -176084
839141 -586927
207420 -376473
-728557 -930250
-444141 -217938
13298 563435
-129262 -356663
-411493 227360
757798 -416978
689288 808359
216862 215575
-493370 -738543
-600068 141014
-437859 736329
-714540 750411
997493 -510278
-408443 -51537
700151 -917731
-285268 922869
-799457 294697
734924 -935346
-937996 -515781
-227764 -560671
994031 -103138
431928 -263357
-80520 -372531
-283682 772711
-117203 68770
318594 732934
678854 -202059
313811 45342
102998 -589649
277120 -304112
-3534 -481262
-281676 -819808
-897766 173565
518290 650708
344468 -928734
423654 -472894
363049 354321
-8294 -532608
413003 181195
-965444 459231
360945 -192874
117090 170793
-949648 268536
-72884 465526
305152 210862
340859 -278289
482011 235898
-686557 167653
-996267 -881406
674325 -437831
852970 -4482
-986660 -523490
-774452 -764758
660590 -994977
-596264 928293
-875524 674081
-166594 -750285
-125485 -275996
364513 594696
682705 -1629
64081 782134
472040 326016
763445 -375150
-389926 -251886
-797336 915264
-649561 290440
-340044 -443562
-266601 -980368
-193883 464962
-826319 387835
201951 274607
200562 -395690
-589331 -804925
-952775 -346003
-868608 353417
-739159 -358279
-340338 757725
391917 -10400
361475 998589
505124 585005
-765215 -743996
-335194 -21687
-828542 -303546
128261 -470646
128052 -514529
-188233 457724
214348 -454991
170103 -616034
-57532 173616
-183179 -780199
847799 -629321
783796 881541
-635393 -682937
-833993 -260714
944641 791305
291144 -385093
-728518 79515
-539836 -775593
828172 185097
-858113 878268
834837 -619882
-488626 762130
-1429 -49088
-137945 315367
475628 491960
528265 -770164
241632 -367135
347026 358697
793478 -752671
-256270 117353
-217034 358435
-933154 591025
651845 -125980
-517450 -776406
86686 712777
471898 416124
-459325 329937
-220557 -480409
-272676 175047
226170 464295
725909 -353065
794209 -676969
149392 -860655
-535953 316493
751478 -80088
427920 781515
446399 452748
-791390 40813
-316335 378819
263275 189421
-739761 804417
-100867 43794
935419 591398
947215 -636676
709657 139803
-620556 -661739
-563271 43667
-440978 331561
-855526 -493954
66035 959631
-937661 360400
128011 13902
78292 645516
162626 -325710
949847 -885078
728991 627981
-782958 556356
464368 866025
744415 -40269
-258889 483512
905492 -878619
-114273 128759
370149 -742162
788032 587058
-314258 -165977
459922 951426
-195976 -964300
-109209 285452
-996622 -908758
-709562 386490
63785 -816298
830612 318322
-952269 794858
942183 510430
-430610 475685
-811604 176224
-773594 -315352
-193202 -180135
-349524 -62327
-129532 719451
874770 683318
-926201 -221720
-10265 716412
518101 -148398
-550055 -742570
-546137 362272
151409 -613079
-279937 565057
-68246 -751811
7091 -794103
987623 916082
-215078 -28034
-504000 -581050
-149866 110147
84820 -342826
344090 -951387
-903481 796210
-45479 -2519
159265 -304277
636304 458605
-169107 312684
993961 -452658
102967 137537
-528913 -323134
759007 556064
594752 452752
89067 -556807
-150934 387991
735948 -491779
840147 876492
608283 -13771
-216287 272607
936015 -243176
-292549 -484457
71429 -565679
311173 -149761
900693 -274384
932973 -450448
-82692 218801
-795843 -600101
293166 -103861
-632185 -992574
-947867 693256
705926 -78653
766784 184418
-77285 -677852
-402236 61328
-992970 40776
159979 -430352
-70318 -370441
953690 -560031
-770795 969469
181476 -438080
831825 -176452
764158 909923
-689316 729496
83799 554826
-214315 -580560
24543 518375
-57086 -905924
750782 -424060
563327 422799
387129 379118
-808910 -20944
-252704 584742
-220727 -977298
717504 -957784
-239844 -296603
485622 802799
-993434 585858
-39422 166557
261691 329968
124834 121561
-500306 655854
697050 -334660
558814 -517343
643064 918576
305734 540729
741816 912649
-684238 -397985
829901 3844
-886904 873229
36253 880587
134611 -851347
177040 -410180
435522 693520
-616010 -773934
-569417 644640
550008 618623
-178708 -531605
-146114 -138283
-82199 699683
293313 -319425
229311 -203402
-706786 -836093
-203190 -446685
155067 333173
248683 997829
-995134 460558
476142 -231146
481425 743556
-958537 39621
447899 -842732
542493 273312
410757 -671803
-117765 561632
-271278 386755
27726 185149
830730 419386
-807875 -119467
-449112 -30669
648004 926600
711465 -268901
872336 -186017
-815469 -58513
271048 -623325
-796763 -260106
81104 128508
367966 510142
-989541 -254135
145609 226538
-890554 546623
673230 -93831
425215 -5212
236000 -443450
-605246 912993
-682973 -426539
-691689 289790
663148 -172048
-549198 422566
819952 -515363
28805 454489
-250488 689245
502290 -93138
725104 -647866
527146 473695
-479421 269312
191353 -755492
601169 415749
-429370 -852905
894462 495497
590528 -779876
903399 -826879
-966470 -174300
-21550 -708604
-336452 -231785
669770 94999
109489 -729318
-401264 851923
590389 240981
690831 205240
-299137 558904
-64502 159881
243682 202439
-980600 -928842
-898379 145351
118689 371065
472748 -747293
-656885 -479714
-35254 -172979
718003 -998992
137437 -199572
-971736 991643
-104818 -921569
763234 254052
-816765 -158075
477857 736771
806328 935527
-636595 -650868
168190 -9722
-259409 -454938
-342587 922294
102216 -632764
-493351 639063
354904 -221164
464300 -804282
895799 105214
161357 207902
-360159 -3135
-759300 412651
-903955 598746
771089 -952713
-314434 88690
100755 691151
-131254 -707114
-90115 839190
830307 102933
-734296 537386
617678 697506
-308257 722977
254340 188225
750304 -920001
-277533 899019
-289358 680984
920764 -272748
-278002 -658180
843220 152741
-943905 -730919
15256 -806326
-806001 534201
897675 360529
-866013 -841590
-547931 -753886
-708522 100177
10892 -475199
401139 -961693
997109 -90125
219517 897452
-17554 -897642
-190358 908664
-640709 -751424
36513 -513780
-369139 -705045
-624787 812786
-102160 782906
675837 928678
72151 -834987
453210 59215
541161 -35298
422516 -346428
-678924 -677599
788087 4490
-210146 -798914
745728 618032
337743 835951
-111505 -457990
-134786 -184194
-115212 -357953
878595 222534
731656 400131
-926852 748484
450411 -873273
-884855 818745
-151997 -132801
-887415 63017
-540671 -665274
-224593 -494648
-234263 120481
42621 -544112
-932083 382484
-584547 -443636
446400 -651386
416047 -498787
328353 -380481
-583392 -716102
532503 -587838
-172978 143555
-123018 520306
197095 -120030
138033 -623683
13286 -417889
366886 -716967
-996931 -139796
-353587 -658001
-551687 -576097
896571 241812
-40858 223337
-405098 -281279
483247 781867
-83812 -814801
-210076 214906
431970 309420
-936839 480863
-55410 590041
-352891 -313062
367508 447092
926020 732564
376195 76091
945252 -601774
105212 -779085
-300419 832193
747979 991260
998617 246003
-390696 -855139
313706 -403958
40977 715146
687699 -956824
-76290 -985667
-723114 136300
-136684 -24532
-249603 -151288
-857302 -290694
-356902 930294
-57402 -543562
664345 -809621
-590573 639638
-380294 185402
-573557 -348639
-977882 507543
131547 677907
-730902 -334405
-473521 948472
-562195 538475
-749274 -132024
-848807 960516
883044 -733018
649752 -810366
586926 489835
386999 -54733
-811575 -247505
-520113 74038
947919 -288979
865453 773526
866275 757630
797169 49897
-56161 -389184
69420 258139
-639156 933254
890273 554711
19756 -973578
271657 861196
-882855 339737
-910092 572525
232768 -389660
-635760 -101369
-422713 -16924
-982111 -771990
807796 -95674
-392183 94236
415768 602061
-328050 -934502
699573 877812
507347 385100
-37152 657046
-537524 828585
781213 514003
788464 183619
193292 -651852
-261388 501935
-581206 -166764
-961507 224282
476143 -289379
-264247 -424235
-135680 627750
-364425 -171373
539807 868259
724875 -545738
-261021 -235319
877483 -868789
215187 -829050
-464159 872847
-917807 324859
-921148 216972
-169977 -17836
-104077 856143
856648 182138
322970 24191
465385 443446
-596233 790170
964383 -510993
-892280 314566
-387032 605334
255471 -186362
392958 -867810
976753 -982717
-119265 -27943
-460246 400684
611650 -240157
-418765 504066
391758 -150916
385324 217077
346572 139671
-32499 -823598
-580925 686223
602293 -680493
-520906 787382
217447 -876582
-145923 642788
600265 389263
-956907 14988
-235084 315437
491269 641753
581293 967859
-576429 379775
759566 125336
-593120 -526010
273881 -704192
427154 685366
-370126 -671396
43297 -486107
366021 -261719
-447589 567780
-586619 156616
-626128 364102
-258894 -142890
411689 -886290
889333 -507521
-420983 452683
-328413 -333466
699390 447545
-877613 -418950
-308319 -715832
-332029 -869393
-843172 -385014
-928506 -168314
-958922 -152379
-720433 228919
-808043 -121945
-197491 -316376
-738183 -308538
-165038 839384
-953980 528501
-769060 -532463
622647 478347
-526626 -963240
881971 344389
112957 542454
809602 -779793
-213711 -942266
-680208 -381562
-483708 -963393
-546056 -871933
278117 617515
-577142 -223013
134989 176211
360542 884709
654721 431568
167157 193316
-360378 -48221
-618154 -473572
-930877 5553
-782202 -771910
147737 561738
196952 451683
-257032 -199125
-103147 -548672
895339 -106819
-950978 -86706
-381902 866871
-652586 733432
792558 -29666
603145 506520
514380 985549
-28406 -719817
-470846 95868
487875 -824425
-359229 -601016
618980 174438
365785 460638
-960327 -146497
-250398 551440
-357551 -389322
567436 632045
476951 -80298
180523 -612060
-62966 -820098
600924 -260861
-965362 535167
884546 -783607
-388798 500703
502193 -963540
-268883 -911086
-933573 -430911
294014 -898709
527510 488568
608281 442431
-334974 -496068
-392879 -824010
-637598 -198202
841885 -459508
-199538 -95446
-443364 368351
744342 -807020
-865891 -408433
883682 -802356
-579805 -747297
506658 110929
-180445 416334
753144 855974
-650826 10239
513602 991441
-894920 -302770
-949690 -587514
243758 -524075
934249 -405787
-408476 328370
372414 704263
-419072 -90785
517099 -549079
989969 -240018
-422853 237788
909910 -410408
229574 760693
-334078 646194
446280 957672
-845117 495472
914037 -527914
57178 726245
387957 -30964
-654354 895968
-833001 957041
-469240 615943
-205491 -644373
-546490 -807966
-42659 -882822
-133791 483618
-908943 -658519
-715415 704046
337887 -98066
-847902 110846
-214515 19664
281499 -294883
71502 -109011
-181998 702169
516735 721695
-892383 -479404
-524499 115665
-688574 -719291
117173 -493253
171514 371004
-477592 -633705
-429601 800897
-759937 205052
989001 -847375
923362 -905698
288088 831772
541179 431051
518770 211812
473 142777
453060 806163
422047 -19815
43796 -905825
-472130 62548
-926035 -578404
-567822 -992570
374205 -641391
758852 -439134
-86277 -373627
-772504 760902
94177 -726467
315378 323351
24226 -450105
-639963 790787
-967607 823556
662297 91450
-847875 721549
-460556 114035
-347935 424632
303210 -973802
984075 18229
-963939 339261
391337 -351699
-24070 215339
832739 -573496
-36242 -726404
63807 -134695
769412 -573917
-310283 -34777
970447 68638
-452456 565946
55040 -911696
745929 948699
751461 814656
-937970 -17074
77758 -896407
251331 424883
556985 -194330
-227625 -777799
630450 773331
-274015 -421700
-372133 -247533
987069 -757618
746362 -682815
268221 472934
-699033 75187
-175731 520782
-855808 860742
-880076 389700
208561 -520053
747214 412113
777043 942662
325484 -659815
39059 979930
240280 463743
907259 -58467
5101 -309639
-49888 -322700
540513 940994
248964 550165
-945251 -483012
-686263 -781135
-39194 396980
-357510 734518
386181 -345714
-259745 793342
-302016 -8054
493602 -478996
16908 177501
261890 293539
250876 754331
190923 -76839
-75367 -121908
658515 297673
988637 -889326
-682055 -347029
26270 286027
781183 906522
582164 436015
389733 569723
415004 -236643
426859 924444
503005 282393
-296840 -631248
62382 504781
-475300 149331
-967933 -768943
491107 645963
-950795 251808
342477 907023
907339 -231128
-895962 -967686
861881 -561572
-637062 -599029
503893 723576
113746 180534
675191 57447
-564858 175039
-623628 -664678
-122439 73928
775190 -872634
-618404 665249
-977435 843538
-642550 -799094
476967 -40495
-949011 -61091
986204 -702063
443950 -776200
-84999 614691
356536 -953329
544877 442407
-600041 -537675
15250 271967
902254 6318
-912525 -699431
-327239 215
-443990 -616379
-12040 -319286
663574 24419
-634010 944335
54393 504011
-941146 -299272
576254 610541
864741 -477253
608517 -430981
920928 -332330
-836058 669624
-929072 -29094
69845 670382
-991368 -838140
-569708 -282320
-96318 710889
958526 280919
-104766 -928299
295496 954963
-204407 696596
914340 -572105
-288729 -466398
42257 541477
-681467 -589389
516069 -929709
-834105 639175
-373750 -36301
521661 998449
-473008 -456724
-169018 -893950
816446 841508
540499 604074
-653104 -378136
-841362 -501522
808658 804964
-701198 195059
-944029 594834
994301 605490
118019 480850
-400911 138934
-489095 -487520
60268 346598
612444 -379505
974434 313795
-110642 212816
-573483 358465
-209030 91459
-860252 502905
731545 706152
709006 -795189
-531758 830992
-590208 360915
-164107 -309838
-170237 717448
-887672 443364
-274557 -137694
-468261 247100
684119 -240943
229309 -619434
181090 246809
327191 866361
-18556 -102751
265096 200856
-787432 148085
-959819 -418398
311235 41213
-62546 448388
-613439 -136085
188260 -922474
465517 -508567
39184 440067
-537722 788202
884654 -564753
-201144 -188026
203180 270040
-509293 962094
-786706 814042
-585497 735204
1056 622106
-420853 19888
981344 -996201
565819 734616
-796708 585664
25916 763081
433549 195761
311704 -142457
395198 -327569
-137097 -803180
260549 433775
915654 -926125
-637229 525984
-290773 530225
-143657 -998378
-723861 672207
-300878 9075
-90609 -791378
-401562 -296647
295543 -453117
-837514 535673
-405890 -219572
778597 -307670
-142858 639371
-412721 -403305
103762 676241
600403 499160
-748216 41500
-920932 -723909
567396 -71217
216101 -268670
533068 232089
-493912 450079
-824758 -521567
807302 276088
366873 -542729
-995898 288289
151081 44427
-167384 956139
708714 -395036
440588 -282457
66013 -558366
-537542 -476738
596318 -781593
424476 46690
860537 -971395
374933 242797
-479912 -305276
926123 864764
-563907 -430304
84562 -890172
242890 -924801
271891 362237
937512 -322766
931593 322908
-992668 -779503
57886 517785
171661 642051
431118 71358
743748 975921
-688202 548116
839599 631240
-291401 475453
829404 409759
-943365 -108708
-369019 -128794
240823 -559074
777512 14356
819147 -709572
463249 -55188
-760043 378604
588262 -607499
576838 -736296
-872304 142255
382221 4969
-572684 803692
-435696 643430
-22580 499098
93946 -312201
-437382 329529
162097 514937
518613 -818452
-695440 278377
-487132 -512333
474470 356476
370587 869812
-959918 805285
-934886 256634
232803 -902398
713470 -232362
949387 -322857
-904451 588117
