5000
-210633 76986
-73058 -333873
548037 -938014
712925 -945740
191390 -320697
-987914 -7716
-41493 -81252
280952 967954
826928 888831
366590 -150063
-907960 986982
251321 150382
-296834 414322
-980929 -941363
-707340 -773907
-522807 -164504
-791115 871103
877308 -151700
830659 316847
133304 732105
687307 129920
853175 492184
-810911 325791
226015 859934
185556 -712580
-360040 -619954
-306593 -198542
-850465 623840
114530 -594000
-542899 -338139
573207 -104981
-331190 165836
-341840 -718193
537677 -393148
-611069 -99889
-52472 -279753
619446 644800
-196259 -248118
423691 958335
860098 630500
197623 372683
-755883 -731438
-847493 -303023
122235 -591052
-730234 412471
-571955 966688
513119 321288
613724 -569794
123036 196258
733085 201664
-150204 -423104
-659930 147460
-845924 -425092
-748725 -404950
-457597 -189277
-975170 509595
-513091 832300
-987559 -303487
-274218 782306
-694697 801021
160790 -154636
183414 -364414
-630745 876917
-575571 336213
-926222 -637608
424244 -693941
-760228 652937
877464 394826
-998050 -22395
-126246 -977489
26426 -942782
490989 -958295
-105864 266461
-948875 -866196
-570768 -580125
637819 -666521
-299771 -572961
-660707 -171456
631785 -391306
198001 -157499
-628235 -855304
-154256 440233
-467755 280204
-93378 -180184
-772928 782309
-641921 736038
952348 -799393
-763676 854034
163503 -303828
-516692 -368791
655268 -822432
-478908 30288
220124 -276779
-38834 -39763
-132422 323954
690325 -472630
201717 -965720
721372 -162662
-55112 -288935
-609568 -699526
-825309 555950
-962139 242506
-42450 -977996
-692400 -470698
-761262 -164547
827690 -287472
1280 -60330
-279735 859029
624190 784280
-303980 636534
-783916 768279
70459 -203077
55876 635788
-414819 -872086
840903 -67594
576687 240373
359151 -741071
-521429 891366
-507046 -945265
-237331 43564
657700 -815580
958004 -247584
-58917 214823
108485 874492
-797113 150113
-343154 -146015
-498148 164263
-631935 652321
286713 52252
355748 -135641
680099 315212
-628805 -922943
-756877 -794489
-334852 -854596
-105294 -235854
-179665 629354
-945031 -36290
941317 -495363
697053 618953
-775111 -401679
772031 747441
-642187 30630
623192 759824
422872 60442
-580659 202540
-476584 984090
232755 -611021
-928366 -363896
454754 -965056
927778 41504
-522414 -700576
-132857 -225767
-883177 437181
-390365 410272
-831212 349547
-334927 -556560
340767 918378
-594682 470617
-3650 -848497
20916 -834650
370135 -798088
-660786 726016
-139487 -88406
707311 893660
499244 400031
-485130 -324860
574141 436302
-372947 714978
845835 -565849
476855 -812455
457628 15306
-897375 706337
127909 368460
192949 500612
-580083 462911
-986170 126660
-270699 868165
-490760 421923
-745166 281259
708971 -522965
-874652 -409824
-999471 56720
548302 -244663
-926153 416817
972742 230556
590581 -657712
245624 839624
790983 261658
469515 329916
979587 396786
-396985 511800
-250777 -527715
1302 -220510
-509621 -319121
-54353 872776
-533420 815471
-316554 632683
841951 680101
689359 -771175
881542 -7345
46653 347168
92700 402858
-183033 -719122
206750 628874
-196467 112865
-332846 689921
-188923 658338
-630588 -418853
824480 -61456
294343 775185
403881 -94143
-157868 -836830
279649 -479452
-299428 485149
853712 -423049
684193 -608768
-820757 -21065
763117 375267
766916 -954485
464498 -638489
-624424 626522
770589 -33232
143872 -401599
-871604 687778
-683939 -630430
808409 608767
127174 974330
752941 -640142
-386223 615718
-809871 311451
-250998 -553905
-692100 621170
978082 361389
965936 -125547
39753 878992
305651 308037
61353 -362897
-198963 -18953
-421709 774590
-443575 259284
761749 -30676
524377 606803
-613151 -465385
-853830 -296623
-906194 -828320
101566 903573
862400 -413506
180352 331643
-303086 161615
465859 828251
996118 -166036
-755250 -86844
-11824 633233
71736 865894
890035 427945
-678201 944816
-731139 -69928
884887 887100
627198 938397
949133 -146165
809668 728035
732648 -291773
524806 -68937
457105 560898
712970 932265
-674934 151086
741552 -328557
-186416 -552741
998993 889679
-423721 -214904
-561025 -519693
812949 -291093
218386 -761414
153783 974290
-396091 386254
877565 -512253
945488 229548
704450 -699210
258232 -759620
238081 49214
-245116 -98619
-66238 -816729
962963 -313326
75215 965498
-226253 -323348
459084 190472
471870 558927
323768 -347480
-347121 -137915
888500 -635168
-303161 -474281
-535835 244641
-246343 -916506
174577 597828
339299 -687677
494707 -936561
-572170 -729420
690311 326688
679535 502771
810902 273352
269537 -142104
823926 -237200
967387 -374520
-691199 602269
-135027 -797702
-202036 -385174
-792045 -905430
878261 -36191
55475 280879
-725959 97403
-370991 -374900
-289126 934371
-833603 -394833
905367 932562
-766461 -360448
636848 581695
-711968 -619129
528069 -201376
-982986 -558599
-126312 872962
137901 541132
995763 -370349
46092 509230
78346 -439179
-518962 -643828
316437 -978143
763818 845846
938134 -135365
90410 -546412
-145614 -853171
-8048 -319131
672246 594592
447355 496109
-768704 575629
526795 404439
205598 901032
745382 -73278
-610991 720371
593348 -392194
-680096 390476
742433 -594947
-15686 -119735
920922 -59512
-836503 710340
-891811 697463
845609 871079
681688 -144491
-300098 -530929
-990486 -431000
573093 -259296
90448 889402
-604572 994401
-617078 689337
-619828 -696965
-13090 174046
-388775 -205619
-696533 -697951
-140602 -898791
613067 147861
-80433 -998106
408630 905014
-437885 805358
-861243 426299
656477 -260462
516233 -365078
706570 849466
403350 -410036
622579 962221
-894533 36953
-943029 -355464
-312320 666080
-59308 -988237
869177 -617389
967334 -893635
476671 -507391
-43020 174764
-987252 -751209
-245527 734783
278247 -828247
-530049 60057
-70462 -139945
123804 -643049
627134 -145084
556168 -17951
798036 252667
-826066 964489
788066 936186
-881463 550465
72705 -439454
734293 684128
-523818 223651
837234 581391
-157274 141289
993808 -961797
-366883 199897
787997 759947
-651193 410698
73149 -212381
615009 -445989
-43864 -832676
-432148 671283
480722 508527
388625 680517
222026 54249
-13066 -180710
-697935 190879
-356699 800781
898888 -569447
759566 649115
-401775 142435
-48142 -364530
865212 -632473
-884095 -490103
-176993 94374
555390 938217
-220917 234685
383618 94237
-190033 891292
-259302 -831335
986561 360802
-475463 925444
141634 73919
315447 626213
-858839 -396394
-625350 -179776
-31330 -704044
714051 -579081
-127546 -646660
-812431 -863830
-107757 38621
-22154 -369859
303033 190138
27428 -510824
331109 -413523
774432 314001
-873254 432849
571086 -638729
-497860 -941663
-405270 -169344
-310587 -687732
-77501 803642
-931392 724363
330065 -766513
-855063 769949
-41617 -410538
594833 -73966
-51527 818586
-168812 882061
945222 -2829
-883053 389773
-17185 144867
-720033 499325
-873081 158937
-860130 440963
-392007 107589
744436 847446
326214 843475
-66833 -535117
234352 453439
-423323 -849206
-639780 735492
-868906 -724641
-258310 -974953
-831642 457056
-121701 41827
922981 -494862
448409 218257
-881208 -729858
964339 260525
-144448 104660
497069 -628833
-833249 -900570
457430 -518373
-442284 138389
10396 680646
-108878 -91350
803597 -185576
655638 240513
401715 107253
-754794 -198434
-251192 -639674
872044 -882857
169777 920379
-567790 -771556
-233135 484358
-817631 477825
839240 558857
-146323 -332033
-838810 -823153
705701 309850
-298431 -422224
365685 -365255
-699718 -829537
-623553 -279374
569273 542693
958047 -847274
812860 895043
279080 -561036
470938 -665573
987948 -920115
-655913 385614
-126968 -267760
594715 772345
447162 918930
-8835 -31948
156833 153159
831806 -945452
627407 380344
870390 -658892
-835025 -298369
144272 107124
855362 551153
544050 763083
124988 -229012
417149 -391694
-881012 -52315
-16233 224771
-907082 -806726
-90518 45711
-938590 -103207
-102326 -898954
941965 207603
-169750 -76424
603707 486144
258219 947321
591389 -692728
-306483 -67546
-652582 259971
-440980 985303
962850 -274183
-871427 160074
-260855 837339
931031 771778
-175495 769079
-777095 494187
-601915 422395
957251 906967
-631088 742745
-843399 611866
97347 21825
-221093 -221095
870512 -775420
293889 427202
125304 -101490
364140 249423
-733052 70491
-776696 -506525
-192953 677706
474474 596719
5432 -510479
-493577 -471085
966402 -916606
-732038 -171021
561079 333978
525570 847546
872534 977579
315133 93116
39134 477301
-226846 737272
-103009 -634967
812366 -711520
559224 920566
-389875 -298864
-975289 -696292
927690 559933
-594913 -286371
-277402 894832
-750505 -328796
731024 550296
-261419 157521
676860 -427285
-746963 408509
-406168 -490544
-270046 -982526
-51494 4162
-596233 -583048
119017 -55884
-923188 -45467
-941065 997920
-312021 519655
-546213 -955380
-150987 -725382
-595096 382210
41795 -939035
-179919 610006
-172407 451621
-152533 -591315
422939 -460663
-771009 -994157
-87038 166447
-487315 -626939
-226487 889691
-841530 -38442
836732 -425738
536603 675280
687110 -881876
-55484 -484827
-726808 415570
-12508 928058
-588304 -167830
485180 669949
874501 -46433
751468 -458836
540390 526532
424881 147294
-29350 -516422
-786421 -586236
963354 -369286
-187420 -840248
-427434 287559
-735775 -179257
441933 447479
264533 -179388
-569321 904371
-693380 -437381
157268 523079
-776706 -944461
-55353 -667819
-580591 -172781
-355994 -195423
811573 -738904
577812 -95867
585400 215023
-927090 -425681
129410 -427402
60632 202689
-274950 -667648
726041 319992
121511 -486034
-224721 -446844
-923571 892320
-717405 -168475
-793288 -880437
298627 750857
-244367 108592
-696366 -448510
-305337 -934379
-206647 5265
398768 543500
-611310 -195875
-910962 -985916
251790 -740051
243239 695333
-573362 795966
792763 -430554
623180 -129521
-716585 415538
-937771 -482778
9380 808967
-937040 163635
944402 323546
-671988 107230
416992 154521
-247032 -618395
-782373 37200
606403 -743183
883125 -865934
-960836 -641634
74325 -377695
228245 290075
264681 145342
709409 -220171
62718 -597060
633918 32493
257057 163162
-845885 -633169
-677218 -454627
720292 -473373
129717 888191
255609 603886
-773256 84948
-853058 793689
-800257 -201815
940481 -499356
10808 216129
-752521 645504
4151 -942144
4460 -676157
782798 700007
-781398 114294
-936910 -142862
382719 -771193
-660086 290262
521740 611839
534255 262667
-703942 653011
-665975 -186246
210426 -357986
84755 9798
128877 -512658
-507704 498746
-524174 -292513
228901 -997799
102002 544199
-144037 295959
440630 44702
948501 -566131
-603005 999687
-223947 2327
169259 -457245
796491 -151522
225407 -197116
725952 -289316
989709 721661
-635360 173525
-765731 660474
923412 20677
-599938 -146869
-724363 -606856
813217 596367
-506306 -45694
112912 -979973
177740 -697857
-955788 282066
-404038 -451944
22654 -773094
-349274 260881
770522 554462
-11599 -486121
775146 -942793
708946 -289280
251884 -411281
-186196 682209
-76095 -852843
-13036 -182436
486385 407444
-612880 -237510
23766 -504520
-880281 -46624
437035 268190
-504199 -313083
-550070 -121796
273919 -7260
759709 -680588
-237359 491079
-4309 608347
-564333 -196658
710243 -648626
486502 -70229
412488 -505261
472199 -121970
374361 -535692
-23538 373971
511516 -643300
163827 -17687
-816735 930639
-365244 2124
-225613 -621173
420353 813328
434975 537131
519160 -338661
-465539 584328
-62933 646649
-347870 777818
732751 811722
-278109 40414
-169010 -841602
-51213 253594
118077 -591531
108149 701267
174299 -636581
267546 470375
361669 -645307
-290165 173745
-161838 -493627
-63729 586622
-711779 214262
-814207 972185
-40123 -573556
593902 -906730
574977 -436458
-28837 -78300
69118 471698
11720 375367
237040 -847513
789137 -909241
907440 -582901
-181460 521157
-47484 -990145
395926 -93188
-918905 187415
-584997 -303257
197862 -783999
429149 315578
368974 -221161
-26478 -106736
424931 425883
400952 165192
341988 -102787
-413441 -378463
487601 816221
502683 -32775
-826076 -833133
-313013 -517893
210872 582585
-543555 -984896
717625 -252736
340343 319809
-419360 533873
279640 165743
565625 -970758
-43725 94109
287527 493525
506659 891394
971416 794724
-635717 -905196
827290 682906
659576 405657
948815 382812
-965564 -358468
-599704 -538779
802380 -926762
-328324 534310
-42431 905573
-600085 896288
-139699 19895
-842761 435525
923826 -878242
-684695 -557943
249262 258558
952792 -477207
847294 46045
721092 -389763
180971 -182707
-810707 -390803
251498 -41288
-526888 -752718
-113849 708532
758398 823734
44508 -376648
625396 -719294
-330947 324203
397192 173174
909695 -358380
-575778 -680926
162257 120282
-627593 -205638
215227 -858898
-284743 -858287
-958930 409978
-165621 884107
-486658 440589
-133829 439363
75015 -785558
-247565 -460125
-524739 -320037
-746737 826541
-527329 607541
-162692 -353714
856166 -247583
-29543 880283
-557704 -467608
-542035 -284441
-800720 397089
475302 499248
297860 -992147
972004 -174009
527569 878974
163958 433515
-24227 -297045
-739657 842117
-241812 -858465
828035 -584214
137303 -283358
-747682 75300
181787 652523
-306575 341787
-857379 -980477
693958 381477
-837348 868343
-49215 -993562
-807196 544250
-817690 -319135
749867 66048
698475 498506
-561607 -858940
34825 -453266
359326 -275361
623788 -579006
-690230 319668
-898845 -360043
430573 -515641
826846 -809718
-944017 692832
698716 387800
-778637 278626
897512 -768270
-17000 942460
-536193 417929
400797 -38141
-383103 954089
-490946 986777
-28627 -306246
748720 -332733
705530 -426736
733093 -129601
-439228 634468
-687183 15014
655681 622220
-773469 792018
476053 -557
441951 296183
-410218 817727
297815 -58971
813191 962849
206683 -98355
-749421 -707533
416516 393959
771667 687938
-398580 -307857
-848775 -607628
-563261 -622613
685856 400372
879603 307658
-988714 -124568
-45838 7270
202272 -15202
-782690 257918
728008 -285379
-896413 -621268
988214 -325859
-43073 875694
-455877 575443
-42409 -634075
-780712 -709084
572252 -738049
180001 927561
328321 714686
-580607 -459513
35322 557991
994 948267
-863906 -931294
616384 -479957
885653 287158
-19833 827865
-768980 287407
586022 273833
862254 33681
779331 -59954
-327994 594657
-798436 -937812
278232 -783115
-738472 -297785
-545405 167292
732454 339439
117941 364104
855246 -148398
-382304 975703
-154153 618852
57590 -962736
-614385 690444
-856075 181570
368182 826850
74709 181824
828271 82904
-216747 -385309
-37731 -451487
526580 970881
700100 -82664
-951910 250564
-419112 -830900
-966226 66355
-741071 83171
-631030 161661
-26011 639385
-313008 -492196
-973832 -35175
213059 741977
854011 -396281
138064 -75191
134462 163679
-530364 344625
-478647 -385145
368615 799301
720800 -241148
139531 -106150
-201542 233317
830298 629107
982808 904949
800088 120073
992168 741969
-81234 723764
-904959 601856
-76630 934150
-382603 -236293
9571 -691625
949193 372790
-548482 203811
-155374 -610161
756111 790897
219013 288978
332715 652829
152127 -146597
535482 -297656
230177 -231381
-46186 126906
-584942 353669
660590 -874653
203357 -38339
-563980 -826218
-123890 -422462
184403 -829160
-620286 57969
631024 155658
-788793 340169
-416771 -191325
920971 887129
719708 833844
25417 -370160
-464302 793534
365293 336891
-588075 -395936
-174659 -31883
780013 365355
-729013 113955
-402850 639400
683328 -769421
364717 237824
-134212 -619779
-697988 975034
-669412 110304
-195119 -549078
902711 828042
-176139 -678097
717604 -966995
62724 -967994
-812618 -140803
-431088 335424
-251509 839096
-875468 -498444
965661 913097
509843 215080
745444 -772119
186873 -514
-316951 279804
-70198 575571
466868 -715222
71534 880724
-878837 -309898
-377438 335596
727991 -553508
-796729 -771378
-946986 570889
-76579 500794
-834893 107253
365375 171218
834986 727670
120110 555804
979902 371196
816283 42696
877635 -775877
853686 -816431
-737911 -278597
743208 970906
-972080 196708
320025 268447
-577524 -653169
866926 -272477
101788 -1797
381359 -691714
822889 25817
678744 -528015
-545509 934001
302514 -348577
-817929 277770
-321826 -308681
597934 342244
850920 -219497
-396715 -278920
-155942 693952
-944092 -893464
575851 -501314
-141551 862506
-888056 240218
668153 473534
385783 478685
-590153 365081
-568535 -958081
971951 515970
651737 19043
-653992 575041
486238 932629
12095 -130308
523224 -666836
971119 -150958
891391 -313472
68328 -98226
173406 -478747
340956 -615421
732651 -832929
655622 411783
-69636 -720488
-64736 -740015
-741066 -625256
669461 -29126
-627825 126743
991793 343961
116791 -254893
-124661 874997
360387 -166596
-346693 -692942
-661048 -128042
483088 -606511
169143 469767
521483 502744
426349 26771
-89857 730461
798592 651083
758536 253110
-573291 332724
593479 -949584
-213508 -298838
-774577 -159577
-588025 368435
498521 21697
-544841 188422
227101 78531
324246 4792
417094 -822660
-572244 -925757
-209555 347357
-885742 94486
601532 -293690
-410241 113883
702387 759478
-159941 -699127
-124995 621424
-328178 413550
448031 529488
-435031 -309187
251328 393271
-461927 495161
949864 631750
-48857 548918
-565308 165564
-54092 424827
765185 -498574
-701466 479672
-566195 554909
-405701 -33660
-326743 18615
475209 -964651
544381 903898
-264786 583773
-463312 940699
471205 636751
812226 -74153
-217465 679707
707860 216359
345270 -262477
294103 670518
892436 -829560
564404 -271978
-778859 -200282
353591 556877
-487036 908799
175899 -587494
-418182 391599
-590985 449185
-874751 575539
-407337 259794
-139804 -341578
-634444 -193874
742837 -300441
388300 -608720
116679 536201
650189 898292
-833289 434303
-104450 -245706
-556145 620963
493763 -41969
402632 331611
-688344 -862692
533690 -976111
266538 269403
-918638 181569
935995 264498
336940 -344657
-694388 -784309
-277472 862225
-543309 133191
-941254 380547
21958 -413439
822182 -218812
593656 -193080
149466 150620
-488986 715417
884640 618284
-497346 -820048
-160100 384182
243260 692703
-421330 -774536
980274 -432581
722354 -643528
-807244 -153248
379510 190591
-554019 466306
76956 766452
401030 115343
-377993 250074
923985 -393196
83576 949984
-103084 739113
430793 -873261
124040 -414240
708618 268730
-5448 -781484
-843247 483831
-461072 490819
705849 -582202
-201090 900693
334880 -290884
-168412 -422153
63726 -984460
-706688 -574548
-609156 -590073
-425860 -161811
873077 505747
193928 132914
648948 -333262
-448997 373547
38909 -421932
640929 -954135
541235 102264
-250952 -992395
461833 661141
371012 -583961
468265 714721
207168 863970
180081 502473
-968758 -327154
122411 -104306
-344479 391349
-536433 -95789
366090 -79693
533965 518787
-643707 671245
-398736 -958353
-764572 -237915
-514385 -782857
-519465 -19295
-923212 409328
554206 204296
755754 444694
945293 -797383
-858814 -445063
-592500 251878
329899 421911
-550480 429186
-356878 -420142
784513 -152617
-54471 -791606
245212 631599
-196104 -214671
-870059 378519
-418412 842650
-726006 -50325
-29606 -44704
-769151 -62034
993204 -191964
268001 -269605
-224319 -272823
757736 -138180
-322994 -35948
999406 -213471
808009 64644
674799 -186231
-539714 441666
-173665 492601
-353665 806087
-78432 348221
211292 669787
-524739 -648124
402971 424863
890952 -657490
507355 933024
-662277 -523665
-471686 -558431
978974 -799214
-2159 789685
966599 -675761
-761606 829749
-645049 597194
-525587 313702
-778809 -499201
-323601 -555902
-990416 736130
-39345 856570
-751311 906439
-291060 551057
-517547 -977383
511748 624193
-790826 -983084
988455 689815
-965514 580318
288315 -4005
117263 -203078
643948 647496
-456387 -678233
329463 -448570
-651235 -700499
472596 -529844
-116655 567346
-365149 -133814
-955451 -515476
-696371 530496
-630072 344426
-470197 -172333
995778 642049
817389 -57953
-80975 -372699
-419014 230347
-301483 559969
-190340 -788009
-968902 -251713
451439 -413983
-995293 -320905
721159 70035
274537 -523616
-38514 -156811
834249 276078
-645570 -924782
-861221 -904083
-840613 206768
-798892 969424
881743 -958643
681114 -842129
-285045 554337
902973 -470946
561897 -635816
-843943 -93723
-877804 72963
592153 -919808
-646303 -315651
868452 285224
-843786 -993426
900662 -404846
831717 -329665
-330606 286021
518477 -25053
-948149 904545
-368096 727498
-489482 -498221
-251147 -358685
741882 461705
523580 987646
392528 160160
629560 -301772
-345475 987038
-929187 621650
-856736 -360473
199695 -630441
-913000 979938
-815973 -575360
-607101 -622982
365582 -878236
-557563 -469772
801696 -927556
-890875 -63198
-598730 866516
680023 303859
-450399 229287
81151 365614
-389325 -209377
-54584 -166278
-694208 -382635
-328639 -409610
-407575 -377600
838850 -45520
74171 -367558
699249 -6103
-496806 41709
983403 -927080
-942498 -646011
721824 431970
-282829 -708368
-831816 943478
-61198 -444055
799964 -127094
350220 -617837
164258 -79526
-47175 -906706
328776 306041
-737601 421845
842462 -837091
-596457 526715
761123 851563
816850 963584
-727148 448615
-85574 186430
918679 601337
-919141 -504627
-189156 -754027
-115481 -74539
214503 -923498
600690 256702
-286678 595854
867772 125563
-590886 244974
-589693 -177659
407976 -992599
368786 763151
957990 -324321
316547 -618005
869603 891907
518312 -569668
-92140 477290
-432556 -780058
22969 -829839
-279100 -60078
892071 572679
-723811 -163139
427741 196847
-201901 -975634
-514275 848421
-395781 -143540
-941287 -595130
-551179 255915
552590 747897
820128 -692929
-318811 236024
-94055 897305
-840021 -956257
-359927 -874942
-783157 -799484
84470 -584344
-244415 -435160
998366 -727734
-18881 -260712
-368808 -250255
-152506 899283
759021 -933134
-969759 681311
767332 -279791
133298 554161
467996 667171
-442748 -269325
812598 496733
-307692 -386146
383492 506771
-46381 -997001
748532 -28280
850330 -578787
-546593 845830
-793971 -763005
-133657 -324792
494556 -444296
-947512 154572
-494828 -79660
636441 643111
516382 -39804
-998897 -94013
-928934 307819
-866577 -758327
101545 -515951
166109 495395
-678732 184252
702010 -63719
22015 48809
-597600 -176091
1479 -443905
51269 -99016
544951 656462
411561 -446558
-955472 -816231
-636226 -263103
-506984 869015
-593665 488332
27595 472014
-830042 458078
-258989 463547
237483 978234
-736680 224797
855903 876787
-454931 -550073
492142 -729450
-726031 -564943
-43436 -392837
304125 260227
-936616 -277985
-411958 -92370
122525 -335298
-10137 675572
301272 273122
-654349 919126
338616 128561
-625572 457884
213569 -924752
-836854 261355
675604 671130
-352598 -517651
79233 477969
338597 -89019
999427 394362
889403 -624892
-50947 427838
881599 -286565
-60874 975137
-116747 -744788
-513550 522137
-360550 -466307
229236 156559
613600 -840293
138521 -597161
383410 -145000
-485994 465796
565417 763418
-35283 -345116
935640 -285338
489496 299712
124520 -36154
-986545 823071
-890753 969456
-380862 -165265
358004 16619
-297313 629787
943452 184683
-252857 -445626
-796854 156979
-171543 331714
628454 350841
50980 479438
643087 770798
-338964 -670256
693034 -117700
-727836 333971
965039 322770
-519418 -499061
119707 -256537
-902193 -981579
598693 100787
-535060 629061
393098 102814
706563 -349826
-454173 -753738
-560374 -53413
538735 328762
-896786 -374463
838608 80432
-783233 191758
235467 -730910
-61655 -516578
-147454 434791
7002 -693504
-646837 316289
-699264 237876
437709 -589383
934147 -352043
593820 857855
553784 37323
-721238 -462795
587425 80187
-216432 -664927
724947 967653
-832039 -472817
-394653 -734384
235839 -906355
27257 397974
-856260 147836
-516829 -384791
-591039 745904
67419 -64380
167411 -748091
-234806 879931
739802 -341947
100100 -993996
-152867 996133
102965 -762140
677343 771679
687943 103589
-951846 -800223
895628 -34106
-599815 -17147
-40557 -479421
88716 934323
-293202 933301
-324567 -245439
655878 608374
-590515 -916802
-776117 -542938
367013 -873760
-331295 724635
802959 -521888
-779293 443058
-594560 -484025
113760 539610
-702325 -550456
267907 -76291
155684 570863
300102 568175
747884 -578452
-35677 -285111
-724433 192059
253233 662951
-690732 -835900
868533 140326
-651759 155435
284394 446346
413808 108610
911072 -289390
-389115 -110064
772290 -459440
-532389 330540
-188656 452928
248313 512226
-337702 -258327
714463 -456730
-86792 450331
28125 -510812
-941025 691653
151137 315223
-115061 273915
-164896 -489682
-990602 -917050
909150 -829359
-166709 -546566
949327 195607
-447779 -515277
644772 547434
-350854 -523534
671024 -763778
235285 954600
-579355 634250
-317264 -104665
432555 -810460
674317 881586
2137 -838316
-683192 943518
-61925 249910
809297 282656
931308 106278
668147 -748359
174934 272078
794442 -895962
-233577 463942
-208207 -489805
551197 -310482
-578889 628998
-33057 -903834
-575140 -143645
287340 -493145
-140774 564164
209694 -315141
784499 467937
523258 -114810
-932707 535202
-759650 -707785
868308 -996738
586367 193095
622000 823693
-229280 -154723
-322084 122298
943172 58692
-133974 125037
867150 -139012
-833513 -635106
-665404 -295088
414728 -976963
898644 -637943
336465 139074
171606 578631
957860 820526
635747 879142
-447994 923344
65682 -391895
-390060 769468
-661745 955073
86087 956562
-206241 814048
-656374 -537666
668214 -189244
904168 -955349
876391 380410
158285 -616001
831375 -232012
71455 -366777
-250615 490773
409667 886593
228348 -992289
923647 -700913
-570950 -29515
-15563 817906
-940964 -910497
-664637 -922860
866765 -178181
624238 621681
-992784 -212719
114986 -515162
302821 -243247
480568 369961
-812097 -349806
979117 326511
743447 -239139
-296040 57074
631081 615788
-3295 -624641
-759206 144632
544663 -286955
-238433 -473204
923562 -217214
769344 526815
904208 483307
-134843 -290752
-244104 976376
-707298 20556
473924 256650
507841 569120
639038 860199
-5012 185597
-943864 710453
493935 -209805
727960 738701
875773 301067
-250329 -673961
-340085 49150
-144146 -931301
385323 -691160
-988113 -874791
758343 407833
-538906 113203
-668661 789218
920613 847940
-336231 -70760
811069 817462
653906 992943
526742 734709
-687712 -945171
358099 -323045
-986696 -744636
111442 -218261
763165 701260
745311 245944
414195 -781893
-616626 -670200
109258 -76988
-832396 629320
510934 -264736
845509 643895
668702 985580
-790959 -605224
338054 542089
-345666 185095
150395 396584
319081 -733357
360205 506462
868740 -495733
366296 357220
105315 132106
168835 -154339
-454298 699068
236570 965321
964824 668444
325431 -403065
-276055 354775
850926 862242
231630 409709
844887 860063
696082 678442
412035 -225640
972595 654320
-393169 -403578
-537397 -257470
181754 -245966
804865 967650
-454706 -218870
-192273 108281
574092 -996535
141650 920156
-192338 -793042
439684 -520829
-751653 806926
78782 61235
-342048 -314717
-191458 -78317
-510334 840373
367228 763778
511027 -968543
940542 546675
483892 -522013
21092 -60499
468004 355600
-358706 -293841
-371985 181663
-40471 -924064
-311344 -58338
471579 -645362
-105289 470222
-947862 60563
749308 326769
-375693 -137925
502338 469536
508695 -18778
492677 -70625
-580661 -360145
940847 224990
-510348 -533746
984119 -900084
-384329 901518
-472187 911770
994085 816849
531981 563689
483009 -86504
-47297 -276267
916270 -876786
-471322 436616
-660058 -628496
843093 213844
595272 -103491
-264955 -939194
27967 850307
492017 -316304
813117 272634
-931377 60580
478396 -154609
-908067 -105708
-562600 886844
77368 -858294
-721465 -268229
706840 223892
-147402 -736622
782682 -48489
879576 -285103
819042 703595
138045 -924106
296804 -128998
180490 631119
581666 379715
-753451 -524340
-459049 947979
853521 410553
995209 -566092
-155919 -322509
-762166 620765
435809 -319319
42031 -771052
-962037 465494
339619 530511
-499579 -534678
-920472 253379
-365063 -486908
435986 935108
775052 -801074
-376429 -712612
209121 433991
-623075 -930592
114937 555767
520292 722217
911492 39379
-899783 708927
784739 -539527
-462751 869455
283426 -964215
451875 -451372
-431674 -651611
888233 -58801
-670069 -870410
-303566 419728
-779186 170275
384353 -361774
-246315 -423117
852327 221442
-598497 927455
651516 -101886
848455 -558462
-535251 -290832
-361169 370627
429647 6831
556756 757481
-49203 525336
35568 388313
-899518 631905
-705769 -449449
-751025 -862590
282736 -188098
-300661 -594002
-59171 -864988
-54951 162617
982372 -188953
351987 -771319
-863023 -510162
-811436 -758309
-481566 -872784
-143283 394066
257780 524783
506060 -957593
576140 -994620
286513 -965674
-332128 945977
-858199 378412
-562092 -552189
-302298 85407
777565 547571
-310676 -127595
-252779 923481
352933 639984
-330794 -498456
-434039 -405630
782675 981274
-642672 421724
9722 -375560
-236448 -661553
-721905 937137
612967 705641
-963919 912777
-507289 -890723
-308242 162882
149613 -546347
142373 685206
800392 -939371
-610989 -793322
-413060 -142889
-675470 623575
-364863 729980
510242 -646189
-151778 -267851
782030 884260
575273 767877
663211 -200230
303126 321344
187051 -563982
431878 -840599
420341 -286548
774444 -403866
-125880 -139881
834634 -310876
507270 -885515
951031 -377641
-815031 -797563
-688106 388983
478503 -338162
-526614 -585631
-104866 302322
-746914 -328722
-309493 -240408
385500 202723
-600548 -715347
-765692 564652
-220493 -546359
525949 901339
115986 -208286
-580688 545900
-841598 -330060
463124 344792
-397566 951461
-644646 -889647
466960 -511521
43605 -107346
798191 -793755
64745 -783332
-319853 -583464
912885 460841
202713 -364395
-678872 -798568
724448 -221614
237797 931056
520282 -658376
322103 149431
469090 -588821
-882613 -818164
-672494 857229
-145365 -588595
-290249 -237317
-237229 307211
-404934 -557131
-572187 242224
673869 -80541
792386 998402
510274 552684
134832 -85798
226145 133606
936494 425709
218210 114625
-434663 -899339
-385989 -831794
-528380 423925
297957 -173422
117285 -373898
317160 867995
-875892 -87380
-847923 -656720
569564 982108
-556238 622118
34638 261025
-45536 222350
-79553 942061
347569 460915
526017 -247609
-970556 537524
-71124 630460
-384348 -618389
953111 -609132
-986127 815983
460484 428898
-190502 78778
695698 385970
176932 936401
-446782 234602
-187771 123502
746677 -334995
-684225 -647492
-446611 213592
-812758 636486
-32499 821331
407669 -23552
677019 866578
-984930 522219
-51625 -596553
595291 489039
-26798 -553480
608386 -862355
310314 -226392
666988 819862
332741 -861648
332491 547144
-779687 -170508
-864709 -738524
-632100 841189
-736791 661585
990066 457912
204854 -872362
751914 780739
460942 -218408
866492 363044
-766908 -888807
90041 -952711
-865540 286823
399940 -984150
-199408 184122
-295860 496499
-537554 -708861
-256306 -915506
-176563 -904095
-717447 538743
904465 69359
186337 -196723
-450584 359087
-904859 613599
649971 231747
-278429 597717
533311 281669
727422 535396
-205277 240654
169642 -729774
341558 767201
-103063 392131
-690561 -117123
735162 973027
-88932 204350
562223 878594
-419042 122133
622592 -258193
651852 914802
-107306 -947527
-587939 172744
-404043 -406198
-833884 557268
889291 -734571
-377626 320032
-28155 392679
-818884 894649
439985 885774
-383860 -417036
479337 -551708
596265 586940
-995093 69053
-473036 -715321
652962 547345
-318510 198924
669858 -535120
-891564 -59845
-854723 209485
-570838 99863
-137393 330895
-369626 450937
347471 964328
-877057 225408
-856999 -206250
-8854 303971
-292708 -872790
-883754 -37498
-278291 291391
-337976 -365210
-257824 -311520
589271 -684896
-190158 599974
-169234 13763
-429056 -41580
953571 -352824
-179370 985081
53758 55561
694105 637824
-544837 -585772
-866696 627352
-119821 201562
192173 100120
155832 645932
-461761 780504
-48347 242552
-848669 -852560
596700 788883
-398887 -980550
497583 242187
-216617 -28282
792516 495141
317897 -879768
39572 -70763
-489668 -221768
-509476 760624
887720 449541
821875 -438994
573878 -90579
-741534 986849
-232767 -839427
-171792 -673671
830505 244686
-926451 -686547
641958 -840628
708511 318804
611659 -199603
-503226 -438567
-747122 961130
881330 752281
-844113 82038
-943401 406718
222801 -975210
-955961 168988
696400 -57084
-578879 -585152
-27322 146891
-139385 -79493
-86880 -397572
-929000 -77165
21739 -104149
-811126 -88516
442835 154734
837433 972344
-661404 -207788
-366476 996676
-156249 689465
111572 -296806
369331 49370
656734 220218
988533 131355
384350 -426872
790830 265000
173512 -484345
406708 -930617
261421 277005
355601 -880718
5723 145724
202378 -169632
416080 -242078
-962461 732703
-986489 -139746
-215889 -526082
491783 371728
-241524 130467
356384 -445745
330540 -730530
147256 479965
-798296 -614286
983607 -779260
-146837 120059
511469 -726865
-45974 -587568
506436 -38711
373369 -395958
-703769 -765763
709597 695320
874491 344874
130861 97489
681146 -902681
888101 -554819
-735663 744118
579396 -856373
931869 -311783
-814911 -861996
460937 538728
-921568 200274
949897 -94409
-299767 196619
-250563 -836554
240500 -936534
-828039 -547723
-14809 267060
559119 88477
-692179 155567
-917249 -162304
-322004 744944
-129379 -61113
502004 38039
249665 -430463
894919 -644288
-177061 133362
720503 368879
-953178 401685
191647 -796115
779094 299689
-199197 755674
364266 518871
924842 -953452
704864 268263
-211900 321055
294068 -908325
959973 71333
-978804 -95477
479575 -433148
-360401 -51187
-22352 -948009
-95941 238179
-619957 -562914
508404 187452
756697 755627
-232136 372412
-113246 361285
231994 468708
-298198 201769
670883 14834
263079 -989608
-257337 312685
-684328 744349
729718 382573
-652879 -440401
-817458 840859
102860 -929030
-573288 160441
-941674 793988
-678656 -233761
-450025 -64473
213029 59766
-73392 312370
-374792 653356
422187 -902337
297179 -526163
851763 -628668
-858354 29540
141089 892877
439031 -386783
-416944 -492071
-860667 -355696
354513 -532092
-554977 -988748
-360390 154153
307105 588566
-138841 360736
-474302 -382890
-317008 -325404
-923665 121906
-736527 -821280
346419 468353
766642 806968
-148541 -411824
181530 -972599
-762273 540577
538844 692422
-81585 268529
-351069 85100
885108 912256
7677 241421
-94442 723279
160267 871158
302930 108755
132201 107129
312488 -896490
363040 -208241
490378 570184
178209 -972450
-20790 -687555
595762 -417036
-239038 855486
274175 342469
-217845 -581014
175613 -813787
-690542 773603
-124080 782440
464974 919897
-907475 331722
-771580 430034
-690710 -796287
-716498 -21038
502902 -141991
342634 466841
396515 138127
-195717 591037
-371515 -872841
3129 -290189
-355009 925107
-850351 -763972
531193 -95398
845606 -861417
-970096 569366
341844 439132
-673199 -638780
-735943 -223688
-174219 306761
284676 235253
580003 844689
80482 279652
961007 -662640
-736905 881339
-407888 576182
120108 -660211
473873 -796845
313753 -431966
-769515 -868784
829996 -180464
-554971 658985
-398711 671122
59823 803659
675637 335103
-796253 456509
345068 28653
-552395 -134336
224198 49362
135981 -199993
-953423 605895
-552761 -20135
141242 -828391
-36769 124683
-145274 69165
-220193 223713
-25358 -470482
-914056 -512057
-95667 506893
968066 918300
-652928 399589
944181 730655
-791760 875446
729074 -806281
-677423 -674628
340241 511828
-629725 -148414
-614224 765494
871155 -364855
288223 252070
-433953 -976379
-12429 -283984
480302 926651
841057 90782
-530279 346798
281639 278330
199970 -870771
-210350 -578919
17630 677519
411074 309552
-169088 -439832
673084 437816
-166835 -220138
535061 -739343
404535 -486554
824631 210119
6538 528271
312319 491196
-934239 411179
-939546 736936
-141357 965923
-509835 -249477
946273 907718
550436 -295565
118535 -304085
-668521 -618965
-195206 -354282
919140 610509
-146467 -481680
803187 560113
-47346 184790
420336 -214938
-171440 246613
-780202 -841215
626471 933779
-207416 391509
146212 -36427
4399 -344931
-710427 -966710
-341906 -90098
417024 -30661
-32498 326988
862852 -104693
690119 -251240
604148 23066
-212952 -160629
-516287 -463977
-305080 -274174
420519 -170258
-668651 740353
-457242 -399922
-236047 -695622
278627 457910
-879413 -766295
619546 905620
480547 -72057
-933890 107161
-216214 -420610
-43598 -92031
389894 -571140
-65097 -67973
621193 -456390
578222 -144293
614232 -640340
-946371 397329
530613 -696771
741413 232132
-130081 -520287
810268 -13255
857045 632304
-954671 830037
-976546 990910
298970 -1974
989217 -680575
-610487 -978305
-809020 -983812
892307 -869666
38327 530349
-890972 -445598
-807636 561185
126166 233553
342018 488404
-574190 555290
-259261 -646824
-404319 159499
844159 59206
-889816 989880
699043 -51725
642350 549789
-838680 358384
-668970 -282414
134388 -99477
-533687 18606
659875 -870460
62096 -766229
26309 824383
-256271 822380
3430 653547
-115995 150085
-153129 -931994
-170533 -208480
-982342 -588728
-37229 882832
900807 -594245
-231877 795873
-924092 734866
146275 -909037
-807093 430529
-292196 342818
-910665 609517
-889483 -49998
359045 -943859
188171 79069
-418936 884785
-412134 594278
-868623 -871747
30398 -916961
668313 626769
244065 -825247
71710 661883
-96639 -427535
187678 -485916
428470 400955
-877249 -688554
-247517 -297267
527480 -674292
-300739 -872183
92257 -479893
-282994 209175
368154 131892
-6065 957853
641175 992753
670929 -901706
-450748 -416452
223295 18017
-428328 975484
-156472 -195808
-533451 558707
122457 -71120
749320 -412142
-691430 -157712
-978250 159098
-685394 909385
410688 -287624
483601 -20191
977972 -908073
-193171 -787451
543691 767170
-309767 -151627
-872299 -617043
-839454 -160241
-923624 -680276
-784021 336684
851148 293049
376683 -283360
853527 721793
726780 -251652
-589651 -140577
387086 -599572
361641 338195
-939399 -900290
450763 -957863
511617 -442187
527301 836626
123787 -918783
-875082 -544760
-284826 952535
316473 -445278
363310 73452
584403 540142
539295 -882923
-757107 -518259
614143 -828786
-189476 -181132
-776716 111462
-220791 973528
212092 -705914
-793189 846529
-202138 120899
194357 -677089
93490 -586004
511512 350733
-541973 -462627
898471 -746282
420450 348927
-198845 -353944
322757 244959
459975 160775
486672 -227195
667333 709172
767898 -785015
-167639 -166408
-846360 -77272
-711592 -160983
834330 383617
-422895 -785966
372541 -623713
-747377 -854647
-940449 240714
293873 293948
-291623 667617
-110993 814636
634662 663761
123971 207855
-406479 852982
601850 923883
627467 -285283
700208 474171
-288637 330794
-422218 -873159
713902 -183158
-440533 651346
-844431 -971588
860840 -83357
911709 802511
-347403 -726583
505316 506076
-321659 -180188
-445210 -651211
-434241 -923285
-475533 -866067
-745363 987883
359508 -394873
-378891 988847
997284 -376691
21497 -245305
731754 79509
-207576 499968
813051 -220713
-653191 633475
-723572 336216
-986407 977566
58652 458964
-234934 459649
541456 -74688
800963 866784
386511 -87941
-688535 -543958
9423 -41992
422821 -58975
683091 -357020
758790 -629285
-755671 445936
917581 762562
-676437 309801
51482 -382663
259777 -456368
823628 889481
-468811 -166800
195513 89251
850886 80048
-88002 -400719
-764474 -229178
211704 -443128
-992798 -437157
-952957 920739
378814 477317
-606222 140695
-802536 -147457
-417882 -517390
939504 26393
-363690 -118299
-810137 -164527
-770939 -123565
824815 665176
-820609 900501
979423 497841
-68447 737613
215633 112495
-408701 -787785
16052 473577
431316 510635
-622899 488008
-182416 -758641
-413146 820932
728354 -835523
221171 48244
159334 948369
828207 188102
640236 278337
-242346 482187
469164 917156
443895 -698712
-83679 949483
-880051 -944576
856255 -648786
-14198 -516390
476963 -203475
-833732 -183456
25148 666336
-738177 237521
890151 -534236
-103127 594940
187820 -557713
954152 727941
-364548 -380188
-510225 283804
-289399 -837798
-555582 -89218
-307359 406284
434118 25217
-689310 716650
-827598 -25244
906463 696637
-515949 224102
-264797 534009
75751 379065
325819 329406
278170 -816654
179917 -238154
-706406 -584315
5943 -208236
-300521 -906273
-535321 -770088
-886314 -636318
296855 513331
399965 -66199
714215 836776
-242353 22222
615432 -226043
476395 625800
605702 -53747
470556 -490023
-700978 -699504
801253 736924
-276074 -434276
-84227 584004
903085 -171630
-698267 566832
467476 227217
668157 592480
834897 -572114
-408472 105327
-671723 -216467
-99459 -588872
-565020 767526
-638350 368848
732044 726570
742152 172702
-305362 -439550
269521 312708
815586 -858159
-304690 606658
245426 -279923
722846 632995
-613773 -908391
-697373 59261
826134 680389
-599261 65456
956417 -752860
-667404 -760131
-811609 703716
57641 -357647
-681161 777224
295178 306274
379270 -156998
534584 -213205
-42536 649889
944596 585407
529943 -134167
188112 -330009
-330657 56001
-538206 335975
-585686 952837
-204058 -185963
-493111 -642692
722293 -448773
-151682 -857806
-824160 640433
768945 -687926
-850061 -295602
212607 -936137
-134714 763517
-433094 -390125
959574 -824738
726603 -226905
617800 257272
-594471 525015
79614 -586068
261341 -276579
-254572 57863
501220 -269825
-262501 -249805
-344331 -799546
-174660 547695
-569176 260280
983867 966903
-721994 -549732
878596 900440
-880015 509705
642501 476900
-568909 292589
510832 555939
-375445 816161
-663852 -209139
783000 -760875
992873 414668
-652788 -120277
-188031 44646
-729602 -721983
493197 924369
-414588 -34456
-315253 -23528
-565445 -337974
732924 -960494
565083 244795
-531714 396983
392037 243472
271434 682663
-285037 807509
896450 16335
-222907 222004
845232 274289
-87181 426264
654738 -898558
-363663 -109790
-316052 428795
18229 -899310
184286 886764
862931 -654234
479246 -983522
-523814 433367
912807 -855011
788988 629211
-260278 220448
65827 -59995
529341 -948525
-893660 -222519
740032 723217
121160 715425
-576120 -241931
-67006 -416270
-490062 -747460
439478 -807794
563772 -948888
-715264 456556
870001 650629
905020 338290
-998804 420117
-656725 173399
-401050 -747606
205214 866308
958666 819352
-452466 435830
202272 -210240
-412584 -959363
673693 190233
-325762 962388
808689 424729
-801292 -859661
-410578 406627
-242975 112351
-842822 837437
490313 811530
561480 -512759
-377086 439725
772217 -331457
-849658 550725
50357 729774
990019 400617
611871 629634
-604942 -143993
762619 299130
577648 842571
83461 -836454
132655 -294485
797940 -63299
177265 -376202
660342 729190
159268 635249
-314571 88245
380470 -516933
-845462 -561156
528188 -99201
-893499 -403565
-617250 535957
-205313 278363
-948762 769634
-305715 358978
750724 -63845
539130 63600
820676 -678620
833912 731876
566698 -676170
-28322 163071
-101569 628684
-948718 -881904
-610986 996750
849244 -367825
797088 -103697
26291 -717814
-989318 -321914
-909456 97153
-596930 -721450
165909 25243
796114 301815
-733896 -525854
984833 -48372
-596885 -751272
-285448 -178367
797777 -4656
-186653 -622215
912866 -141101
112241 688204
-907109 -666454
-984634 617924
-934004 258671
-696044 164210
567969 211436
449936 632690
844529 -780376
22768 749441
724945 -382359
-477587 540284
959855 925157
225465 -976418
361173 -418004
-292437 48794
-290097 -563219
-747506 30936
-211696 993319
470185 -999518
407080 -134225
576183 12546
266051 557530
-211124 659990
625646 -989290
897499 406692
-828231 169183
365954 -625969
-433915 -781393
-587005 66537
49570 -550849
-639216 -45409
-387536 -879428
687887 -194342
543204 -627962
749343 -530057
-155101 -342301
-88329 -319314
342469 -758179
968702 942286
797304 -591764
594200 549109
400198 340903
687642 117193
-780769 336790
-317063 -564281
-672345 196244
-942946 -524721
-859010 938099
917715 925070
941918 148975
-255189 311155
363701 581867
488152 -655796
-752430 -782134
-138641 -351403
663232 813690
210923 531758
83101 -32893
828519 185342
-394478 -941301
-811184 -234100
-496351 48946
204107 404465
-152161 454425
-743231 463683
488620 -326137
799851 244829
395752 -795235
-635223 -115313
-82862 807327
34753 185911
-941442 -943287
524266 -235289
94765 581541
-899835 439440
-292658 -333274
90720 696581
-231914 963330
-628859 566227
-509044 221559
787618 868576
-364603 419407
709676 -413095
-501486 302388
-670819 453285
947593 -147132
743596 -462127
-504772 670343
680665 770371
288937 259949
-64922 -249465
-620673 657746
-279217 451946
-323688 515033
195247 -727738
350877 -344186
-732879 913957
167673 -812948
947925 123623
-246396 -470169
54315 55266
-843181 922516
-226355 -573898
-257276 -858540
-909055 -527099
820622 -200388
-136005 852917
-433897 -199368
-297452 -775379
372845 582508
-315821 -383958
648055 -854810
-749775 -996322
374269 -214487
-239548 548821
-718651 -617554
-345654 178776
-966730 -481647
511550 -816851
998445 -417996
397800 -682661
169845 196650
-444813 -220072
-369106 636561
64253 -835729
612184 113421
281196 906689
-436768 925749
813215 -898629
-801985 -408853
487370 869841
-837128 -455282
797363 304032
-919445 -122463
207828 536633
-880308 -458527
-289846 925219
-220564 747876
-899940 777454
733468 -789338
-446517 245291
-133974 544437
-367348 637846
442001 430967
959948 11300
-7130 957104
-223297 -578650
415074 -193089
361467 -184787
602652 541347
-914732 -27921
-109029 -7196
-160156 -814724
-266069 -575925
792931 -140093
253890 43178
-569753 -176514
-747704 242607
76027 -363826
856796 -70480
791088 474253
217024 -852781
985431 766620
671895 717653
-513582 996131
-85604 -469542
-435697 -780458
517767 -135061
449407 -446700
-808336 -752482
-958346 155679
120757 -286235
-937433 331018
-319714 -551249
-715986 546614
767752 51813
-665999 -135764
-709220 -123736
252031 61834
-697086 434826
212593 618471
-442120 893604
640723 -776750
285051 218809
896908 990973
525266 -182880
-392197 -987997
-71423 -154082
236546 -828186
89641 -293078
-570670 606256
-599323 -424155
858288 -42472
-263702 225541
598278 -587875
-908754 294738
35008 392665
-802298 722640
501128 72546
306011 339744
172144 -241950
-249599 67667
-607138 609956
57423 652798
652198 -420163
-771744 459303
-231312 147055
783840 -19378
88521 -871517
-961825 -618546
357357 708241
-193431 -721367
-388300 747795
274129 234289
-338791 -174832
-390159 521853
22878 323440
-652569 576896
-455187 -397676
612126 28695
-742753 715067
697845 -604969
317382 83035
237283 434730
-648365 -60956
341929 -146308
115606 242145
-375655 462920
-363342 67371
-423424 3434
-615762 -882857
663898 -24943
13148 590703
-229404 452121
-844329 -379650
571888 912633
266230 828475
-820054 205959
-916352 -730338
281850 -827837
-672840 -149207
-67657 50864
628580 -902003
-303271 604779
-981372 318248
715439 -808076
590262 -373443
-992453 816066
-868219 795200
-507675 -896366
-520394 -921326
708704 938810
950766 -644741
-98711 131610
-76440 -512535
842633 -651306
983880 992363
322322 519868
551970 -600810
-484563 -573848
-528038 815291
517591 537995
563036 -637064
415795 -133164
-208267 -382057
-6459 854526
-631793 -67392
-905151 434368
663948 -880276
212898 903658
-911227 951382
425362 -544491
656743 -587518
-913854 -468848
116457 -329184
730127 -81492
-782156 -302558
257914 -837771
402779 737431
-258554 250780
214158 195599
-128792 -75769
-207655 -985023
997758 419031
-601752 409622
-717978 12252
-580142 301655
-100076 -196030
-5125 185816
9432 851441
-827274 -705029
-701474 -145571
-415078 -353941
4558 -456050
643808 697190
-548671 722525
-725611 735156
970555 48248
-185067 702614
-665062 -972521
457428 -571006
-2278 750544
-871503 860261
-566287 14572
526657 44921
567696 788477
-514200 830046
-804178 -673217
-314072 -239729
-855910 384815
282107 568671
-783288 -589176
428056 -686796
138586 -276144
-650621 -887967
-715004 185598
266768 -911926
-864991 -691414
-39330 -970866
147426 46676
668924 -310249
-945544 -642353
-735195 -660204
107774 333122
-13369 -931631
-774225 -786302
841403 458468
746678 848786
222756 -637223
-862607 445551
357190 -459679
-719893 -550690
-511959 193724
261598 -23344
358486 550945
-653094 705609
648428 491587
487130 -739956
725979 528699
647991 294425
700708 385920
385220 -197862
-771963 126062
-648055 -111447
-797271 387611
-767414 946843
-408171 -962342
-93217 -721913
-904479 700249
-458166 -708032
-936917 917193
-793175 -113762
-268687 -58973
762673 914064
277003 -395006
-754479 234435
461260 831136
606431 -216081
-765257 329507
263399 866260
582105 872659
618598 -371074
923609 567198
-129850 -838018
-343465 -599847
-110832 -921808
893875 131222
394731 648258
-61677 128522
144718 -69803
1652 740047
-808543 76220
-688417 -108984
-106512 -457721
-627106 889936
-815002 415835
-983773 35125
-252056 -488615
239285 -631728
804692 -293749
611657 -316568
-329672 632964
229145 -436853
-986988 664232
9497 -467424
-917511 828706
692423 -911969
263471 5056
891084 566969
-804486 -631645
25119 -390706
-294746 979709
661275 21104
-823050 -983936
-170086 -837198
-579247 -480491
-55940 225545
731791 -580515
478436 -677785
558338 -225775
-864815 393225
372421 -338005
355622 397401
204639 663956
312219 -568676
901534 686909
-4841 508771
-254700 -949705
191115 456157
302308 -154818
60969 -744076
569617 -644470
923619 -778036
606911 530046
-420731 -738877
395013 -956296
-336893 -954963
-96387 -388723
-586799 468162
392433 -314155
-516589 -104222
208964 176138
824269 604229
81220 615453
-497222 -895122
745570 171174
937418 761461
-193488 -349368
-740306 434466
-69985 -846574
-839867 -734577
-285603 976917
-841011 235671
-557955 855807
555504 -292211
-927968 -956136
-558410 377165
722959 132436
-30467 -453597
149585 575282
-411052 -857072
-817541 259039
636969 451845
878348 -113090
540850 131756
801761 -877830
-673295 -703464
-349524 -209802
-403110 -431175
-668967 563807
769461 114172
-623240 565229
579224 -235681
-545588 -34948
265889 21171
70931 885694
143395 -610773
-521200 301363
387984 401657
78748 935161
818050 86675
456872 -43151
764335 797341
888374 -711192
-929249 -34968
-137731 589857
-499700 804767
-686042 -461022
-837402 450613
-452843 -998451
-332084 228426
-928308 265429
637136 -768950
-465429 -191799
290643 189469
8179 802245
-300526 977548
780621 768315
168556 -873934
-583265 -115928
-199830 -758256
502211 -408952
289358 -442273
59576 -491866
851912 518168
-624067 75836
174593 340224
-331245 656896
519678 344171
321031 -433070
172451 334343
908477 517468
-498670 -552577
-868350 236691
-626193 582973
729750 -954399
327074 -772716
58215 -833122
-365592 290705
509531 -70209
150494 117796
-608514 91483
-176598 670287
-542730 231489
-714914 908577
-32640 -536505
-464466 -134504
-730982 -924435
281987 -694814
675606 -251208
392964 569830
-901824 -400381
494000 -887610
-727742 -696447
-191875 -757151
47648 -404062
524149 -36826
-281013 -382332
-826065 -745422
-979578 215687
974454 -738685
-951204 813821
-199781 219584
-214494 -672122
-423847 172255
-194095 -270429
-935244 808965
523534 -715603
-396455 544696
842200 -894979
329662 -192864
913484 -831512
-902815 779300
783466 967205
-183084 961525
-434310 679583
371051 653245
-404208 -284135
-996988 -650708
-870737 505375
318654 572642
800549 -291637
86109 -544338
-437080 -406773
923261 -714538
447208 188775
381372 891389
685090 -125906
-417599 -776999
597532 799409
865161 45687
424267 -733311
891679 -798992
517818 -674583
151151 -244479
-761155 -162786
116122 725190
-103148 -952403
771489 -114677
50568 -982033
725205 -888415
168242 613725
-473528 110590
-787400 550555
170793 211231
22202 -730788
614151 843610
232219 -102056
-928899 -903433
-246661 560766
-87566 -901755
295927 629243
-500543 358544
594011 -230060
653044 240823
-237792 380070
899975 -258341
-309414 -745490
-781493 909560
85406 -993359
980147 -893521
80081 975802
39181 -188983
376176 807362
-278313 509030
505171 843467
-664987 450903
211794 -705612
-710624 -875806
532953 497730
-446494 -431415
-124739 316477
727207 152866
669258 -55068
589505 861838
379532 -20627
765087 396864
314053 15460
-767055 389428
-321598 -275268
949925 -453934
-820890 -613094
235926 814599
-641517 -656854
851413 -564523
-57906 584321
-765567 -922836
-178655 27155
-611143 -511420
19073 374639
-798396 884081
193690 928765
201581 -366713
-205836 -906595
-37341 -925387
-93569 277932
323882 870948
87716 243220
178318 -780632
-605213 -667552
-887435 -519739
-449642 85698
-324216 -209413
729667 -319377
712662 904831
813171 -955680
59974 -492197
995123 663696
-952846 449794
-524956 -544135
330718 266543
-940036 254658
-970515 660758
-383427 615654
294131 528785
884018 -514526
682561 563964
783984 872797
-396026 401884
-354879 -153858
405791 -960354
-804525 880884
-145291 -238087
411142 -15065
-90398 463599
-55062 -905727
-387653 -826397
419958 57003
-587158 -195542
117298 -197580
-783032 -507968
436378 781473
141805 794894
829797 -587748
-384942 -711365
575701 627085
501150 234795
40009 -650797
520711 803721
-377552 574982
-93544 -586595
-708154 -348463
-89599 -800280
178130 -104794
903342 -319476
785579 -641040
285394 126427
674600 -382048
390906 774871
-607184 -141343
817530 -523341
842940 592081
-561399 712483
-740566 -652541
380957 -691113
-71396 382673
-275656 374932
536522 -741361
95043 407668
-683605 429067
-750893 918408
138119 134997
173773 868894
-755865 311286
-736874 -61107
-536743 944044
161569 257598
-570144 -149468
-833677 -696135
318183 994741
513673 255088
962495 -596385
-889603 668585
-763251 -815799
685959 859296
-740529 604377
342035 -287656
-170654 69052
-270491 -385506
-410251 -65727
-44352 -76566
-48024 -210035
-857086 -666164
707534 -289297
414284 -72615
-677013 -207026
371424 754210
95504 837125
99247 -11080
818383 -791337
215098 491618
603915 454341
-172286 -90276
630217 -810227
509755 768303
136785 308078
-802404 708107
-475324 682813
213203 68520
77055 -291482
669088 483192
326940 253832
666919 -489791
-349757 69244
814013 -708911
-744325 -967243
-347863 78270
-352607 67169
-723087 505545
-859175 942199
-366019 101773
-369894 -144073
-268243 -399394
-850824 734717
193127 131671
673352 -489551
424204 -441782
509227 811393
-820606 -132904
441186 -169610
101110 -379896
95360 -751111
808431 718410
-923848 -971455
543952 -328937
428396 -390825
383296 958309
238569 -448496
186992 851439
-764607 -783776
777251 916942
628264 -629203
-610157 856045
641188 -433902
-789559 -952451
-715290 -563963
-906854 -407500
-885091 91782
114891 753261
76672 -919837
117566 -481910
-546873 716474
856137 632641
-646788 -23035
477085 40217
-466651 -28956
736061 -591514
-5387 -706278
-867820 682723
-950068 781596
460108 -264773
-53584 -512594
-352608 536274
641777 -462982
116701 -564555
-544309 -292872
120719 -189262
-521434 -752481
85153 89753
823016 -536512
786385 -341089
-871140 532104
-22940 -672723
-358062 495310
-654574 -141847
265790 123008
53349 -927407
-195926 -12890
-364770 235690
302757 610443
355794 315801
-364538 -127194
-503087 595171
801820 -993387
749086 454061
-334235 -64230
798832 -445969
-218303 -789331
-839409 608941
11926 -524795
952413 360023
-718497 -871049
-889682 -103023
427727 -217601
-847130 -476428
-744771 -22473
652769 892994
195702 -434142
-101466 399113
-742439 984889
-852522 -603958
878409 972145
-484035 675786
-556020 387863
-987107 -176831
618355 -236909
998940 -201105
132797 520009
-211466 -134389
218738 635935
-579020 779969
811815 -991955
-466829 -636039
-867800 -134921
264327 605851
-144941 -736970
-635598 -546945
544060 21677
450079 816989
-881266 -560834
541071 -976831
-455413 -9256
208802 -305969
-20295 639086
-682851 751716
584559 -361805
-545791 888203
826498 241602
858304 -787324
-494977 -753388
653518 -445023
-736952 268845
-334084 66983
-816850 854873
-353358 429407
631470 611055
-599756 -798217
882549 -90803
387323 831826
518250 -369170
441521 887468
-176849 854286
-541261 332419
495521 878412
812199 -544833
102908 909994
-229434 -665063
-971612 -444496
50955 871941
77375 -289197
885251 974224
-741997 -431246
-229142 -845885
104166 -318374
198943 43524
-280763 -998719
-294540 375991
-405391 -316824
-560273 -682744
-252983 303718
-524232 -614561
215859 760546
414352 41215
363736 -295721
816942 -144487
943369 -386397
-311034 929430
817100 953040
-634532 652269
875745 -268553
471253 -442398
279415 167037
551726 743190
-6899 885942
-323004 -710482
8117 374709
-181853 28985
-269226 -649562
-689448 344002
336289 721400
701715 844669
-890500 373478
792938 808857
105839 -997910
164485 84117
-209129 -118478
686594 -767929
974547 498134
-426374 37237
-487593 -530621
275686 -981630
-939803 658376
456934 564008
676696 -741053
-122199 257690
405957 863286
159835 -793373
-976166 -788898
925442 -374466
797723 175639
881619 -11359
-414537 -682329
964751 -226841
854135 89674
-364955 765207
828871 246363
824753 663289
-879562 -172230
568365 -151872
828132 886184
-888868 -229668
-358897 407781
-945589 302657
806611 896980
129499 117493
-638945 411758
-763629 301461
799489 910030
-36335 768764
174035 752980
828504 -772463
371102 549579
-841106 -555658
289250 619003
814912 -54827
798855 639105
209760 -188255
-268800 459573
917944 -413651
513161 -824039
324551 -739163
-592039 -205929
893358 90215
-565981 -533283
-509815 998591
-479157 -916537
744012 889225
-797868 128400
842507 -479795
-81081 727474
-104231 489321
383126 203666
455203 -173073
361048 -610231
-744884 -846658
648578 -245837
-175275 -471627
724846 603209
-942379 615221
-717335 812972
957188 -319774
-292823 128510
809516 -397708
408307 -232830
563886 -177007
-313192 -101186
945170 -919323
-107024 -420841
-107060 -424663
-180875 954862
879777 -511998
875837 722920
-229660 782221
-467517 681327
-536732 -48547
-742122 24854
-525898 929811
-181224 468499
-508353 -362074
-920784 564643
-972378 880990
-255496 931539
790108 -627996
-721946 97682
945945 -844978
-370448 171278
822821 474733
865203 526427
102650 25410
-474419 -330373
384465 636614
583860 -165748
587039 -934841
558747 996174
-224091 169314
-306960 532214
725825 444958
-873783 988655
-32195 -238537
-550759 -116406
271955 744882
605852 351011
261820 628922
474454 -569656
-558854 -421072
-850047 438094
696259 310453
-794436 -392827
-73507 394490
-738594 466273
340954 -451642
-399514 542532
205613 742968
699424 -970638
391578 581682
-254796 423255
-400602 649445
365503 -558249
702485 -163535
579135 -34429
324531 54347
-871015 336083
636379 -139591
-204145 659148
98405 -960307
-731095 -402347
-389327 -489127
642142 -189482
99178 248711
-961705 482713
985234 -77957
-220321 -944577
350684 -586683
-505164 632176
732988 -26275
-284075 110788
656899 -907663
35627 335385
275882 -1538
995107 451739
-453104 -318323
-262823 9059
-49586 -441430
-901441 -158714
234371 -549626
-422514 -790429
-837037 327490
-127386 -182292
-135786 528467
-393258 894401
-138075 -412129
461722 -511243
-877575 -355915
429710 -968402
555519 643634
-331327 453326
35024 -269643
-92469 69713
630212 233331
-366617 -971904
386918 -138745
997423 282972
990553 55227
-828092 229401
666852 -848252
-742 135523
395921 -939658
946249 474111
567728 830318
-873118 136810
157494 -869333
-902725 762964
229921 32462
-756931 196143
-926829 616049
73556 -827937
269616 805737
425378 -803722
-174828 -527897
-650957 966405
-718619 -898010
829613 -476420
-634320 -757207
-986742 -83327
-597046 -142963
341961 -483074
-653190 -830384
40759 -381487
-370314 33934
68406 -989671
989157 -719633
965041 111802
575340 -59860
-922641 -769771
-950553 186425
445327 913424
557397 -279991
547367 160168
95950 908814
401670 296084
828182 -897884
721496 518650
583169 645114
201712 951061
-83209 158601
994788 -420264
432651 -567276
538104 -873180
39410 542904
-665550 474778
458893 -298589
863246 -956559
-776447 -526282
497392 296803
-612160 215997
-3549 -341507
781516 894372
-822692 -990728
301864 -917135
801619 -942275
-781526 876352
-862632 -710540
-175820 482303
378919 -11793
343210 384511
-529571 -586606
550362 628712
-215219 501532
-776570 -704307
-311551 776673
303260 -649677
-786032 134006
135369 -845750
-859576 244714
235202 -914241
-575233 -762349
-137483 -551325
-753565 229819
-728630 609176
-916690 -259868
-379719 996365
-593545 818503
-144347 -174602
-264736 -633808
-521675 831044
977273 -110974
-798010 -406917
660494 883882
-58906 -264423
-91199 873933
348474 -577511
-899736 665499
367718 -866085
-445748 157929
-122326 772198
-824080 444760
436381 170536
-901868 -237002
-793161 288075
-685348 925419
257714 -886059
-526159 -957891
420316 608790
-714791 161778
-728016 892249
449583 -50973
-916670 204555
183412 394414
241818 8446
401871 303616
-273710 24070
-698970 307479
-891543 503933
-84845 455651
51372 184864
331626 135639
-109568 494882
-470560 -6101
9580 473386
335254 321278
-800618 709175
-973110 192863
155047 -617637
782428 326779
216709 -360358
625082 834445
113303 -673466
29395 -983715
-616619 -873374
-886797 -80936
406698 -509275
-307431 713768
560635 231442
-604042 -312309
61795 -490200
-694509 893438
1605 190195
617488 -523569
-674194 -826602
-513733 -95951
-401436 -111195
-982504 497230
-264216 -397748
-232782 -9401
802074 566521
894520 -409989
-83478 -840341
-493326 -381204
226882 640895
-786945 -402434
494953 -819090
419687 108827
888904 925285
354182 -269357
-715361 573142
-650830 838249
114136 -35721
-654716 98234
-231687 247367
785871 120900
-306844 973834
609655 -851780
-656648 566958
-933289 -728575
722024 -95795
-752181 -447517
-910753 149909
-509906 -214296
-834549 797766
704169 -44480
-98936 970364
-671392 688848
244441 -469745
474584 855882
-18372 -613728
-200799 -91731
-377469 -472289
-233900 689287
-848627 -193541
-861906 -786437
-599408 -195503
-858018 -761638
-296076 392824
651035 -712380
-270162 262131
809874 849937
-984560 970264
193903 -146186
447367 -668111
177649 861360
932730 682073
-948596 -699389
-67410 765690
982167 676278
689600 891263
919360 -852145
-858462 -170543
566947 44009
909614 -628079
377426 602219
648494 889461
451339 -170519
748775 597966
-2590 231039
-518587 634392
-364921 -926038
-912839 -81066
-433560 -979686
-757899 828718
-140728 -313880
-710069 -268262
910517 -692572
-383241 -812056
941263 349483
-406827 -89930
-917357 478285
700626 -897624
203718 -182721
-848292 -409039
162537 -236656
587859 -621618
109579 941907
387642 623343
439985 599645
993182 -139446
-189459 -640482
960982 -998123
337256 -325016
808965 48483
-996567 902774
203837 598144
349717 589435
-273011 659801
670694 -815758
50490 412840
918383 789940
-145320 -198732
361085 -556566
-484670 151368
448859 -840507
381702 372535
-420802 93453
138140 -561174
332851 -817079
-718609 440831
495888 -126088
-83482 -513970
-378578 347901
-560233 -106081
65919 -117420
-176236 -925299
195078 -144485
431607 348403
993254 125342
482565 82055
701709 572933
812310 911550
188110 -598621
-311886 -334531
653445 -49819
294913 75092
-421989 -258914
939824 163581
-907926 -293373
60506 -761033
451548 362801
365159 -381602
-179779 -456771
52681 -131008
742327 -619395
115523 412363
849402 281551
568933 18635
693859 -535422
378415 873549
-394836 191305
-494854 82483
659561 -544336
-441770 782220
-739938 -882743
-620660 630871
994595 -977218
482675 -348319
115031 -432467
-272367 -691016
419062 -249033
234749 -429236
51368 -699615
449184 565022
-684191 -697499
-342585 -247331
-449447 704641
-330194 552677
-294442 -145777
-176091 -782687
-125415 -878473
434543 399669
-206841 743918
-919326 -773524
245822 441041
-974564 -402431
131561 388698
314515 425368
-12493 -614919
635096 180673
289662 -352548
-245228 -487609
-889024 37800
418864 379385
52981 -926112
-570762 -198367
-225290 727795
-636703 632574
928333 -499095
732521 642643
889465 -417799
736238 -334558
331493 951649
-936846 -368298
949795 284090
-537270 -887052
-589798 -182443
810940 -390457
-113383 -770058
-34245 750189
-432919 -527463
704114 840998
-878918 -903660
-414696 -266742
-298420 -158225
191232 877927
-714324 -733569
-273947 -912562
-715496 -892037
-901239 -237738
-161420 646441
-142135 913755
-18785 -522985
277884 414920
-643708 159953
251188 -694475
-848392 -186084
189209 -363100
-987137 150259
-333430 623899
-763784 -782033
185899 -806616
666069 236327
-267327 710733
-122251 604238
762676 -686576
-83179 524280
-101361 394273
987321 84720
-988941 -154008
699682 397048
998196 266478
-779517 258522
-575187 -609520
918410 429418
595431 889548
-797196 578998
634721 -275356
725584 477353
-131394 -635536
-731832 164190
142387 -993694
-629664 396201
852984 971613
720071 -437665
-321151 -695871
-414163 -446573
910117 629549
763462 -355757
94784 -524643
-187481 329098
-407377 890554
-5369 -790711
911427 89468
-328884 667872
-686912 -369876
31094 -54648
-999029 -607786
-159935 753715
-102497 -622838
683878 -676304
481955 663661
538994 -76333
841929 317069
-179628 -812406
-920015 -145655
-546495 -807010
-891394 302973
-630148 319976
576032 310423
-367281 -886509
742995 529231
-965088 -671207
-610171 -303889
-256628 -179916
534694 521119
927752 534940
666895 -226937
295094 -542063
281181 -752527
-491297 -467965
-52733 635859
862035 629601
992708 -434535
201950 672907
124625 238833
-884047 27255
-447307 -123945
-618313 42169
94332 -94421
35043 484260
-807840 -618895
-597660 862845
480041 634211
744892 -960605
203193 -824778
-870673 44967
842772 429137
382381 -907556
611010 -480704
533461 648508
618171 311545
607189 142728
-428780 -467306
196898 71917
-106495 350278
232660 -163096
62894 -412778
856998 156622
178922 561327
782181 255938
-971659 367646
-652957 -470104
84258 -735813
485399 758148
-254335 90946
-745137 512576
498268 -444216
-963860 -460229
738248 838589
314214 -965873
-297335 485802
-121892 -443215
132755 -455371
21768 -826615
405213 420061
485749 -482626
4848 365955
540806 -211255
-450920 903223
882782 312731
-163747 -767780
-827372 -734804
-812965 -66661
70310 347552
-628049 232445
51195 500530
402302 -422833
420822 252064
162601 -441849
-922791 493169
759797 -107358
-149514 617050
680887 874263
-732489 442436
-509759 -93467
-792682 768142
932605 343622
-888621 589084
766836 26077
-783606 368413
449020 425108
-84453 201365
525990 769759
21890 894439
-461112 -831411
219620 -404283
926193 -261222
814701 -423397
-540940 826276
-277382 787461
203644 608237
-996578 134734
-437912 -365688
904495 691109
-300161 869764
-877415 70579
-72409 919413
7890 937912
-807748 489597
377882 -641757
589375 479528
-190504 593563
-675086 -699342
798752 117128
555041 -610372
-34064 -307505
-476677 -942117
5713 738941
-143000 758499
452391 -127190
-211482 -302055
-838161 718015
123843 -115109
887345 539315
-611323 -526839
-108274 946236
437565 478380
-145676 918780
111136 -927176
-426520 -155551
54475 -890200
-784721 547861
145890 -27178
-741994 649101
895310 293168
-287452 -957363
-669167 283669
634784 981787
-942790 -65140
-928551 -384647
299194 650141
-963790 -183985
-926752 180242
-512420 892732
134344 -226070
-775065 -52156
220006 612804
-61382 -745610
241396 634264
498052 377469
-12282 885314
427594 -135313
-30644 627615
-311418 -271114
-230896 296095
870723 647647
581157 845077
678894 -20068
485862 -932523
688803 -119813
-436569 -395690
-963105 220550
844560 736334
366047 812303
-786669 -804726
856691 89213
-858076 261252
-838107 -835459
-752561 455679
247308 -957365
-310221 -230270
-327677 778896
86626 -519400
-18167 -258692
457994 241331
261800 -151974
-580770 -76728
-99666 -619396
755162 -622303
393720 -353246
294538 427598
-307888 924863
-706071 372825
-132100 929686
822956 -614696
956869 -276156
81132 217794
-577483 201547
-962312 -990668
621036 839497
467087 86580
-916735 461603
-757413 267558
-844334 -247868
653645 950343
-507928 221623
-765259 236176
-750041 -130931
376443 -315450
297483 940778
766671 -969847
-230293 551852
-731991 -831454
555326 889535
348588 383035
806573 673819
-474668 214581
-662413 643280
379761 546201
575158 647435
-713798 111844
287356 238765
879714 545703
-942066 33680
-250207 -704006
-671630 448117
942636 -78789
266577 325525
828817 -578285
-171392 585400
-693766 157013
555038 457511
116657 -721804
593615 801947
306707 659052
575749 -579696
-288270 509640
630363 -869443
88866 419371
-999716 468927
470979 307773
412948 -247762
131527 471258
626282 -778577
-910239 218315
982230 954377
-84052 153613
319224 612896
197704 813618
426084 -98311
-30565 171032
181257 -86803
-829292 306765
-821212 446610
-869975 -39306
637611 71710
-401816 127328
870766 161135
783086 -391744
956988 417497
549206 -312673
-667707 -261426
-327990 -328719
262546 -831431
-518375 -694779
694611 -200337
847520 510933
-370845 -658715
-13365 474562
576111 -991520
764783 -103102
284794 283732
611277 -550380
23468 78427
-121412 891250
791472 36560
888691 -756626
-545243 -794184
172438 -513372
-255055 988216
194361 283881
530564 947511
146823 352647
497140 567502
-856745 -720043
549391 -375298
-971426 3400
-871879 -108611
210880 -407905
152774 758590
-289820 165032
-875910 -150763
-129181 14696
-247948 21918
-277215 512178
205451 -776950
772710 355610
-438130 906755
-217044 -643760
-76014 -844450
-196061 -155438
960715 -969349
-503100 586130
339683 111950
194385 -607881
-347573 -915530
556983 938700
-222953 228322
495054 -28935
-535175 536744
421640 -107965
309832 163736
915495 -263675
-708941 -526251
-923974 286904
-561708 669442
654483 926744
792985 74345
-80409 -329232
455717 -455014
297502 -933382
667053 49983
-878653 -57295
-489275 -8373
-844988 211386
-706379 -799002
-607984 -617458
-408239 -67775
367370 597853
-21452 -399598
-546526 -775681
366081 397689
66283 -697984
624669 -143590
-63599 59373
202544 829676
-722933 -339200
-561200 55774
-723899 -734875
-757966 -59653
-898048 792628
-730528 172465
-614302 26723
466641 -461061
-738877 -223186
-575004 -179240
788032 610024
343102 -29008
-614338 -730401
-539841 -695477
31521 -702757
526999 -984458
929733 -235290
-295977 33234
-16636 597656
-424505 58043
656250 947235
340375 828134
-221343 546789
-586407 -825255
-997942 22147
765999 -468117
-242485 646320
-228011 -838367
-13438 381858
927435 -485259
331578 -958670
-345033 50873
-400285 -172557
359788 49025
63158 291957
68030 94842
-858225 -200543
169274 -46385
-599948 849156
-857854 -144444
302729 808815
-74148 -617154
239633 -204155
649570 751562
432846 554325
480247 406055
-214956 -146648
407487 131305
852819 -932854
35671 -879711
855652 989428
-436615 548557
-660776 690045
-430698 97109
272163 -445124
-556474 78093
-59016 -689291
669145 -201914
906697 948400
570602 -584168
671531 330247
-978523 936952
683061 994797
372529 -112629
-871750 585665
-638803 -133405
435044 -112203
598331 971764
113584 530137
604629 -411706
986644 676900
-389275 69522
779101 23781
988857 -798464
366915 490245
-421765 -475693
363630 -67867
149028 -763022
807506 65956
719301 323031
-307771 480765
-230082 -129042
246608 -804359
-397786 810708
328472 427162
-688643 -348756
979020 -513039
-156993 28546
441906 -330280
962822 491269
451632 368017
266018 32182
528453 -466126
-481686 -385828
99775 -585250
-332234 724685
-376992 748725
-90651 477759
-177095 342099
-879958 -692587
-59025 -954648
742088 -655417
-799776 860042
-890202 483841
-722541 948855
509983 424878
859105 140373
-705222 -103212
-68807 -545220
-715887 -742855
-858800 -408094
719258 -471877
487091 928075
343218 29491
-612217 90929
-652074 766712
237822 -233372
-87866 367756
-9115 -939609
-491466 -949172
-710228 -727221
-243899 -42272
-14287 967819
513547 416265
-911574 191486
-42526 -59236
649446 694822
-719598 -693
927358 -367577
669473 -827643
-10531 -629421
-77971 -963907
492449 -307465
-750398 -410184
-821342 146227
-440403 430210
265740 -326045
619279 898979
-860886 347626
321642 -39531
842892 -252416
-419217 894486
-259202 -952187
-745994 -969471
484949 -207787
-199483 651786
-189093 322992
276553 248678
-919599 -288281
-41249 -110882
-12675 -791881
521073 984843
632551 -662361
342295 159730
883351 -232686
139021 999678
868708 994472
-149059 913629
795066 -374200
35198 680830
169844 -420051
702017 705841
779313 545071
-121409 -996925
177700 -90053
400267 -764261
664510 875078
325423 84682
-674904 651691
-353547 -188701
-83943 -908111
348670 74852
-973470 702370
390742 936721
-203606 669884
466862 351869
878444 975421
492771 -362299
386764 480114
170351 -334448
653696 -99481
-76957 -647213
-536319 885056
-434279 -890491
-301661 -553614
904527 986371
-12751 -172358
269863 -222131
-708546 716232
-556555 357084
-988176 773994
335949 511808
704081 514177
889395 824567
-670454 -537834
-576920 403276
271065 33462
-618996 -264570
-474776 179009
780520 200961
887028 966433
-614217 -838674
936742 224324
912997 623934
-395914 660737
-288535 946012
203525 -848763
-912567 -14015
285196 -635118
278701 138500
311003 514415
423272 -28544
278847 589018
409161 995881
-931888 -181270
141518 949843
839779 97050
-500733 -19360
-792628 118065
316228 547979
722538 -22835
466611 -678435
397746 120134
443463 -271367
-917474 734690
452958 76438
485910 -827768
521363 729525
396190 -982914
-100236 771081
-723876 276736
874371 -206434
-88470 -889512
-396472 -720691
617964 -986747
-874818 793295
-602379 421386
-866620 109348
-455379 -702370
-244873 -522653
575541 361916
220611 -206491
-305855 -571782
626073 831389
289409 266019
-372187 -297915
-900139 -834425
553662 -843506
914641 -682366
746198 905732
605165 948230
-311038 554302
500095 -703825
-843010 561765
-575066 -5852
-290797 49842
689688 517706
63188 399559
284994 -190460
187368 652355
-306549 -105392
373524 -942652
-673032 -213688
269411 461444
-99347 -944069
-625190 521026
271483 -589491
-335358 160390
-385618 720126
754816 -770028
-233790 -946236
-563990 -674736
808493 406839
912951 -929768
-154185 -617198
44610 350505
26629 398467
-931606 61751
-230487 -454457
966681 -691964
-443271 715180
985262 -160518
852314 494995
42563 743189
-998767 322493
75293 -146178
832776 -289476
304940 725793
-167008 158152
576965 -64343
-312473 -380871
303011 -720122
144456 -97021
233411 868893
576615 -444876
359915 -937258
427967 654767
-699681 910055
-255622 407922
747288 857497
-448023 46719
-787107 -864225
-18972 751761
940782 -313647
938507 -883535
946909 824655
417205 855924
674040 302210
-845888 159403
779540 476831
901417 646662
-471027 689106
-797594 779483
-558265 -834904
-387530 277660
216625 -722165
-66575 8271
652745 -40136
388635 11843
854613 -730193
-568530 614849
-643773 -962180
-253816 444295
-734664 -826984
212681 -367189
758546 669695
-826165 108615
278779 -178434
670822 917722
-747030 -169850
386011 58014
764374 881933
532402 -685742
56389 -285851
354783 -802816
-87045 47107
595639 -595017
-175635 712550
-454264 -925821
-500460 809546
696308 -294628
-992653 194453
-445072 169766
389334 798221
-276764 -158928
-18378 40489
750033 -824767
983580 -885389
509164 -688954
62715 308054
914042 -944589
200488 260947
-184204 -244149
-389818 320213
-567682 296589
249096 156403
-487690 -965070
763349 300755
-541600 905266
-453768 378692
-790408 -705156
-390831 -58343
219343 -380488
217909 -136466
-495691 938561
-978469 -522366
-75114 899890
630643 -123001
809130 599362
962082 621296
779214 70405
-920072 -600617
23277 143776
748433 229888
-16682 234727
717997 -226382
-74747 773933
-156794 -342147
424066 -275553
274515 -626952
925544 -883628
203802 -469867
-782693 184069
226375 -687046
949173 717009
50792 858608
-379991 -349248
-292604 182546
62781 -946489
-220014 221024
