5000
-750702 906206
655542 665997
514696 -708292
595187 -624341
-972764 434730
410339 -411446
155250 -828394
-245297 -134045
788768 73511
521655 319955
441773 138607
591491 347326
-545602 187464
777897 254093
841820 -620044
207935 400469
-119978 -678232
878958 488554
-762433 769402
648976 68397
404617 -265829
293556 517144
396907 646891
-786732 -21789
-46854 343337
-190835 -308519
729551 -884362
-817419 334590
-366960 -817631
-530558 759900
379679 64312
-694893 172389
729382 -180184
433941 -649009
363126 -864938
219228 561454
467761 -904265
679298 -442572
-731108 -403078
763065 -196268
-556234 335126
-218890 222110
-992629 515717
268070 -286389
948976 986274
820881 -238472
-172804 551450
958608 -161849
-88291 67434
596091 171386
-319355 -574715
974712 -519731
563391 506524
306735 331464
69704 -456340
-836404 324144
390300 27575
-901379 -91414
-251231 482151
992101 -707818
581150 433550
-119549 691292
599136 989164
669182 -820977
-756084 731618
716282 516407
-604267 -494632
-488836 -438356
-680209 -569540
-162946 -376443
410904 850516
812394 498686
13532 810430
180642 -555099
437777 -239257
-747573 744120
557594 426811
766779 697204
104657 -924527
589094 27166
-245630 -766052
-503720 792013
417418 -136701
771651 -919273
431855 362709
-241422 -524802
-784237 784446
-379090 -950024
-32683 583598
750166 382512
-715828 -437337
-249549 -52606
-65531 -4174
-541001 -992526
-165171 -829941
-147924 692478
-133745 49417
-582836 581822
430949 -554083
-234432 800703
314279 -968421
-350286 543275
-526422 200223
-422173 849134
839550 409580
-447033 891052
85418 352458
713657 -776376
-188941 -271029
-41558 -199850
175438 795659
283240 266489
-489868 -678950
897451 443828
-856423 104678
399906 574617
-938520 345274
-888041 97595
-579563 -137289
573844 249045
-733413 501492
483054 -107757
310739 -190628
99083 327610
944897 -744236
256538 754281
-349116 242799
711529 -786551
-334516 336585
-20647 897748
708653 -726616
741870 -431126
107538 -88984
-519952 731997
-630905 -726094
971201 -209635
848774 -518941
-320030 -744661
-830431 670630
-476433 833999
-295465 -400608
120841 -33986
-341517 -581612
861927 -186396
137878 -17914
-811584 -791882
130133 711215
336226 -505273
-117553 655263
542646 408915
-632542 878191
-565172 881517
822473 -253233
112468 107727
881316 -953397
-767161 988843
265214 524748
413347 692725
114103 401040
499689 -766872
-957722 785687
-980883 592493
894786 -558088
729932 -940579
130428 -797289
283994 -693108
460176 300677
989696 983618
43494 156785
241349 -216524
-225408 987776
-942150 -315943
437948 -774944
-633715 -849713
-613421 -399841
657568 171053
159561 -260149
363168 -927063
159224 -214258
119214 -459891
-656916 630040
-342917 -579736
377076 -216797
561662 474503
536954 157297
364592 539833
-862699 -575830
225488 696515
-380377 796781
-562506 904835
650018 -28622
-294419 -124728
-541157 967418
-409565 423099
-755385 -499200
588241 123033
-850735 -279291
151622 -741058
701723 -678431
288998 -726093
931858 -217856
-573803 -346898
-303751 534030
-838790 839799
-348993 468050
-503116 -348818
41135 -308430
267363 -463728
-866367 403971
316636 527739
775237 -89146
-287888 84281
-971562 -767951
503015 124145
-983339 -618442
-810151 -181078
-39635 -424757
979164 -506979
795183 412804
-568487 -782822
406766 -796777
-693662 -321285
622495 -852662
-449962 -249839
393297 -856712
286037 -191600
-517086 -738550
296881 -501960
-1443 680351
281683 -65809
-699688 343103
804613 -462582
942099 -912229
-42310 -764036
-288413 -766107
384851 -726315
-241151 314064
30526 731771
-84760 779842
-130927 34266
-807153 -964459
-373125 749020
-228631 -775942
-74591 -590055
906705 90690
-744750 293107
309083 66902
775251 241791
603466 -785925
-210943 -111818
794640 841444
18415 -712541
-67735 -535462
-647210 617898
-73292 74398
954211 -477595
-748870 -4019
708632 -57400
-872717 448588
-142507 -244362
641028 -842286
-867218 296859
-52093 629757
626395 69849
-289094 -978854
-67213 -945679
-173633 -976655
998802 -575305
-38620 58317
-249920 195374
629038 -127534
471405 -449724
506849 -688341
61651 640189
-638164 840433
-207989 65812
-84543 -219138
-699642 821754
316141 987962
-13805 -187981
-598897 683017
271126 -908777
121828 703084
-442199 -40960
571889 -592029
-416893 151108
180099 -430320
298249 824206
85938 -84946
-913473 -742459
-330229 295327
-706988 86087
-86710 -423373
-844757 -606688
720025 586080
288167 675307
98579 784720
767249 -552893
908302 475298
188468 313520
-214194 653696
954305 -965404
917046 -34743
132969 -17601
-185339 935092
738324 322221
573069 -483952
-278768 566771
-706415 -372614
568701 727866
-696520 -851345
867295 521510
-555961 -354493
69897 -614569
635702 -565586
765403 -836141
-703638 158639
525247 135485
375869 797561
-919293 952544
374489 824018
-926085 154801
-910907 -278909
589585 -806623
436559 860455
462485 -633683
392785 312124
-868418 151511
121534 447862
613128 -712118
178590 -129148
-954550 -933792
671067 694966
60761 891071
900852 100008
414461 144210
755951 281082
589689 832129
316589 -913746
623922 47885
-452271 -647601
431135 804212
864435 -360883
471766 319647
-914680 599329
332528 -436645
795996 966295
-778134 -178995
947323 -986674
975750 -569708
-528847 -532227
-887514 -114838
172527 -943017
-63776 854313
-214776 514578
-727561 -381686
-914307 -156129
404673 -812638
-269338 -753255
79284 456426
-39027 -892156
-513661 745085
-989928 822811
-217987 -934029
-646797 -32085
-402301 -61615
164818 829039
57696 -591545
-846611 -509232
-535070 795744
-849469 651034
480956 345125
866513 546312
-615909 -133176
-471139 404493
-95498 -662554
-530512 -921063
-560998 -839632
-951043 632511
332781 675918
311428 317142
12556 838062
55514 -755122
-781864 545173
744157 25806
33245 754495
-898396 51590
327265 301192
537994 241364
-418475 357303
-406141 -240404
-909343 -773226
-553266 901418
296985 89686
766977 908270
-592180 215616
-896894 -605062
625698 -599346
-319336 -14810
300484 561840
-233925 62033
-921607 873652
181079 -277893
-747790 221706
-307597 -907244
711029 -828091
380306 -585309
-116 839469
-233219 476427
905963 -787480
941836 -721021
304564 505458
824308 744971
-576608 -260060
959132 641134
-344191 569222
253478 -17507
810495 -989081
663661 -39221
921818 184701
682307 575636
-215611 639351
-634027 -339711
-19193 724190
732576 -518895
-298840 -596315
857884 694445
-67088 980301
656098 710397
-734158 12339
939408 10510
-540203 699756
398735 844502
-918435 604783
-506457 878532
-833474 -721807
-98417 354345
-162819 -559946
-444432 865033
729210 137159
-184499 -683511
-338333 659645
203302 -729057
-163413 -719166
387217 676294
-781350 -300113
-407334 -730219
418861 278223
880060 333856
441597 -818190
607249 960266
-722197 -182803
657422 435885
170640 -678542
-139798 359620
416516 875220
-913106 391168
66985 -703451
-180791 -738150
445331 423736
487392 471210
-471172 456702
-11686 -978162
916873 -934947
-966262 -562200
764511 771339
-332066 366351
23376 -298485
244907 393232
823058 392449
928471 23399
699688 -512318
584718 -520963
-821745 -148924
-881619 -771323
869409 -309358
-428079 26521
-853724 890227
774088 409343
736071 477831
656349 -785472
116191 504344
-328941 -968318
859201 221866
-118322 -620658
-896834 573455
-997860 444255
-654594 936920
-418088 -111099
775213 268334
671226 -141370
782359 494444
386946 106416
-631816 551113
438937 -786388
-879663 270775
-620639 531430
-456796 915404
66394 74701
-817391 822179
810854 579999
-662728 -531417
71334 -982234
-285387 91024
-851956 218750
-141900 999460
415312 -580508
382076 163528
-68934 -307718
-655582 756164
-33204 -891730
376265 787263
-795216 596832
100617 402162
-441786 -383022
4697 -469642
382578 298531
664163 -544044
146374 697704
-395889 261206
326359 828152
168073 -575653
49787 554938
-779293 742926
-823041 -398340
-920348 29314
-611177 -312456
498101 127312
-317965 -742265
-52809 752293
908611 370393
-555756 367304
73793 -300894
-237156 115201
-942804 487683
-850318 -939593
-505351 -673082
-101488 -706377
-112034 -229284
678545 -276447
426093 566899
-558970 645772
-339280 -475815
-379952 785371
774823 -166180
-458469 -995145
503655 -115966
-192912 543553
754690 -9641
499691 -556052
-194921 287873
772073 -388967
229247 -270694
-616048 -520707
499181 474920
389439 298944
-765838 -647434
-340949 243200
-593716 -229655
-560941 -133599
138063 955018
-341547 -201083
269406 -693946
951661 -683046
-437744 -195506
-842371 65748
202866 -589978
967805 259820
-264614 -359768
628942 -407202
512289 -50355
920607 296517
-244195 -447108
875322 -701127
336250 -807060
839365 -214208
-404916 218293
-335496 -458454
-847430 -708184
-414444 54529
965135 -198329
30797 -279575
422534 -434539
80004 693524
-989306 -954869
574932 800684
-366703 389071
-801272 273658
438827 407822
327660 905447
33379 457518
-544096 610536
-911990 608964
-305746 236435
652459 -511757
-971005 -407253
792679 -763688
-309337 29772
-579098 -750181
265187 314425
428411 -929254
388337 -951183
-630280 869500
882266 -790013
226816 -359530
-707751 415913
-296177 -697925
980379 -44273
779638 68542
-807784 194785
-166659 -347001
659940 38355
-384485 -487450
872976 708580
-506610 590789
105483 690969
602010 836594
77092 992040
-210050 -237340
401056 276047
-561396 -33580
880340 69978
293407 -276452
-496224 -476690
-679121 937112
462523 774037
-112622 572658
-296100 -750618
905656 329539
-997989 51160
-686124 -33458
485959 -802825
-511488 -625790
453934 376461
-167723 -162226
370693 -893513
-778793 -563633
-499778 -698573
-159412 335491
-108902 -667227
785365 776841
280329 -296130
226932 966811
195195 -19721
-628097 475340
-665691 430983
-287713 342685
612719 647412
494139 -704699
215326 -724187
787075 -30256
267193 543452
993098 207322
423951 586191
263149 133011
192494 -205483
820513 808471
238315 532467
-776861 393758
-847096 481393
752862 883486
348322 961741
-483906 44274
-956616 662742
-578230 -820387
368816 774679
335297 -38189
856059 100714
40786 -271333
777362 -917331
-372907 -430820
-751298 995340
-980554 769268
-175049 -125300
-616952 222256
821890 418233
404427 67683
-51513 -87039
996879 -446195
-620287 809364
466577 827988
-234737 329216
-314708 -641450
-395872 -190424
169092 -799582
337854 72014
544959 -288769
349299 461377
-571101 542
-310613 786702
211318 229269
-925865 495209
-707292 -506960
-137651 -28506
-529896 -634061
469931 774812
-733983 954387
-385975 -909275
590591 554910
-525138 629477
361701 147273
141470 324245
182988 948074
422442 29504
-111130 880710
-925237 -459474
-827241 -119219
-414041 -846538
338148 522481
802151 352700
191532 -423874
-726885 -30059
-527559 -46121
-444333 12406
-428972 480952
742689 -994234
-175829 575192
-775839 -531113
-333730 430057
459682 -288124
546160 -401433
-14724 -646616
319072 -556175
-55589 -947137
-422048 -569634
-636111 95217
900464 911038
-91038 -964523
269445 -653126
-386846 460625
-409536 656554
-929396 -86665
-55289 198135
420571 317498
280935 827816
-191482 -197519
24047 670162
443584 -219160
-878376 963922
-916389 108632
695148 -128334
-803261 -977650
-394709 872887
34826 876791
-404069 -942220
935054 -476732
435887 571913
-525416 -969577
-437945 359106
797598 -400948
433202 933506
-703950 182464
-145352 -374356
542472 -310769
894046 953813
524906 -6901
-228212 -337396
661064 249905
-674589 960917
-562601 -359421
7050 756617
106138 -980060
-387102 569652
-234686 -828215
-793259 -771173
121820 -73004
-839498 787245
-134570 -64948
826998 -434367
-35639 122819
-597757 488222
222907 96801
-426762 473567
-231083 -409455
-93659 5179
162655 55332
-422284 274947
916411 -119308
387555 971426
400883 -761320
26175 -781771
69990 -490692
301464 722395
-621579 -459350
-818107 849784
451434 631676
104092 40873
-964052 501320
-286378 -99517
-110755 923533
-835077 -411578
-926828 606416
-124333 240077
567726 647886
-210871 -954394
-160402 -915605
-746204 16291
159766 -811660
-140594 792603
677845 -26859
-446425 -249269
225881 -820099
-881434 -44477
404202 -724973
220350 380081
-835533 -3882
375246 -402213
-944274 -811043
-343434 -524113
-472195 -310393
324537 346645
181353 768102
-832646 945721
595929 128327
-533378 -137600
-645029 -813035
-698572 -921066
816021 -497653
-989935 652567
980962 -542244
-23539 810991
576346 -249273
-969449 862739
39753 -488997
155544 -945016
798433 153379
874836 -565677
-499108 -328360
290650 -754425
-427633 -694539
822888 -972193
-204068 -458946
114822 -718264
-141012 187927
-627627 437645
325491 244437
267648 -371943
-247865 -867910
-258240 958893
667135 94852
-977830 945321
-19029 899248
-178183 701751
486116 -784104
13522 -101639
-797965 846546
25537 -301578
607513 339399
-346854 901126
-587954 -576936
-993442 -279630
165251 -381147
858061 -280622
-467887 179057
535078 -241509
-865176 466586
-636122 -662677
-53428 -809356
408762 779067
613919 7931
838731 990519
-780402 -214023
-252699 -999836
418018 956085
-828432 12248
279592 182448
434135 -969723
955625 -89634
-524868 -300654
382257 294656
608163 -177568
343662 915112
-674713 -333747
539644 -3559
-380965 481082
-585987 286691
-960433 -932918
-338736 832785
4455 297193
946270 405429
198063 791125
919161 494624
-69027 426435
-114951 83708
705142 566075
-688998 807433
-719852 165803
-629848 203036
981487 65572
-348162 -602925
-36209 -162818
-843654 -193841
510085 291892
850965 768787
239203 620513
-325023 -518043
852444 266934
-608084 -976659
-795104 230476
-389537 -145646
-975882 -514093
769748 -483546
-909849 -395694
-500605 172874
-567359 -262742
-595260 -536608
-41332 -810978
137682 -437164
-248097 199075
811402 235414
-233590 -402400
809558 3291
358651 -246741
544725 590544
519152 -345514
980750 305673
586848 -996
-372958 852755
-95173 477276
-554154 628484
-897895 931454
956192 -436477
-222065 492082
852861 636783
-795744 -970870
684885 -653046
-233591 -838452
796042 559181
959007 570018
-688091 -818600
826945 -150857
440590 -275373
248256 -13720
195450 163903
692343 -477499
698009 185102
943872 760757
-208772 621629
484614 -113540
926921 -638468
-374169 -808884
-389869 -684870
691866 -864880
-84928 569677
590406 558080
-315420 -596165
-144758 -857024
-37668 907158
-957010 -135379
-756365 -229911
733003 535098
240778 416479
-883057 -560820
-924645 -216713
695227 635725
-710948 -861486
434926 -717437
-316568 -205595
399124 319745
-587801 891835
-537475 149164
593625 -431724
492510 -654501
-416610 521188
-625211 96852
509456 76576
493979 -336519
-376972 -3731
-870810 -617601
734918 769435
663187 818223
877974 603755
17877 744333
85293 719223
-904182 823001
-114869 -318472
293907 636158
346793 603293
-372031 274184
463269 520632
-819838 -614507
-350599 -202617
867326 995380
-858807 360795
-113772 -501933
-339623 542283
504719 835066
496332 745258
-383851 -137637
573814 182486
-144472 157508
192409 622423
-268870 -687457
167066 -595919
-873948 -470780
208476 823489
512034 -295771
-692290 -897451
-994804 516526
-450958 325573
-921916 705473
-236701 887321
-901950 -882529
510001 -633255
330870 -357739
933138 -769670
269167 954319
691798 -509220
-793657 193010
250690 581819
891747 -886200
584188 -662270
788144 -905328
-767235 184734
-808513 -409018
-66846 812856
-464438 -40849
806321 -51417
-613379 744337
-778123 -737381
387542 -770006
-102277 -921896
-828319 174701
-531977 -772963
-571473 -269832
-580669 512768
433099 9783
24730 -907883
409463 -890919
278371 832021
-600878 93584
331669 120058
829155 -913838
-830530 -664718
908711 -75585
926919 859596
816385 826432
38141 130003
564623 -140732
898206 471305
301594 839128
-389996 590593
587543 526142
-672873 -850657
968335 110875
412440 560599
-223065 -655629
-176318 -586206
-606263 512567
976944 478124
-678820 -300217
-885526 692889
574676 359417
-425590 -330438
-747844 821839
223927 -930022
-856699 984475
580411 451539
625204 -412286
-755101 208579
558452 -372893
-348841 -621240
815196 341146
-728540 -811249
996467 -808253
-610061 498923
248166 898308
982388 673312
-353014 119481
394587 -39606
327438 -81513
-16425 160917
-630575 828881
-514605 974792
-4422 -849420
982069 822074
499076 -414787
520777 495174
500021 665917
-269120 -389621
-411657 956930
613620 742620
-983355 768841
903845 -257237
-948699 252791
-870903 52835
950266 -745229
-824569 -860582
-220946 -718154
-345400 -638540
147092 594899
-572145 -940915
-685885 -478857
945943 827809
712301 -876804
-168332 561954
-87625 -288606
-462505 -843091
921205 -174848
129207 -263338
943944 142166
-440395 -551318
-924147 693929
-396981 -405164
-379831 657670
469616 -366352
-116730 -807046
527700 -718332
939427 -5309
647633 270442
-761949 -856307
-585710 273995
130337 -636029
17789 417882
373741 875499
-348432 1000000
750962 126718
390897 -772027
327578 -197344
538362 884579
388515 -724424
-987741 -828669
363025 -472377
-765843 -166375
-121302 -349214
-250881 -370037
75379 469240
775630 944515
-779921 20544
-883456 -377645
-329940 119584
-862263 51612
-296616 357406
587375 -484829
-989202 373419
58270 -547204
317079 -531176
420119 -290495
-408547 336790
-73675 696291
327121 -444118
-151106 441088
200488 -724079
-896809 260742
285382 -332765
-453742 -505778
334076 199325
328158 -933787
-903845 -679393
-824514 -826509
-281666 -103641
585700 -730004
-685809 118558
-120273 192771
-793245 832834
-102928 -914033
-984058 -217387
714123 556282
-557998 -878848
-897260 162065
372414 -209859
864963 270197
-852192 -149432
-525180 884390
416794 690763
785144 -247731
906105 -116981
-404936 833797
821021 406200
-625152 -519652
-454831 -654483
894681 782649
715309 740808
-674337 -94254
-86968 795308
-774731 978585
-60314 -578308
572840 473042
376273 316373
-97666 710069
-917039 -711708
-870503 -413797
503047 49200
-84187 623486
-563464 -474587
253960 -465457
-441006 962464
-82894 -376176
358920 -548872
-722350 -581995
-446295 -820630
-164555 -648602
-820644 -406081
-953082 -403568
673974 475672
881254 508001
297869 -936460
-337358 -936347
683510 -227683
812252 -656186
445636 -326948
940164 190636
-204278 -138242
280628 -464329
-37395 761189
-261653 -837020
-770212 837859
-500185 324431
314681 381091
650092 -504230
352500 816864
-927385 392105
259511 118946
-499556 290192
-128014 534
-855690 -607730
-79720 22384
-693472 872762
-656926 19338
-313965 26213
602601 -158791
269477 428234
426927 819882
932548 -690894
-622012 223882
414505 -401104
-294567 995105
-359588 885493
515945 132604
398986 -574594
965778 915662
776195 460124
-433436 -545532
861080 830612
-776890 -69836
928758 201582
-162827 -102724
33293 -554819
98231 650215
200918 360557
328369 -480731
-373029 -730744
545616 446065
-707046 726472
-841743 275903
-713898 305264
673349 -439197
-524270 953491
605779 877343
-773285 -646853
-985989 -315242
315345 582795
7250 -341694
-474399 -165558
614705 276412
175325 772137
-834144 -939750
980211 372404
-509039 185891
-941350 -447512
-169053 7852
-739756 205917
332756 -221416
788759 -229579
-983273 -198366
781226 -556125
852246 557387
157893 -390839
70252 26674
-327516 -126831
394612 319202
-303821 -133264
861387 -220837
-414392 991929
277562 217605
270306 -715227
-409991 -232970
575745 744552
-53193 -958184
952256 178182
-340427 995659
843849 552347
927405 -916483
-590472 -348572
182192 -752135
57501 22363
-859575 -612463
14454 331838
-864957 794172
-42358 -549090
-429443 -106011
-521553 -99177
-976579 -281655
874319 127758
326612 683822
-583263 564046
-448254 14457
-121015 70406
-789667 155496
-309360 -260142
-722371 -248974
-243203 -758779
365482 927282
42716 -218617
289882 367645
198886 -320733
-580892 -95125
-512951 983765
991667 -417495
-585625 -847864
790884 450523
-506173 -822482
-346433 -270240
-803453 -453578
84225 557269
-264151 664105
324541 456018
898430 -323467
-995984 411027
680555 766084
971182 369452
-281893 -885201
413826 -588583
29272 -81233
-341573 -262799
82320 448475
753188 -527479
821086 818459
411537 -759377
989040 -285516
-391500 758042
-27443 483007
902086 873319
-584709 612117
-278163 -917162
-147342 686512
447741 560970
-860397 780374
748753 696189
-396215 -974631
-170568 290682
807048 248922
571291 439933
241187 -709654
521985 -942399
-870778 -646348
-576603 -818652
403814 168188
-455360 -442231
108032 -712017
579601 531113
625912 -778456
546386 -172502
-227415 -696457
746155 -321859
-170714 195624
-603367 999315
-949905 -401496
980169 362488
-600028 340476
354708 -128866
516709 -661021
342814 586212
-874365 -81399
-201721 530229
-774914 -463107
264751 -533004
-630428 -22788
-999673 75813
-46303 218961
479074 243725
-667195 898498
-265654 -105353
-373053 721830
664986 413152
-332837 918736
-420644 475570
931324 -924856
-712714 -764378
-619690 -501254
-229121 614233
-937618 -413292
7159 -244369
715389 759585
360569 523398
-947041 -180481
-692165 659406
578612 -742963
119652 940828
4815 609383
600439 741307
-341834 -139600
282480 -922575
-303997 371350
720519 32440
906409 708974
812076 935872
-212964 -59305
-374302 -653369
-147181 -54217
-203441 64805
994860 -651170
-264327 566576
-972944 927753
104665 -559067
-488997 308923
14026 861561
-883122 407198
304252 945994
-653011 -853156
81503 -946599
140812 698022
-338105 -109881
256879 -660600
-585452 -747003
-338468 -274485
-160983 647435
353887 62122
915970 250677
821068 -361572
202088 -642748
268088 -141358
642705 -709011
-811326 -930575
-536709 338781
-519062 983095
282182 -805201
-920955 -416413
847590 739566
-987494 378726
756107 -984087
891060 266468
918499 -621634
-370818 -980192
-369702 -160997
62734 267041
-225113 -119342
875415 -926433
232975 111017
-277457 126099
-522301 550384
908227 243242
62157 -122963
-31893 91011
-346728 674363
946723 -204476
-140953 -67949
-328290 161363
-400757 263144
-320308 -486628
318909 -52484
-628534 -744725
-958039 -124552
58421 -506106
866829 257682
503148 500376
214592 -368475
-936186 -984556
-809620 -430647
-452442 494248
912772 9771
769484 -910692
154568 -797679
-342194 100304
640652 -707877
528031 -668989
-212048 -898016
911948 -326156
-254855 -198696
-735945 950994
432794 782990
-568668 842213
-464982 440265
529557 945658
849804 555633
-216066 -897935
311619 -896473
588472 418739
334470 258136
-150036 -557865
526515 38269
514212 875218
-905124 -187315
-156725 644853
586085 -237390
990050 429674
375811 -433566
-628038 -937700
102572 12551
774847 249081
212608 -938710
-729723 171087
-196295 -942416
855198 -520088
956579 548872
57520 -405666
66305 -956628
-586854 -138804
-476814 -730805
-825589 -928009
718065 226175
-350878 34728
242221 663436
-355739 -193450
-339550 -673043
419116 547391
906789 895254
819479 559101
564452 740525
581155 198113
-290913 -313829
701234 34653
902561 68143
-506043 -831511
566772 -410412
-315713 529580
551080 -618651
-24513 729985
-459221 -894529
399119 -641233
96091 994148
251626 689223
-927490 -988762
-744367 690497
-283280 872760
-552423 878915
-964315 610552
-366824 -941732
-262871 503836
557512 -888667
-191204 172537
-135646 -865006
574327 982210
-974223 -884732
765726 879910
-731663 177
466011 -28391
-77955 29793
467276 849908
-441216 712845
-561745 953477
-466073 -917951
-881024 -274977
-683698 971663
353567 191646
-37620 104909
112539 -341997
-450363 -143990
805100 -129290
-390567 -962215
-897507 -588129
930020 -478849
-69565 -415050
-801241 400978
84756 -21921
848446 702302
296768 539016
816464 -851496
-94484 590108
-783747 -144738
-604779 51349
-28021 -474546
644625 882381
-124938 560957
-876833 -150990
-265236 217060
442193 -469880
440941 279378
-770969 -46973
14333 52648
-991951 -549649
-392896 103945
765888 -373284
545524 -997464
-45830 423950
-156983 183759
329304 -995501
945833 -945410
-808334 543100
-396267 790097
-99188 656157
23986 88673
-828941 523123
-348496 -305853
-555214 -820230
361436 780412
-377829 -503452
-312606 871803
-334599 -708217
548922 -683158
236309 792898
-398506 531049
665533 456634
-35149 -541468
-68643 576219
-874405 302277
-515915 907519
-396852 146809
-580186 86246
220773 198498
59108 -59526
151532 -102065
-602446 522166
-216495 406813
5646 75634
716941 -783797
-185164 -647412
-933997 792301
-559310 905588
988224 -739013
-603893 -55022
-169514 618993
-532252 746370
-947031 -481855
785859 -912031
-28364 107840
-211164 201550
-41845 -807816
189054 534844
-136457 743957
-332775 -979987
-840181 -559181
-547534 301925
-920781 686243
-635294 -283016
893291 412671
-899485 399342
9536 -613857
182385 662135
488942 927253
792920 610790
425809 84615
-19 -568534
925137 -872466
597283 722444
-162102 -731512
-696408 858730
110824 -192059
867228 366287
660195 -345602
114284 109543
387295 -437074
-346666 -746302
142530 268401
-649569 922480
901531 295267
484860 -572170
-779536 -472656
275579 -702865
102222 -537142
-469033 917714
-425280 516582
-330577 -730167
31626 -281098
-322179 549898
303143 -920025
-955508 575761
698735 -176444
-714536 -659526
919130 190892
-644479 -57823
38438 -150609
-359080 270301
-960156 -732157
411973 706303
293473 356359
-983856 791677
952411 22655
418789 529065
967944 579374
158969 228878
-669267 780176
522845 -581592
-252849 -326064
778874 87557
999991 5909
756180 -940235
608874 -544086
874798 277380
420437 685471
577703 -957523
-698407 -731176
904738 171805
-743266 -490402
-906962 968286
-229915 416563
-692250 -353010
817778 253586
-8152 -964933
-600575 -373942
-534534 -571794
194338 -963284
-266955 -748130
-432134 228592
19511 -604198
630293 695168
878784 -376687
-509563 881159
277114 -435546
-419751 -619578
-547420 209486
-635599 -87908
-977096 497736
-59628 36265
189066 -764066
-753568 974413
-716822 690523
464338 -483527
-444132 758430
-477055 -929864
495377 974507
346830 167882
972189 -132365
134898 -974116
-912973 475992
195812 310231
20746 713533
-765422 -734116
731971 -940058
193451 -96845
659235 -948009
-610494 993761
317195 557823
-818156 945238
856439 69878
35249 -987410
-275011 2808
672228 24023
-332025 -971740
488383 -733866
-388974 837933
611736 892760
-608869 49794
533046 29393
779914 -783901
-671270 677263
-871566 -675961
-86061 -607922
794163 301909
-918468 788670
717568 698173
893111 839347
-364304 647357
-69258 -550501
-477171 -828271
-781243 -412462
-987955 -507645
873083 718837
-432050 127974
174562 -268095
-957876 -749943
537689 -624846
-208586 254852
-294528 530315
-540973 -732919
-325263 590339
952578 -489305
668731 864533
-866515 751452
-131194 907162
-233162 425564
-498248 -574652
379460 88873
245430 677968
741779 -223803
-856448 919244
-711979 239529
973422 -904066
368287 -667264
471819 -663097
859483 184414
270888 28019
-572690 -813529
144259 316319
386154 -134032
422524 544545
-828853 -321249
302889 -197107
-267531 435954
-815904 175474
842853 986134
511676 -675855
-750830 459529
-932525 229310
-222180 -840827
-609641 89130
-591692 46119
48166 -317114
-932290 270381
-826597 -338461
41404 726668
803935 -207717
57472 -476991
915585 -745595
609859 921127
-300984 843452
-240998 -360515
-523369 -506841
-222039 838506
-5995 688005
69294 707133
-487576 -867763
296228 882184
-533918 -692280
-302179 -234914
-416080 -163946
-209616 387557
162606 8498
-903760 430561
428899 -354015
645299 394245
744146 807641
-655834 265323
-197930 -559271
-226511 -663246
-286669 453366
188324 -347292
790252 680429
245318 514454
-620900 761050
740249 243985
-73192 176457
-251576 281034
826288 46466
-396117 459701
-161045 -206896
713978 140264
736329 242107
-81534 435956
444437 -87643
-250523 501300
-992782 -228898
-974664 661321
-365616 528020
470594 616268
520547 193586
195206 113438
-818796 978546
-641489 -912314
-515796 706385
-522666 -869920
-39276 -936411
753019 -521424
-896300 537515
442810 653347
-707405 -979264
73935 133818
769828 -54762
290732 -556807
951554 808271
98814 394154
-666407 -8248
756016 702946
-257821 46446
-922377 977586
736569 494271
108312 -939716
-975470 -98424
-132345 -28700
971495 -609714
-84209 884384
-883137 955881
120064 564929
-319340 514518
-806308 139832
782654 590455
230337 -870039
-290857 -372318
-496478 926825
862347 967543
-871837 -332875
99761 -357255
-434413 -305833
279673 687937
390069 -126292
691123 913633
837034 232999
474921 648218
310097 468674
-207984 -853038
-291958 -703602
-339627 -854930
879155 870649
-541739 702123
26270 -751384
-452491 640076
-419868 -513486
-402087 181533
736191 -676852
-170799 -99245
-886312 864860
333008 430150
647399 214325
-166992 -691952
847381 365103
-189710 307696
-518540 -462730
-496320 -911254
-911454 114476
710021 -738508
-238261 258846
195104 305050
804464 -589621
364205 -584095
986442 291601
396867 544435
-442321 277222
580759 -144677
-295984 69921
690615 -23211
-338305 -554416
204934 594591
357112 -457574
-227588 849820
436351 536081
-86632 -527113
-347966 312960
444398 778896
-251667 124002
-875280 473165
669317 729034
-56866 -869572
916875 -368237
-153584 -903666
319268 -812456
65046 -136102
398306 -136191
-335260 597858
562689 975195
-346310 854077
-706505 -480243
636251 493643
-742964 -458181
-754441 -360621
6140 787664
-577555 -803637
-639938 278180
-250189 -968923
599272 -162781
83875 28577
517750 463512
-441886 -325913
-642319 -54012
87406 -67657
876773 -299259
-537723 -205788
119516 37429
788140 128547
774628 708437
690458 -440222
-117826 658193
-347543 746580
482218 295860
854453 241148
221590 -911758
118371 -333158
-356719 -687613
-938372 143515
999646 -136037
884935 -869508
-818100 -234594
488902 914640
421010 -613255
923476 -69955
836425 -153701
597305 632491
-714898 -578740
-98809 -922799
-801380 -484249
144720 350885
822827 400390
-855443 -114434
111389 906821
785996 360423
-835030 265977
-692395 789798
-457536 857245
53128 -336410
54737 220275
239469 -561416
206937 -213933
573362 274539
841875 921878
966257 134096
-238532 -817968
188161 -763524
-389261 -49581
-715525 108601
266044 -700278
312380 -497121
-52351 116936
-667342 -923313
747159 602918
781813 932638
-202374 190474
106444 -579902
-604615 -487107
141707 209551
602802 -708251
60460 -856607
145555 268011
419072 94950
270206 54034
-747682 -363989
-511898 -46640
198401 -448477
902799 760264
751854 -801094
-671391 -216651
134580 -86200
-428817 912926
-920363 630475
126486 251774
-199242 -457255
144804 -846617
-748367 424769
-876964 462336
899787 862894
131677 -302685
-952731 -184819
922023 -521503
279883 -353513
-519066 -362896
274579 350520
678848 922221
760095 59556
-497847 -552407
-425808 607035
379054 -984610
-113940 605769
-564393 554341
140421 804043
467641 -278499
338559 506908
-261095 -918883
-505630 130101
-728813 868294
-898375 873850
-36512 341660
-878314 -210393
46700 585727
381656 179383
612798 968830
-263550 456764
-420846 -221613
-387084 -285375
-613162 -714211
593154 -957441
640218 998056
456194 -774029
765650 581501
-876995 59516
382079 56032
-584938 -636646
-130280 -92143
762371 749642
840256 615919
250587 -258683
-284180 -552804
-62390 -642468
-448570 -518532
247171 229886
187353 297546
-343666 805047
-703838 -561827
-394178 735709
-169278 -527077
840477 -245715
946585 -454352
-505194 527970
-43906 375894
-357560 -101778
-134882 385498
519967 -934505
-60109 -915797
-191019 505049
395969 -108745
863035 824424
908966 -203685
-527269 -82559
-325646 617128
249997 -49349
-887428 -177492
643062 -402556
115295 -594440
-962820 -696644
290326 -659090
-668374 667211
-835047 984348
-769860 529752
-188252 -171450
443722 954239
49870 654676
692574 964564
-577817 -947506
708495 -351544
266598 -161987
447647 -605548
422367 769542
313605 297403
-133168 -809741
-555634 -275762
-735258 680058
867433 -469052
892083 491768
-968432 204328
-701705 -158656
-509633 -177716
687260 400821
-839614 -211477
-750949 76261
-933938 -30121
733960 -787610
-592537 -90166
-931139 -613118
-115096 -120905
-887823 -656116
92714 -577908
-666552 977985
-772015 131355
743770 496271
-856979 -579612
-586298 -750141
-924565 261372
931656 -790716
-778776 416290
52477 816890
3764 152816
-440772 227857
647685 532884
377956 -434692
-893273 -940906
834239 -9263
-632420 -358503
586901 -588011
647992 343752
-736322 695074
354898 545705
-798195 356945
713491 -910384
-893444 17462
-200654 -461773
-80162 -995382
450094 441309
471663 658791
332007 -809815
-867358 -841200
356194 -212834
964171 121593
-265354 -307155
-335828 930157
-634794 57693
-994563 -732127
492356 46683
506868 -635866
772842 -335252
82507 673682
-268534 932015
-327579 -585193
356063 676536
-557358 345271
923766 508601
975647 181929
91917 -648000
-638771 -275726
-957562 844465
530655 614571
506788 564149
340637 729135
-805575 866217
16162 -522103
-513184 957914
674622 254620
25485 339252
940846 946932
417249 182850
-644132 -345007
412335 -388564
-359125 612828
-691489 355407
965786 916055
-363387 -707319
-651255 664514
-839920 -822366
-647590 559324
241607 -190230
-641933 -323927
-208167 399346
848629 797547
904639 249278
-840828 742699
-937797 273144
17986 906107
68733 -875663
263094 -701492
-567575 -980543
-682446 -337449
864743 -793754
-3661 -291372
-747170 -62009
253178 187317
-157254 -742664
-191390 -526319
-527403 280384
115933 -897120
-752405 554698
-960718 498958
-365816 -745523
754218 679987
-411834 -804563
130499 202700
-949402 -341637
228663 -991424
-610562 570126
602089 -428583
-116026 -920593
655133 488364
986469 926896
-830247 -971525
28425 699813
816246 139940
25474 3379
-22589 685713
-141257 -12751
-640015 104207
214529 -603356
557005 590606
237589 -839794
-483941 -845655
-273283 219382
241991 -142527
-221236 -496312
293015 -495600
-241277 578479
-203529 -971445
-444522 583306
163521 751162
-975709 838271
948395 951210
-168252 -966145
-423590 739510
-802890 -857832
-206709 -74894
-107755 -362434
178571 -959820
-118770 -591358
419776 -387167
-887688 233936
590636 563097
708143 -274751
870310 207206
814185 -877013
-315423 64345
-104227 -717956
-575734 319583
320839 857281
853644 -780489
-646480 -9990
-813491 354371
-226661 -592062
572694 376942
-358513 204841
-507023 955259
104159 -577645
21590 303385
605270 167356
-68566 -849574
590324 511734
780162 -517039
646813 -20101
-65568 745214
-747744 123404
842054 -867401
234124 -850978
477629 -366825
-462415 842543
-50458 268656
-302151 -189105
-710040 -2503
-621925 -669461
608619 -84766
-748470 -276419
548630 375055
397566 742522
963743 516061
-143567 -188834
-99990 -355556
20701 174997
453120 -364821
-501412 -198731
437472 748571
-765145 -612751
427849 -472652
-650550 451484
428565 -588721
-804865 175253
-448709 -180597
874243 -804120
-193268 -234019
-965302 827225
918864 -792096
229745 -282389
-790207 202090
707160 826027
544994 734590
-108257 -182444
-595307 475102
-43690 349246
287748 -615236
807832 291358
-716365 330565
-232977 -26629
901503 644467
-260548 355266
562121 670409
-490644 -349428
762177 671073
499152 -505510
-964182 -907707
115239 -239772
966373 -815235
226986 854877
578729 595392
82470 257588
728877 935873
-945642 -119392
-610074 316099
-203741 542326
411776 -321558
-829320 -959509
129617 -467396
222424 586802
-319261 906416
874194 -113834
-148763 -949728
95148 -166323
533211 721425
546654 -622859
969936 24831
769838 286586
334098 720710
-551313 -515320
906983 607253
607295 -403640
-237968 -159243
-904353 -322039
413311 -142495
155561 -268454
992716 -539433
-543407 -742782
380655 -141277
666550 112304
862298 20222
-728424 208516
403159 -511986
419530 194831
-543464 -479773
-521479 571826
-871510 975024
811610 -621076
-11639 -301776
330047 -646370
-296770 -191556
307498 -308097
-499521 85524
571211 18282
419667 667200
659805 483616
-59953 -801269
-894956 67817
-923451 976265
438514 307993
-282163 332966
-123581 -902590
822126 -104828
-610321 -60214
-881118 -249369
-681233 722824
-945056 640775
-638978 415197
580406 866628
817531 49274
-723422 343793
753669 -258509
479734 579621
767260 764957
809484 92465
925232 -20810
-983102 865507
871047 -676402
882740 -517319
-981620 118374
241527 706549
651779 421204
-853186 658039
302493 -596159
297688 499784
-811158 -712749
-420131 -133062
131741 -366407
512587 -129207
950855 -320662
92689 747164
942745 610318
436353 766829
850345 -864558
-51705 769333
-185064 526620
-949068 245274
-291962 201158
554469 -461737
-420049 -725949
-866609 432374
-930829 95704
332805 -272088
397476 219771
31185 485317
-572377 371825
-349539 498595
162297 -159886
526104 -361936
570074 -153532
-299095 -621185
-851906 888763
524379 764910
859802 -616305
-994934 -5911
362049 429838
-162683 -662053
-556713 762830
888556 -215213
-287727 -246576
161996 296076
-391070 708588
-546545 -712730
306034 807447
55631 337621
201409 -565761
-444242 -892198
-996973 450449
-700010 656789
41702 -813827
165301 736161
-650964 453293
807675 989091
-656090 -283310
-167242 642736
-516744 332537
696855 312617
-534070 400111
445756 220722
-609444 -495160
443484 -993937
390616 594772
-708639 568309
344265 -582798
-618421 116969
4368 -527240
659159 720005
135624 -459387
-73778 -914111
868557 -492386
626316 178098
-736661 620221
-403354 -481996
630977 565765
106342 -448539
223247 -938822
-756129 -659900
-696510 -245317
-705720 779560
-927150 -534242
210553 -496998
-608653 -515049
-25526 650015
-380351 -607134
-830252 606130
172159 -843106
-390064 544609
-881387 -723989
-623157 914729
26296 551741
-414619 933721
-503038 341480
541652 361176
-137195 -68243
118122 -875396
-355545 -286118
808783 -676020
-493423 -128955
-102695 -166941
815327 -998140
855372 -96519
-311957 -81646
542649 -979801
750385 689884
367375 170724
-836217 371442
-141937 442469
-769584 -392205
-354917 -550870
-276351 987058
968877 894414
-426555 595596
-834923 715542
-515111 -108688
427073 108865
-455352 374250
-662260 858049
629549 720791
812521 956256
357619 -94219
918357 -740276
-954376 859383
831171 -671304
-215013 779928
426533 522696
-681583 711256
-675287 -511814
-388779 174143
-493229 -36999
161390 128437
935171 -465319
-385839 619107
-368692 264629
485696 471683
-649394 620820
-352472 -627201
-964600 -895853
349511 167881
641304 518597
-649006 -561907
856574 -845500
681180 -373187
260852 -422654
-934757 -49584
-211953 -728635
-433458 -403091
780162 746181
198824 323216
-713590 683095
-429393 -681574
747769 -589400
-156036 861521
29414 581469
-425424 -427474
435938 -639541
-104512 803774
-788510 103940
-516843 -946510
-851402 -799743
604147 -904160
652316 -843745
-737329 -872640
-382253 286568
-608646 -783409
-492260 -552150
277513 -339891
665656 -60745
949102 -54629
57125 592008
-561053 179662
726643 -443179
-651269 518663
102665 -509489
-951148 987185
162907 396636
446985 482915
-968201 235531
-459268 -276968
-959508 123277
310517 515027
680982 850031
574388 255755
735663 -118581
83687 3832
938535 -304381
150865 988195
691557 87203
-214804 123924
647696 697831
-72814 -25687
73806 109159
833314 125012
535662 -984530
-230718 -451115
872464 55257
74610 197053
780778 318841
787425 834616
529991 -521754
542724 14126
-428621 -939032
-757526 -541679
963343 888886
697428 -494127
-756935 323122
-364539 -107542
-664864 547117
63694 76863
-84488 -233595
917171 -88368
-382021 -760684
262102 226449
538214 -265422
-423754 825002
454664 -27321
812383 -867542
-105069 564561
-18117 -870196
-965067 -900089
687837 698347
-882760 -523173
-229751 -293514
177065 254335
-680073 827557
734279 -979398
932843 -504355
859705 -802958
249920 318196
717757 -940028
412223 666210
538636 939529
460556 427575
609735 540781
-416865 -953992
843603 541736
726264 414440
702000 776852
-382000 170010
-144425 944249
115343 674025
-330980 938581
-326303 -45663
-539659 -10117
368631 -937229
664487 -492332
-825575 74406
780591 290374
129163 -656651
-101269 -283369
522533 -831131
297343 341048
685951 87331
16291 -201945
-756552 110144
-408546 -916610
-982651 657476
-895773 -54399
-240049 -501913
-544583 410952
850198 193845
-161065 -444712
577910 -403681
139455 39559
-293000 940943
739034 253825
-182416 -514726
-480373 -995800
348549 729414
917991 -128088
-397430 -526859
-264217 -985295
-330815 -832031
-826474 -834216
-374799 -438889
333259 516601
-869983 -523427
-288118 545611
-446589 -256926
346279 -720830
-345412 -834494
-23420 198045
747873 117734
325636 -719461
96497 -740251
-70988 714420
818320 -35983
-910626 -607140
821823 665681
-661344 396545
305138 849583
533474 -165788
-70313 182142
-54576 268994
-141621 516896
590908 -836557
23508 -532703
382939 191824
229866 207115
-312059 153105
-629553 -393760
958264 903292
537589 754435
-962469 -812993
870733 -367603
983374 -293731
917326 215860
587290 420233
503072 254947
574606 -455993
-992514 -35567
319083 615016
-766582 288582
-440216 -901893
-238632 239134
-760026 314477
-998927 383773
-17839 -876479
887361 -243893
-970177 359063
-312774 -494520
534726 478985
703880 -763707
-347699 898847
-116511 321383
-236243 897855
-694689 -217099
177444 651906
822913 -768714
-719389 690611
-987954 -751038
78519 66356
-166256 304707
-976298 93166
686110 939503
-415513 911384
-859451 69462
223850 -5733
148298 -404783
-486683 -478709
-160083 -283381
-476648 282624
430774 -144696
-335643 424062
-511735 -58273
-933525 -580064
785679 -999340
258505 -342386
72623 -285606
519377 123385
837287 549235
-557717 988480
236983 -249912
222387 -34217
97633 -96947
-307134 -580823
744790 887502
816410 710568
178649 -579915
-760266 -503486
783948 997812
532488 -164715
836758 -718840
982023 44756
-198608 861954
-640856 -785812
-117346 924828
822334 -539787
820074 815376
978859 612623
692882 664599
-128181 -390101
-673418 -417261
819880 -569794
-896068 388037
663286 425466
-163263 99041
871998 -463417
-157908 829490
195304 -970955
-244486 -315892
375677 -348969
442424 571853
678672 -697066
647127 -327965
986537 687551
975316 -392626
561410 689484
763018 226102
-4672 -185062
552004 816764
-225042 984455
-479137 -621414
53911 507425
791579 -303011
628023 -759530
742684 -572176
410805 -714695
327274 -127097
-422401 -740517
-242580 346065
641195 383669
-610099 875873
-460992 -544491
-266439 -318210
-252577 -274985
285689 -462629
360589 -426264
170364 811101
-106701 -413852
335219 -616095
-616038 677131
-759903 29471
-618733 -139233
-241340 -393906
-345179 -49600
-21098 652021
-414663 -282245
-973281 -71041
-274689 -518922
-655135 -782459
-383351 -633882
522189 547173
112904 549492
-444155 256836
99895 -600478
-64351 -472319
484794 -317920
239844 -747811
-615126 -271149
80353 -576575
-374824 -627189
134135 833289
-329714 -383459
-215627 -754443
-925822 329269
-172516 -168527
442876 -62316
240270 -43436
-506220 -872598
-564895 -677964
352602 -937913
-451708 -356180
78183 625800
599621 -693381
364915 -924899
348062 325004
751630 727275
485722 -893130
298100 657660
-974151 -577789
-296658 -973758
-288010 511332
814214 -41183
-639834 -87668
90237 -803552
865217 257979
746716 -680719
434118 832242
-320505 -221628
891535 -873102
520092 -218277
414393 537609
397009 303154
547101 -448383
-682515 -331299
502475 3664
630120 -645332
489328 53679
-176372 27990
-310451 780233
-501692 245590
44235 -74251
-33521 -188472
408362 350889
-219768 844423
601080 -914110
-163723 -566002
438712 -194906
-968038 838433
-59885 -385009
702596 -186782
216280 650019
-733884 410739
-356988 164955
-837935 115289
-669743 -479384
-104900 587284
598899 -967394
505016 309915
628607 -51542
228481 -949231
806518 355150
-810995 -569514
310483 878776
571612 95914
-103965 -669282
-361889 -508219
-932516 -869186
-629293 -593573
-537594 96704
-41883 -401615
-566439 55913
-31959 236242
718806 837677
289716 -611796
161882 759996
-147606 388470
-265265 670379
80393 764182
-834919 -498684
999376 -427093
-917166 930488
298547 -910420
496027 233723
872635 -974646
-974993 436753
891073 381188
-185753 -582229
-38330 156602
647482 526290
-245639 572487
767830 -806017
402046 15447
842485 399629
443376 -452160
-207731 702155
651838 -596627
-466215 -191331
-898602 574124
499314 -45396
-11821 594952
-448776 885624
722962 -493962
-529948 12739
-544180 316479
-513548 540906
41479 949901
-218405 422732
598491 -458115
-222401 -202207
477625 127590
315506 -212122
457129 455742
-97655 312979
524473 832792
785356 -245751
-86017 -226639
-789077 449679
358597 775542
986156 -520031
571204 313390
-112018 -828642
-388387 888480
238343 936418
-823716 57393
-909010 -784113
-323190 -623693
-409041 -84204
143496 263997
136138 -855574
699993 467794
586035 -769244
652742 256636
-343604 577445
903887 -440577
258611 -830762
-2492 96845
-74832 661206
-627545 419514
-406766 -599301
153176 66939
831655 863427
626653 -339430
-534476 17791
702954 -265097
-685712 383527
639738 94145
-104749 202972
-265994 981638
889082 -457489
954975 110804
521396 848173
-607393 -503281
-77565 -683927
359 -962442
-238040 78757
679656 -229580
-153814 915653
394240 -475871
-254057 -234508
-225403 -407284
-145489 219798
895778 966474
596286 262263
422916 720765
693108 -931631
90420 296027
9290 278121
796892 -540015
527040 -696030
-454576 115855
-544734 -831421
4538 113752
-2251 241917
616644 38027
844370 66029
-808367 -697492
762301 793586
552048 -697313
727659 -524147
-614114 -8101
221533 757040
-52017 429165
-854465 -162036
-340256 -280999
-179519 484
-43214 110939
343636 -126042
-614888 -656224
-18198 -117862
-915486 -668271
299020 -991703
175907 -215465
-162401 -203813
-78352 772287
236648 -138515
-882936 70096
-721158 -919509
986113 722038
-324253 175704
885140 -741621
508480 804632
860231 -375787
128067 736226
787067 -144734
288593 530982
421521 -191932
89921 -501930
-55408 -954295
860473 -8232
270361 -281755
-692926 576088
295370 970373
959778 -580543
-960465 845665
680630 973275
198687 -857771
982419 -536281
-965148 -505618
482754 95706
70856 -137837
-114136 525749
-320250 -704689
86947 -547018
648177 938779
-558129 426302
-946392 889205
-277894 278862
102750 101288
121233 855004
-736537 -417230
-128456 -716949
5630 410034
489333 720080
-621771 413876
-744980 405641
-203096 -815883
-245478 381558
-257178 -230809
-994943 -76123
664071 -547243
-517104 164704
55759 104039
-345142 -700853
12165 -137053
-882758 991343
96168 -918561
-599460 434447
561767 895231
-585178 599781
103453 -558336
-763098 722276
-50783 -60101
-27768 481768
240016 -823673
-852973 160151
595079 214313
913363 366277
763845 -444730
-727210 176144
604715 608646
-131448 -358146
83243 99310
-983614 -563258
-532685 262991
-935319 -961345
643242 852926
261045 266276
454975 -6015
913841 509353
324237 233077
-39245 -553885
-657692 848898
443117 -812265
90791 85890
51430 457829
-793597 945050
769381 -97588
425607 -325813
-995197 -767561
-807156 -668728
875192 -851442
-921953 9122
-862307 154923
490716 633405
-740307 -611695
828043 642673
268099 -479314
-251227 -11630
842422 -28241
-110440 8380
-425957 -262940
-971355 -733772
313388 804140
-971509 734534
-767657 737448
423288 446707
819263 -733833
-264015 -291844
121315 366567
709084 456936
-957302 -304473
-359778 242734
-202935 -755958
260067 190974
65380 -961637
-196862 -661035
11354 -170799
759749 -593968
871102 -299292
233026 297146
676899 -203317
-251420 824732
-663726 866455
81915 -544932
895111 -154323
889769 622182
-503356 -363796
-29291 -465618
432671 -864291
-107427 474460
409067 -675551
976093 375994
241839 877320
278063 -542516
-600780 51708
596428 -230354
-645168 -752431
-105974 118196
573519 -501162
884754 93149
959345 940532
-522307 -811759
-652193 103061
662086 779649
-238802 885274
-105307 -519955
-490207 740839
-556208 305139
351082 9409
-803098 -737762
-154982 -83926
738588 -53846
-33447 106291
268032 928842
-285279 -419049
-985042 817706
-326907 -80199
-753587 -176306
-740365 118861
315366 832575
-962477 -576189
-581138 -780538
70231 -983063
18628 165603
-235880 -131416
774123 -572026
-954276 538260
-708476 5766
-497644 678754
351968 -294430
-560225 131045
-21426 -334952
488295 -671714
150768 -925231
692136 43301
475756 73605
502961 -525676
-601624 -618262
-726904 -188194
20863 513564
-704747 -957791
-756582 -662423
360689 -827047
-389090 85030
-29200 129861
-438250 108599
187209 -292142
-484699 -192401
-267811 -252805
161642 -945962
653650 553308
358504 -193754
-521972 -73547
823603 -358442
-375883 577580
-434583 -74322
-997135 461133
-661324 927947
187999 -234259
454793 -652036
-748043 -766571
981833 -351163
-874954 -419052
132803 903863
209114 -786507
4509 876666
342893 181962
567440 -137426
72199 -302210
951504 -199931
-519037 783192
939466 950436
-934136 -60529
222844 263591
663609 -340932
-807462 932277
-397579 -291872
13773 -463707
747951 -146229
846257 387434
100772 693414
-987627 978792
910225 299638
-113902 -235200
392202 -182242
211270 -713431
554605 -413422
-356060 943243
74376 183830
489992 -942180
-778195 -159702
286767 -269181
426992 251360
-811976 556379
-373130 399615
-518760 -417262
763136 524169
-493061 193142
-166922 802570
-964639 -75611
64277 460218
663927 932409
307579 -630399
-811340 155905
103862 223088
-387412 -604369
539626 -328654
45006 555541
543147 -376441
-239041 -685335
770541 -728400
812712 -539207
-777135 -487455
681248 -954999
-875017 -159313
794685 -895766
-596134 590442
178586 -18696
-418241 47144
-586911 -161899
909860 147609
444080 -419198
61155 -850372
-219910 -56992
-990082 -85509
-73651 -721459
129200 -520132
-995940 -624575
-27004 -590389
592496 -988888
-282561 -837060
483758 -123252
359931 390790
823294 -627730
326565 -497325
-977017 -100426
916684 -712291
605923 863587
552323 -769133
-855399 197737
-538310 613361
-348648 69966
-334251 -66416
767794 -760431
719019 -295523
789881 373355
-123442 -720865
-156440 -252733
265502 474159
-925773 221009
400380 842934
136236 508940
-153739 -885410
-765067 -456400
-446041 -764616
580699 -58695
-485769 351845
-698454 -235564
-461728 342201
-562830 36761
-749894 770094
738308 -907074
814570 -792024
-413082 53875
489010 -56877
-448020 -208933
660269 -83641
547223 -474633
-612052 981779
-226523 -949128
-457906 -471404
870258 -771560
485400 981234
125797 -690423
-223082 980485
312969 -509164
217367 -619654
-261277 79088
535778 -229539
-508961 336078
-509483 -678888
906711 872293
-122770 -694367
-96731 683683
-456469 -566212
610237 694607
793004 -461029
714021 -147219
76096 -485202
-319581 809532
587168 -931122
-210183 359844
-900465 279250
-184350 -981773
402250 -811789
13593 884191
941116 -457666
-240031 -366403
-730840 -151150
355133 706925
-81355 875230
-727991 999807
466679 -417553
160422 -924945
-16652 -33258
808904 -962613
938158 570774
-549353 -419381
557584 -709006
275037 -42331
559243 -42242
48833 498833
-51922 271628
-66788 856296
917829 -995621
-977672 95639
557778 -611906
323451 -881516
-431284 154801
-810187 -425446
647958 -864931
-627087 131468
-224252 688362
-763980 96052
54143 -242539
82971 177683
92512 671133
-500192 -82174
65965 226038
-154243 -120229
835583 -61812
-262354 715586
-360000 823877
-13407 -937504
-478945 376873
814707 -865889
508871 282284
-696441 -441630
427884 -422817
145522 197062
-184691 949226
-482612 447880
-949038 -258564
874310 -569328
942300 257106
850412 -472122
-951405 -728322
596706 -469503
174526 983532
-54171 99605
831752 -987971
-568520 809764
658914 -957706
-166388 -582590
499467 79325
698146 842351
-956751 120624
600436 690198
-579290 535249
530135 -318557
-233199 -357339
-499159 143592
-460730 -921067
-680371 945907
789254 -470640
117631 -145847
-617418 966810
776343 282342
-124216 683412
841450 700820
662168 151948
-2522 909190
937711 -817236
-525995 636710
25807 -897039
751412 -938197
946421 -393379
-786140 -402475
784901 928282
-473136 937889
400061 -329818
-567660 -88138
878139 -286394
-306490 104963
-932029 792032
-354327 303193
888814 874353
-306798 758658
-194775 259703
-17191 -687546
667714 -68314
-690530 424001
867642 -169629
-916409 740233
-927693 -205769
947114 103610
-782419 -118940
-792838 -652405
789849 -770955
40911 161398
-441288 -726597
-717974 -287349
-916632 567581
874464 456067
-367165 -944723
861875 -556730
835003 -143833
467937 30992
-333745 698969
-345845 -954864
-688413 966489
550497 -342295
-165087 -726083
333702 -49121
398477 -27161
-748517 634295
-726880 -509610
11722 129616
-594218 603164
-566483 -569478
663671 -536244
910350 523965
-230595 -956906
614672 -684359
496070 4166
946935 254410
-454891 981331
480480 -513415
452754 608905
236816 -42682
484766 426404
54038 356645
-486232 -64095
-648603 -157072
304946 -354361
-934975 -445761
844694 -201833
-530860 40289
-572382 989981
947142 -803343
846649 553568
631223 621094
87439 945100
732338 -960245
542475 638283
-428612 -669400
-69150 850909
773699 -811158
525795 32094
743090 797674
103473 779364
-148165 -253067
-362169 893632
-968447 -172021
977204 236796
-165334 521223
-315796 -302702
-504807 -26015
-794442 989749
-984929 878349
-305589 695705
-185656 -174520
492031 -840859
-665894 33212
928356 640422
187955 -681370
358726 39835
10681 38294
-206679 -572366
322239 -874997
-448050 -75380
290214 -648224
701936 -758046
-843822 924853
-137999 313886
714750 -788823
-843338 -965971
-837076 -199834
-845915 -402075
897261 235128
184919 650011
-814755 -149521
-143825 830796
-342086 115094
-41793 54518
777050 846396
-112415 -619516
-284678 -310300
524573 503422
-253158 -27393
-875691 615997
-28615 -581329
-871209 582115
-531338 844769
-543570 31159
-976650 -94673
-174902 -230011
-715415 -903028
77850 995761
320202 451570
500977 251882
267021 324148
-940222 653496
962320 -122641
-775971 642621
-80946 570150
35913 251433
-135091 -499795
750829 -428583
-83652 -433150
888181 695688
961124 -948834
-277966 819212
-938078 -648580
-671158 -99204
-752018 -380689
-475814 60940
751810 505465
837663 -780758
-251670 957973
619006 -817417
-795017 -402336
819882 188918
275863 -678268
859821 671389
763011 849541
-868445 96932
-547416 -686813
-420904 -59625
836015 -333388
-899405 -239663
339042 441751
-990537 104689
-235106 584102
599940 -255296
-540593 -57989
596512 -968217
-964157 498148
768401 551862
-347819 391667
287114 -780163
819472 -801504
423602 146978
-753305 593774
764311 -147311
300766 -918344
518499 -115249
895866 -129123
193433 768275
-359227 480861
-105175 535976
760776 729566
754192 732204
-846774 808543
680477 -692003
310911 -731210
-308340 -43787
889104 948349
462783 -60941
549896 -751371
-364297 584631
257996 232865
271493 787118
557385 -522144
474091 -148065
-711490 -86125
803469 -125692
381330 47365
682813 -574530
-898845 -427965
-411603 300895
-334944 852094
-651813 271068
-943909 -169172
457641 -561776
325940 198552
-626232 962370
472573 -11077
-721052 127283
93640 280130
463159 -510548
-833606 525077
437849 -692256
416573 -205321
964633 674646
196364 -676506
-554794 -696137
-537797 -835655
-876089 98397
-564503 -404719
894901 497017
-810031 -818026
760251 -344678
363 -499111
-53779 -299776
962554 -727113
668896 556881
-618455 -480389
583017 209433
-106748 785083
-717908 455584
403591 -614856
-434658 -545486
-770804 991191
-812619 264869
488281 -758757
-570115 -146234
427987 -421965
-576853 -785125
-124462 760173
330139 250486
431107 432683
-39932 -872175
841539 -400834
-406058 337373
909148 -820892
-477474 13737
234788 -878322
270951 -818801
896633 -966421
172060 -418288
-739455 -288633
487690 -642469
-725994 -744311
-528812 -832923
663034 105005
742316 -216072
-127186 563761
182984 532691
95434 -416748
-258402 148996
754760 834857
998465 296141
-637874 -449563
-195145 256400
-545927 -749496
-894209 -309461
78610 -927978
-8673 226992
-767941 191287
544924 -748927
-712022 427157
-490211 -337701
-380833 -184377
315521 90428
549669 -577387
-674251 -682247
704363 695124
-659632 270149
548078 991171
310763 -640311
210737 -902727
564327 -812531
-789198 -61273
755295 -73166
544775 -828344
-255933 -418785
506643 971816
-939804 910971
-555039 126506
725082 860365
-701110 122982
397847 -647520
655687 -874220
342913 576360
-113477 -622956
-153819 934015
-552427 59822
392767 543992
-118229 718643
889505 -182687
-987709 -636369
687933 -549467
496655 -976348
-299028 733316
4124 508894
-166800 522861
143936 547063
-903638 628550
-57276 -849346
776346 251193
198552 -748950
511039 -194863
275010 977877
170588 -269119
804412 -793047
234457 461690
-512203 -201106
-397540 200748
368459 48454
920054 98971
-556568 973557
111886 -103972
-240653 68638
41582 61995
794621 -587581
261474 -467417
424154 243205
-614636 224864
-176529 -413852
412837 -267508
279229 -540638
449676 645844
-474900 812609
375556 -902243
-504207 -5198
134015 257400
-227922 685157
-126268 -847883
-266103 -545847
-317778 244597
365213 -502090
582266 527024
-925661 640202
351088 377801
-632838 -414078
679509 980639
-713136 -118929
-439243 -113371
929895 -297592
-165750 5855
-787000 -473939
-926490 -988634
-630700 -961458
-961652 -71259
-542686 814882
-363147 -277005
-529864 945653
138802 -293436
492619 744349
-282675 50612
112479 -720889
-953574 -150050
-956578 -612958
-736068 -682927
707805 105311
-375223 36986
-217743 906199
468913 976188
-102428 816113
285884 -405857
839701 998249
260961 -82145
567401 -664526
-537184 572701
-194719 -691149
199843 -901248
-727059 654171
740640 656510
923528 115366
-812866 -303188
-899541 -815753
882313 548981
-39714 112999
997097 -999610
-802590 210557
520442 944062
-132144 -168161
794997 -786034
-794229 99061
837627 -81391
-837032 -222854
896129 -737337
637128 -238410
-114662 58930
416355 -43822
931782 76172
-623219 -951224
568154 -698479
167591 -902725
-975672 -977751
-118777 112816
834104 64315
-804492 -310062
-519711 -942906
180688 -482592
-955625 715760
982227 48678
459272 -773495
772682 425289
94399 291512
847821 -191765
329024 -24073
-839330 759353
-771302 -382181
932997 -647338
-751248 386843
378585 -136802
-766092 -936872
784477 -16453
-204949 -829859
974876 -320004
-614462 852181
529859 270916
-949326 -120227
-137117 537368
-294843 -7198
-77296 398718
-4754 -762044
-16301 602189
-304858 523742
517098 -132929
148265 -123517
-105664 -615809
190581 592431
191013 216103
25940 -69929
737817 -714699
-836561 -941424
-531024 253210
-498420 75533
47337 -122018
223484 -828091
-480758 425408
-224693 448488
37234 -320103
-80324 -966078
526949 -178133
671823 -844394
775802 -772416
-746978 466465
-445074 621788
470318 480724
101710 -761839
-357321 323902
-864192 737766
675119 741705
318105 272487
-26206 -397617
270366 -1566
-874576 885955
-318993 -54975
-785165 47008
239918 31002
-828529 -652904
-675922 919292
947312 442352
-244259 -757546
-10548 -297849
489748 772690
704145 -457527
357695 473746
711214 1333
-935734 908077
795356 992524
-647294 -26387
-404945 -531237
-169975 858154
618631 660634
-866062 -417186
-402512 343916
772160 -161532
-99236 -702654
-546238 -454336
847149 154090
817376 -860556
-559277 -823463
-499997 -525107
-394738 248557
-197279 756732
-903737 179953
785697 -109714
781472 226468
962943 -153741
-485485 -139817
840433 745074
-247397 -514137
17350 -489386
-50901 657801
154248 492653
993751 163026
-687011 -472639
-205844 926564
777932 -475191
-828932 438518
-700663 556170
136536 699481
166440 348693
186972 254053
174781 -908324
-191708 627392
-605395 -331990
219878 665728
64280 -608528
994856 149426
-387168 -274146
668907 829184
75267 -539307
-212639 130613
-982254 -734078
628322 -26666
-563591 291066
-903838 836166
384513 -454192
573013 313602
-329375 -315049
330620 115483
76118 675663
-915235 607676
240645 539193
-328724 -870498
903014 925085
995337 757603
-876758 -82854
309871 -807050
141292 791848
246174 -645197
-71187 -97110
764343 593414
-569571 690908
-301224 379621
460440 191259
-41469 924246
-424580 -497889
-437470 597460
315 -686474
896671 130426
358163 975718
-193822 930898
-970391 -795411
915730 750634
916242 -29433
374854 -352550
-443716 598324
-563161 -212044
885173 -673520
-307020 88973
766387 -260555
-874157 -530134
94280 201751
306677 698230
536264 -616540
-378374 472403
-703071 130595
242508 381835
-255025 -871735
-843799 558972
-311522 -513867
762444 633376
981662 -9929
-880519 -465875
-610915 274808
-305061 -512457
237202 651141
98837 713353
451015 -709532
-56658 -735065
-925580 -534992
905148 -692635
-676988 91150
-575519 1347
-337262 821214
128152 -973496
-659256 210434
-279324 808406
-860228 124220
186628 229136
-888141 -472399
-115867 -528651
82685 -128567
907461 948955
-362791 936578
832450 479686
28563 411440
-367284 -695737
-140840 335135
-100433 -879069
-145175 695687
784818 -455763
-39403 434074
550776 408568
-916912 414261
317414 -637766
-144101 466465
626858 709997
-468708 -607999
158790 698033
-967865 -27204
-238986 -168293
645351 959474
-864357 617174
329848 -66369
576774 -107729
-557020 -519904
-276922 715341
-642923 778595
832296 -367508
-639516 -226328
440511 175868
-190247 795589
-396697 168113
306753 708966
-491723 -823161
-952343 -913102
162689 172679
302778 508885
-937165 398578
-388054 -31970
-464300 -319628
747906 802548
-271785 -102650
526276 545287
639910 -595993
151971 -641527
-321574 -616619
283613 -815728
364317 170050
-665578 745993
453192 -621112
-102987 466118
903056 -791042
-717254 631055
731962 -226964
996837 -796332
696592 677105
-772460 808750
424227 366844
-86562 -792513
-98311 -699998
230472 506654
-445683 -496583
43683 -486282
185607 -295876
-563415 -667406
-71875 -94934
391291 -551477
746645 -3209
-325736 -172132
-680584 553679
457844 665646
-681047 853519
956958 -942290
889405 89729
-817634 67207
-246437 379566
798459 11058
-959303 192616
-325280 -987342
963899 798181
-663260 -821340
-105035 -188635
966229 -737620
367254 -150488
375172 -238084
-551576 67377
34883 -122670
798095 -331175
326575 -106585
-699038 -324876
-118025 906176
785904 -213355
807526 533006
806504 -421868
549626 -846956
-899415 -773234
417288 -780707
-97486 37790
-116585 -253997
-841766 -913335
870695 -14
341331 336971
282294 876599
-646738 -120386
-78000 -870074
899785 636019
-594841 224535
-349271 187904
-71394 965889
501011 653239
-692481 -827449
-14399 -992842
289079 268541
995980 182962
-491335 497908
-598675 477288
-116518 -988683
966488 377200
535757 -447715
306470 946724
-264273 837005
244005 239436
-321264 906159
-906174 -57327
-569801 280119
-501757 655100
876255 780760
-508351 624503
904710 -688333
-641629 -663737
-514892 -251046
486245 76578
-946537 311172
-749173 611388
437139 686503
-937409 38545
-873953 -44655
-565432 -458133
-316220 -726101
-446916 -988411
146503 666236
-271699 255315
375561 -550635
-318090 264223
708041 152581
-544156 -387280
759053 595302
991680 186251
674429 667414
963448 551886
640840 -208040
-737054 699956
-498913 -432996
539036 -304937
979806 -661741
927266 166378
599884 962077
-877775 312575
-544353 579353
892341 902046
-942911 -259676
383797 -973861
-482158 -209871
-216154 -58213
920647 969851
462066 819044
770440 875552
-374399 497087
379926 -659253
-745479 -558561
712845 -738818
-253209 398183
-777209 795248
856741 142019
-722969 395261
-362023 -959547
-810426 -175333
995088 531265
928067 531961
76692 463506
786278 78805
-607392 515784
-655042 86198
434870 -922218
-707916 785872
372895 286543
597505 212137
537872 -321554
-74043 52409
165508 750514
742992 353202
532084 783972
-34818 -58956
108015 613519
-513920 569673
861779 -723441
750105 -146711
921465 742847
-432006 706982
-94062 743983
-115375 -735882
939195 -604302
-671839 366666
-577545 -478969
-608318 214779
-124714 -641510
-593391 149155
79045 650673
-417648 944788
-185500 120079
986138 -529609
954669 -539833
-712638 -718142
-35931 311222
-903631 982605
701919 618139
613559 292302
652850 899447
-464926 226475
-874445 592973
634730 835004
81081 267858
204283 -805008
-84927 -690702
681977 -895661
-675026 -196890
488326 -268763
-358157 -968821
992175 226277
232449 552610
948690 884400
809911 376479
-858499 -330709
741271 -511252
41265 -552175
751921 -488439
-726052 30940
587980 -242248
479222 -672390
-49564 -197167
-693995 975709
511786 105432
587989 -343253
-131381 -152878
546943 -977649
-698424 -868728
-139321 -629037
-386516 850612
757120 482560
92246 -878197
969344 -276266
-771609 833349
735263 796361
-321735 967581
304486 240649
-386121 -247608
941459 -663130
400369 -764957
-608343 637948
697878 970638
-989055 -959630
-742280 -244239
-47037 822394
-368899 -900129
422398 -235934
730338 639518
-320593 945996
288341 298896
961227 -585310
-159426 993949
-538991 565738
547931 298749
-985569 960086
279782 -32448
570644 534269
711788 845348
-918690 450736
240053 -154721
139878 -486239
955621 -551567
140689 -934629
-971083 -226538
440320 233914
-894698 40208
380990 -221166
83246 346095
219959 -67694
90469 -112974
-744251 447464
-898521 327319
198167 722944
-236306 919305
366492 -697202
-483897 -357958
866172 -630
567140 -185541
-308094 801047
826828 -112059
-292892 -221198
-184942 -388445
36419 874528
197156 778960
404858 932710
298893 145280
894203 881215
-92724 501636
-746358 518295
335699 -756017
1565 -264322
-364802 -995615
-156692 -201491
293264 -965146
-419334 -346885
-643876 780981
453181 -633417
211557 169942
183856 141010
327107 -379937
-679508 832613
-36164 430218
115646 444338
-636787 508278
-443185 91436
-804147 311755
-428939 -333607
985754 -871250
-297042 -869420
-372947 319847
-783456 -702195
124807 -116433
648065 -627051
-614480 -957921
736965 326405
-674851 -474738
626564 532603
-390377 566743
680095 -825368
50740 474186
-369173 -212512
10368 -689746
271139 957470
250243 -271925
-134920 -861466
466242 897403
-538226 35046
-984532 506371
988159 -964156
524283 -634924
-645499 620076
-579954 135529
776181 -723822
822334 -582940
717760 -55712
959447 455064
-900796 211057
912576 -484229
668587 472608
-824499 460719
-57282 695618
460746 932788
529973 621016
-913143 -662572
-124000 928098
-201352 695883
-404149 -281190
818959 -482890
-132151 -655578
-681617 558574
48102 582942
780711 -836238
349753 -840056
-552894 781308
-942730 -216284
-308302 539008
664550 294990
808640 86246
-213799 134697
157172 -459857
-716010 -582501
237769 621638
-967603 958017
321314 -201683
765771 32516
-363783 -756714
-988141 212960
287007 -511764
621492 -986703
-345652 -428868
996305 -134347
906274 -178826
510843 -15098
121895 -559368
-829110 147541
428625 507650
-534276 737621
-752089 -866365
475548 569554
742944 -6548
-736049 -318131
-191470 -390738
-577333 431419
-419230 237137
104086 952804
-918389 123744
-888911 -335658
-112216 -655866
-205475 473816
114275 -873148
-605057 -855441
-691370 674940
-850762 530811
349351 -107517
-687145 -994832
802949 -224618
628134 399431
514587 859028
-741907 632488
-798914 267462
484127 -890172
-496649 566095
-980626 871644
-983196 -102625
-685688 -130547
987263 184464
311858 -774367
-423881 -815091
374208 846864
-436919 -61372
-324864 203188
295297 112821
-795370 -761491
-142291 -824007
663504 -767981
-599012 -82647
90474 -921963
998990 -939101
651227 485652
-596041 604500
890037 -623867
-809390 295896
-141135 988506
287187 -899161
838082 -988829
-637498 877542
574123 112476
350450 908278
-298978 65905
621907 -177368
332978 -264568
-155544 947698
273444 592760
-937207 -905563
-198560 -628631
917436 370200
-318942 -568802
-511301 740755
-670049 -91623
206725 -94579
-796359 209189
329443 -441975
702846 943597
-200336 3030
-694000 616967
-464456 370544
-421254 408522
453027 -238158
594266 907163
-647850 79055
658988 -758546
-904885 318033
57384 -557477
-510411 79213
24542 -318399
-382108 280574
654750 -647353
128630 -147626
315032 -305193
381409 -678968
968846 -541075
800993 147946
-800045 -223647
423198 358679
649991 -64761
275722 207659
345138 575706
-512958 568372
-819511 86518
487931 194214
-637035 -636167
322859 207136
545631 143116
453025 421493
216706 -671863
94484 153352
-704090 -706450
-5590 -298684
761020 689668
-971518 847696
921774 -700519
65701 360804
98176 -399228
232403 816298
701331 195568
-449340 -888563
-343425 192115
193350 342828
-370045 611019
433600 230052
640671 -658214
417028 686252
-649880 786834
406605 -219492
423143 281737
82089 710428
899271 727152
425789 713172
923567 665718
-985012 -61474
-349125 309083
-537133 365755
-413242 869397
-980946 -673984
-522050 -641017
43829 -456060
158773 -685291
375242 105652
201798 942740
-119690 261413
753247 -470383
-521810 -836624
-98543 282780
288504 927518
668904 502376
675387 142380
989364 797059
78685 318782
251255 -922291
632444 -245407
526061 349467
397285 -752802
-88692 -179516
539265 -108150
750583 -732819
642162 -378565
305448 6369
401143 -761946
483302 991744
-972270 -637043
-471003 823818
607628 919157
-403397 254076
-234358 -727197
-949393 -823132
750762 -273516
527410 -444542
-945169 -129744
-786971 -181590
-90069 -531831
270548 -647382
-172294 549695
-649397 -285569
-36750 321636
933462 -990373
659252 -470567
757263 -566669
669056 -627113
886540 -414018
770864 185623
543466 627702
-661633 284551
-388643 -513827
537817 -882595
-483381 -769249
-225238 11071
590882 186088
990662 -960657
505032 -680481
-523532 -173319
-295166 974391
652385 612950
3631 -34090
633973 -497583
793048 -492893
110320 -918201
-186210 -581398
-297034 933647
778279 303385
-468702 -720095
-555918 392014
172527 620450
471768 -387413
741752 -425009
-175579 936854
-903720 832711
-318533 404283
-744378 310834
19218 -913130
426795 610879
-512310 -996191
937484 -38926
-502300 -512795
-532071 -516928
854368 -307932
665706 422123
6949 395233
-283459 -389832
636914 -333087
-16536 254874
-813001 -50938
413153 -473290
-528216 -483813
-213527 -462827
-655845 239682
886144 -606127
284235 -180278
-381030 -291203
681323 -716879
-198931 -154648
-423907 475381
-129376 183891
-393885 488769
225037 772125
-967658 853848
170546 261664
975362 545155
320620 -801650
-395286 -814594
926548 128177
-912930 545741
-62355 -891517
-483626 9919
-309318 -630028
-128479 -707213
162148 -951680
-103488 14520
-992987 623734
-214824 -860037
800597 -103612
644576 659587
-46206 -922690
-32101 183563
198882 -105245
927444 -525757
-445270 904337
618770 638145
800334 -247900
815206 652149
284168 814900
-704474 -919687
286991 -23165
-399990 944137
-844532 436108
550049 160002
-878513 473610
-275057 906063
200411 -970153
-220007 673606
-650838 168900
-600604 792702
-792132 -930026
634481 150545
845925 246391
984765 -698173
-471383 -121174
56536 881248
-9035 516543
116700 -928400
154186 -335653
889782 618437
442523 -415376
-221024 -53656
-513087 -55854
-36760 -901120
595155 -959975
-393411 657361
-348012 -325485
126664 -754559
-48600 511185
891343 -334790
-184837 860515
-148600 675644
717006 968308
-707786 -786345
-879294 839275
867594 -510758
363545 275357
111415 -131653
440973 -261326
930819 -314540
504429 -983025
-184721 -46956
-174808 514305
-716165 771318
-399253 334369
-576522 493508
567464 -664562
59918 -543003
-204548 832791
-665890 -929925
-58331 -700357
-867664 -286579
303855 -916411
990946 -931739
-863534 931873
819115 718467
704137 -604563
725845 -360739
37056 629737
-64175 -880474
-906205 -791536
-752553 710232
370121 743051
631564 -356865
-615287 -406265
-565325 -721947
431547 138732
263271 -67792
-143599 167930
778350 -959714
-993628 -272013
-12311 584884
-731833 -880463
-711440 -910096
652150 664952
594684 54437
297225 -664989
937000 680369
107842 -466717
533749 908700
331846 512923
975314 -31800
623905 -581010
-733475 401229
238692 269598
898774 -953015
-173645 202854
-318523 -303678
-22096 605455
-681542 611552
-364212 -625127
241107 -309692
797527 186528
808651 -12326
735784 777805
-929850 -917609
-629924 -473489
-242132 -766864
507715 -609415
881319 679890
139192 -957235
993374 -347018
-694197 -459627
844960 -356160
379944 -156088
-986089 74643
511009 -379745
-525583 670046
-854056 -111240
469593 344574
-329478 -914234
-140361 -754458
456723 -575453
-694091 -333247
570862 509444
-129353 -785368
306910 533668
722580 -903884
-925866 -638032
-843184 96655
-27464 728434
-141108 -833703
758363 -745317
628470 -814305
-936994 770953
693174 -732201
459533 217790
-293249 -788455
-837630 593546
892754 397270
-936337 388727
-228354 182928
958067 334136
-957173 -95960
-423912 -239470
451823 -164612
-477482 -584788
498424 93599
-14642 140724
765403 94179
-779276 -607260
-451747 828275
563751 -427469
30877 -246523
631607 583948
172398 -589674
-680929 -500487
866053 -741708
-687797 -23158
-306195 -216023
17608 541538
1172 601589
752276 -202646
337620 511944
-582303 621449
-80238 -389138
53359 128884
898816 507963
273267 661435
786677 -138712
532418 535714
-673431 -1292
-802637 691323
-688345 -932238
392162 667004
35119 800281
656474 71103
133799 209931
874867 -403909
714407 -186683
-106824 -774863
-272389 95981
948406 7549
-715361 523419
-121086 -263281
-928353 -550671
-460866 687848
275146 -282945
377358 148067
862160 -679730
1961 -448213
-91295 -366514
-746701 -617465
-861205 18491
953737 -278132
396548 -322361
581943 -781047
-564365 -922577
981731 -662713
698408 -395525
737165 332815
981471 -614496
-791786 -325747
-20714 -674492
743057 -993596
544425 748418
278838 58545
-885101 -142038
-413155 -65636
319811 5749
931217 707817
734618 -466385
552350 804844
-460202 897693
-155742 -663311
-736033 391781
922564 -476712
-196575 446483
131205 974981
-759412 -464559
657506 629135
681291 438921
335689 -626087
-934172 203066
-817941 -391414
-704955 871978
915561 298973
-483950 -922364
249497 -256853
-876866 -527064
620655 -121420
-473283 227730
712849 -469608
-964438 -825077
-50410 512302
786365 -904938
-764689 -491389
-1398 -574434
726320 472566
137756 671933
498922 619819
-299573 -631524
451458 86032
446633 757498
-189963 -751780
18573 -772546
787854 447054
927493 657974
-155069 524203
610990 892372
-23326 -51041
369285 -713363
-32035 -182643
-71040 40862
-201643 -706738
-462668 -528441
850807 -956177
-706055 -622753
498059 -358905
-321389 93966
-789792 -568563
-920999 279200
-459130 60199
887143 -334984
372879 -690537
713764 -4650
732498 821959
-400098 30128
530709 -626614
-155491 616281
271015 256601
-247226 281021
-181251 883522
-66540 49519
-329340 -981642
-378487 221012
-633215 236348
-957803 46442
-488269 190364
-358425 168851
153417 -517154
506458 340897
-794564 676867
-677365 -828256
-186277 -892644
-939514 339357
-430118 176574
-774059 415332
471282 -536630
-406 -22644
741607 -496182
460293 -370423
743017 -815930
-100204 -339432
231877 62015
280640 -169356
175374 -659900
734756 543248
491760 336852
113481 -182266
306621 8391
-608989 -875279
146119 666885
-307025 -950320
-807796 137829
485379 -841137
217248 -785735
500087 986736
394210 247650
637727 304326
210251 -354695
538790 192864
614779 -129599
-276547 -18597
484934 -37055
796719 -284296
-494158 172309
578121 -863782
-673685 -811703
932642 865512
-234094 -241187
229653 -375143
163076 108034
577919 -490307
60271 865612
147538 610806
-478421 733489
-530960 530097
-290834 -678502
439972 -319675
-889063 495184
872177 -981260
79776 -253915
-367553 598760
-740702 147026
743253 -782982
776941 1837
-543687 -102003
-473033 364569
-221316 -508977
246580 -430251
846531 -512777
552184 -147924
865460 800612
-286577 -65620
339725 -929397
-379958 -553138
-305127 -99372
-20018 623395
