5000
706372 678145
300286 -549154
330043 617321
-129207 -298646
227083 -608445
125899 -516962
-455449 -770354
254839 930794
184371 268053
708592 441801
-213913 -152620
211719 -250283
661320 867284
582231 250923
-217602 835052
218081 716707
-413816 304669
654528 -127695
-610943 -832801
279261 -668286
582242 -607751
301748 910264
-410569 -614573
-319655 513600
-852894 614405
627514 462055
-533646 -658853
-10834 -277939
37585 413167
-734943 856496
-527512 840335
-74583 -321629
-74075 471033
376286 -409670
413819 487516
-465579 347011
562907 -994523
604649 -39029
-430600 -607449
276434 -565419
-532358 482068
734260 411823
-77469 718488
-243842 -580824
588401 901072
142936 -341733
480166 -496148
260354 -535108
-266801 -248845
-229192 -232558
-485969 716385
979720 -22731
-838582 -646004
344524 946940
572935 749714
-105197 -163402
258126 -641639
214630 637184
-857278 -275159
174000 -652202
-641886 -855431
-201972 -650465
342278 -719122
-522830 -10541
-725251 462007
975659 400744
24747 92037
387796 -257218
-657884 -523640
-731852 -876633
-362802 189390
411688 -267951
-57580 619062
311888 223277
21045 438796
-106288 -34396
-968145 824496
-35996 -244648
-585631 5916
-141633 -349196
-170698 829625
147385 -638966
-348547 870425
-670926 -117080
-464966 181989
-131441 703955
-109882 25462
648886 -413860
220920 249183
243183 -220812
-709556 -103248
-820717 -379172
860373 936157
196933 612465
988786 -376586
-916508 -967283
525747 -677001
-462826 459910
799587 -572015
-97548 -190993
-43446 433152
-306484 525955
205120 966296
871981 -368943
-226317 59564
348866 -817140
331123 911563
-149023 519814
-24533 544232
-615136 -108010
-253354 -411545
139316 -145438
-847323 136866
-352470 118441
379731 267483
-78973 -250176
476599 -257566
709530 206140
-475043 863487
380579 285674
405695 367387
-357165 -307955
-813281 495501
-885206 285306
242145 -695485
-505987 -806873
310741 -514874
238544 -130012
-536232 -111541
274734 -78407
913478 338166
98785 -54065
-802692 455121
593401 -17891
-346512 -185494
-729628 460420
155351 801113
-334857 392849
101160 23988
-72352 443894
-387598 -226364
123109 -832160
-120751 -847686
746195 -14435
366730 -624470
-861631 -638174
-985368 -422839
-314003 -411646
480655 -435601
-114140 -871264
-297485 540717
537695 622102
-243147 -931990
933112 677941
986848 -384308
-506648 -565495
-631679 -42961
-207078 -806936
855182 -673586
-755 845037
-657527 -820168
-236377 -393564
-3937 -782906
-806896 193314
448452 441401
-431604 -998778
672567 12827
252177 351228
-596159 -277231
-939789 -113739
598664 -91475
608797 614669
327693 911927
582666 -764300
-213672 -338813
-62086 -885878
-905790 332976
-286486 493258
119961 719862
-701327 569518
-886761 -530138
-581720 -52570
502526 -76349
861617 43101
302891 -573497
614393 342843
728948 585555
954664 333907
-87189 -594026
37430 442467
-817562 -356650
-72968 -207090
703938 505921
-625323 -548790
-651756 -328535
332416 308050
771826 92001
889178 48650
-859806 950067
-127674 931426
-30443 663739
817576 -87875
982355 -677031
-821161 -576965
-885540 666916
216598 651747
-700237 943296
-767649 -484071
922600 -821347
874914 -992761
-549085 -399401
621113 -733697
-16165 305992
-580019 909695
-520085 -424443
517093 -836149
-733072 422514
810586 -212781
95401 -237492
254746 -779600
57024 -574061
455601 -505509
-708948 -711979
600929 487571
75906 555800
479984 622417
536897 -869464
726946 -605951
-979616 740366
-668733 60271
373841 -878458
197639 -759376
-279322 -455143
867143 290932
402057 15150
-799220 935420
393749 -57727
257125 382497
-943403 940574
-343372 28558
-420518 181788
871987 -710386
-483053 -570455
-897624 183968
883751 582737
-829494 765684
81374 794117
263515 -843407
-224500 273768
234666 -673940
-621006 346319
-506821 336598
-732487 -794678
180170 -282450
263849 -686432
667885 -907784
875582 303843
521970 -546794
-477904 301333
-731314 248219
891072 286351
-604914 527258
685702 210421
976841 -953870
689297 -783343
824137 734173
-835392 234127
237843 -285129
453157 934092
667976 210235
-263849 129373
-263892 -649305
-315505 513279
-280933 -646869
-91727 349767
189752 -80549
-292466 -445521
351195 114343
955182 914971
477859 -819574
33549 823262
950199 -235253
-644516 -248485
20547 -634284
-711715 -382800
-34442 -327711
797095 98344
-397622 -621353
840172 792761
451245 -344540
594166 -693824
-767632 -287138
-455939 -445287
178356 373990
-348813 -986888
297899 -170623
-909091 245749
287817 -887206
841200 701373
-996842 457724
3997 387869
659831 66364
179092 -646801
855355 555478
-145537 18632
116448 -511309
403985 97020
984741 959685
-68851 -621154
275601 581279
233893 904025
13923 -192311
97862 995538
953958 328175
806852 871029
108030 -618557
442230 136022
-280545 -251330
-666055 -46668
220309 -794355
-591241 614081
350148 468136
412862 860752
803581 963029
-403569 882016
181652 -284963
933616 -576506
554831 -623502
727640 346480
-558557 34979
188949 374075
-244109 396522
10517 952490
12880 890820
240584 840508
-439634 500349
942651 961917
940973 -889700
-161677 46244
-394475 -957271
353549 968980
7915 349310
-336183 316329
-785808 -265363
-28438 -969821
-331018 591797
-461858 -880610
656363 304894
826319 -484410
618535 -625782
737011 -215202
864300 387210
789995 -352088
780575 734693
-837068 -834163
-224909 -288894
78225 -559452
233145 170473
-462152 446146
921006 466648
-576023 -56394
-15552 -632272
-556356 -621715
988343 -387915
319208 -846704
815851 688021
369283 261712
906301 513990
209756 786860
-439450 -887073
-880787 973485
-261241 52214
398517 -907087
780365 994510
-512877 524534
145236 -704186
642110 -153655
158054 -68249
-111373 -752306
323517 798452
-732775 390340
-973301 -423960
-278240 969602
114937 456558
98596 811790
531491 -137076
17453 263394
241955 900702
-243345 688512
71346 -777782
269699 -801123
-221103 -303870
160091 -149328
171369 -871959
-787309 -341794
419788 -886926
-794562 -11440
89245 -20231
723208 -569517
155651 -745928
249278 622532
166797 -344925
-450070 700890
417747 959379
599324 472706
-862410 991937
958125 -897635
-124396 598491
597814 731724
-836168 853065
-927366 -794537
300142 -919547
-223449 -672476
881519 123784
459886 -870000
-412634 -720302
-603320 739526
-910629 615591
-28207 636291
59267 -583256
397642 868276
-645330 359417
-24493 730456
-290162 131848
573390 -632058
-777198 -819150
-917142 -809265
-25358 131644
-336784 461581
843124 378533
-658563 998162
-199795 -961703
364843 604502
675733 909296
-29353 -495540
-433865 274441
-606053 997876
291598 -431820
-391179 9869
188093 -332321
743771 -214951
-437985 -734732
-775857 267956
795747 357948
243879 -417729
-428798 594908
-49362 846089
488114 165360
595775 117941
-529566 -461285
240438 498270
981850 -788927
180194 580420
-206871 421157
-1340 -422741
892096 -486981
728164 89621
828386 -950481
-455824 574468
-749723 -357212
-930919 536829
318679 91144
503870 282833
507320 127379
-695130 546581
-903573 -746165
130735 192503
-615951 938524
506244 356680
-32224 186000
195872 844706
81809 -486832
603630 -639985
810812 -815399
482730 -814327
-73102 390298
-660060 -968262
307605 810801
-162064 -838604
76931 794001
-348113 550865
-191412 287313
-384041 958580
-196542 -243615
-141375 -677167
-767556 659290
-359071 317552
-960834 -665534
561827 749167
603507 520401
852808 963268
-300111 -403134
321922 -522569
261481 22889
-924082 -692884
-162642 -146405
-613947 716871
-723765 -608029
157297 -268316
-845689 416965
78169 -552610
-157340 290832
299596 634314
691430 941704
-827072 -570057
-27985 -498563
70363 -674038
846594 -472110
566801 -431711
30857 617866
765496 477828
623261 947188
570149 -674827
974413 -985386
-822668 -418030
-844657 -985470
-692076 -430664
697466 583662
-375364 299354
880616 14041
911743 -700813
350420 335673
144071 -307352
599907 -211601
-320341 659931
-408968 -809980
90492 10616
-446458 50435
-581141 -243951
906515 207151
256178 571031
-72003 776342
512261 -908773
116781 55092
-927022 -831714
-66427 -951397
-345627 -521470
-631970 559848
-751724 -101099
767275 -688214
899387 -304079
322892 108585
303158 -260782
186022 -988580
-378927 -286572
973207 -99666
-875899 56488
-664211 224044
-233161 -182325
-73782 -176860
-93417 594994
862474 252017
-365976 -132890
890821 -328376
-185392 860267
704220 812169
36703 613699
976433 35654
-299310 -188648
-292573 -696556
567767 627006
980669 -441894
-862903 591526
474097 115912
-800028 -886753
-694478 257307
-603411 456225
643599 211364
-282157 739836
231053 509707
-831804 -523981
955248 406521
199254 -331020
357085 402416
-967524 -972975
-75685 -983499
-444098 601976
323062 13842
200859 782333
-870861 497478
-746622 715109
-991643 -718280
-269176 -855655
-812385 -179449
839356 -721563
-432453 -203988
40766 612214
449338 247699
313564 1723
-632256 96825
594169 705301
-908248 887928
-680140 20988
-405241 720173
987114 -593569
-13315 542233
330008 -510938
-159484 -46770
-497959 -132141
-446849 77295
-834769 63233
-776016 482943
595779 360289
-149590 646693
301381 -211902
-914844 66090
-311827 -949824
891568 -849301
-521191 -792076
925227 -397754
943673 890623
-674369 -801229
817920 505978
-372872 26561
392830 155819
633880 366628
852151 -526010
928566 845668
-654460 963492
882643 -348647
-969544 -267144
580147 795374
-101726 -893358
-365090 -976919
-340847 -665115
-969182 -664557
-150588 -717098
-175748 51308
19019 900520
-414442 434222
254679 -737828
-268985 201103
998899 -64152
928055 428006
-743475 -788162
328066 740894
-575760 -773736
-165143 -482707
-32084 151411
-264346 762029
-610637 398391
70489 606370
189992 581067
-715300 678368
489748 645549
71412 -799593
312449 -220051
-409335 285733
956328 19987
-105204 -416146
-70647 65601
237445 232778
-135877 -423451
493001 -819251
377086 -578370
-450342 969110
660310 296166
-135912 603231
84426 -942124
925975 917313
338797 119244
371562 573634
-284284 353530
-77077 -740217
18727 639806
369763 -568476
645834 219699
-135125 -14820
721050 -417831
-906494 361689
688465 -315061
-632164 -414767
92122 -889018
-507039 -594532
345241 -568863
-351894 -658765
998211 514803
315163 281540
-481358 -855915
-339330 352506
-696354 -384645
849994 -20967
-936097 -403224
-717082 611140
538808 -989239
-132657 299069
98105 793068
584560 -403390
627046 -432339
-255637 86565
-537969 -156942
-229945 135099
136559 46387
-180307 -355734
-829557 -819967
-78295 357828
-530571 946669
-221140 -380699
-901662 -81968
301176 -789324
986120 -194069
-86967 -737292
254684 -340181
803756 -845893
-58882 -253332
740556 -883975
-762785 240966
847499 231488
308011 717283
263482 773053
479729 164929
-348103 262824
-979739 913080
-963552 -506014
804649 -194979
590031 149816
-929119 -657382
-286831 466348
858250 -189711
-299407 -881839
449736 -80228
956608 510035
608237 -386128
564679 833070
-980372 -952980
265057 -962817
-859394 -675808
-513562 344189
-840573 -645492
522540 -295192
90341 -151259
-6150 524092
8949 681893
607327 863518
271107 -118349
937211 -911116
-836213 23535
-444491 58980
-397832 978867
-691385 -411074
472630 717495
674983 -74995
316575 -111233
-377975 208823
559899 -354739
794524 -132493
-359777 -298024
-603261 -243680
139181 17604
-13782 -374977
991865 596689
-442077 242741
-225692 -577961
-576456 -196082
111186 758907
803802 -457343
497587 569234
-644132 24465
-458359 -13823
-600853 -466470
720460 -553444
662631 -751940
-421506 934616
-164878 -208509
589479 -674870
-704415 626999
795885 -277970
-171195 -175509
-383307 928977
978173 390464
457207 395924
699302 715736
-246330 180320
-536953 -504027
524445 -920539
-891892 129992
-600266 544752
-288564 641904
991789 -803567
182333 -960881
-674855 -449790
-57215 -5466
762920 46873
-380656 -512894
87509 627369
-243974 584937
-632090 843369
836073 -401258
-144096 46607
303503 731474
461130 467984
-642927 -344358
-854343 -395902
-605824 452483
617848 75930
65484 -274125
519644 87814
-952019 838731
-957368 24057
-524660 900594
-802368 928982
53063 -129262
848493 656205
11415 -174217
-920767 -720420
-48042 -344213
-7344 532202
-657526 833859
334161 366359
-88705 -439787
-899584 300079
61497 -527153
-494483 -2070
-119454 -627082
826012 705128
141506 68272
-218448 -739803
-286708 -399666
12913 -880312
10253 -96966
-4996 -12189
276799 141875
455359 901147
-585792 759663
-311299 237219
423360 260246
-296731 -124188
239863 103668
758955 502726
542400 -431809
-589887 391328
99897 -408893
501615 63096
-236026 -146085
907059 582214
773283 -683208
-801345 997037
-299066 178518
-59084 -265472
329422 322821
450326 -526044
797439 -194778
10937 -556027
-479462 58394
333987 331578
-321370 -673429
-418938 823846
630084 690479
-929570 630090
-46892 -859157
-116186 544077
-25172 813337
747928 -47943
348304 457838
473568 631974
-657400 -484587
-519288 824073
-215638 -430477
-372237 288644
-833701 -677338
617557 -227352
384468 980284
-318898 972526
17375 28995
77121 91150
729599 801327
83120 510904
449318 5876
-372340 482305
-872025 957905
-450842 599207
90567 646811
-704272 435914
468684 -453485
32644 -365750
650979 316381
110592 961700
-15927 583677
-803970 -830395
-707517 -951215
-745698 208778
812962 708879
-781415 464536
597415 410104
-970873 -16214
728395 -565280
118298 -32194
-611492 -10879
626372 -652819
-242229 -163212
-239153 -723193
319599 422774
-414860 -972618
311188 -780704
2426 333908
-104483 -810903
281132 -257096
-729027 -188395
229729 -768718
-544599 682016
-74972 -226881
610454 932753
-433376 -491622
-795394 474091
998179 -21249
-639542 -323938
975700 -628166
-555029 -918122
584616 80808
-159136 920064
-320956 -554902
-599722 -563151
825061 507578
-377111 -644632
547987 339659
-123303 488555
-493769 -696376
-746246 -316959
339483 182108
-254805 579244
-300590 429583
-959241 -728903
-532321 796890
-281126 310052
656474 637703
36632 92128
-811770 -772906
-620987 106415
317797 2351
-684287 930751
898501 -364230
37165 477124
-832771 928645
421962 -457355
127900 363267
-483745 372696
736084 -662451
-220752 -279224
-162593 544364
930297 993159
-226451 487814
-562817 110819
763419 849580
725172 779755
976541 757671
510420 -211407
-723108 540299
-754524 215204
-612590 -258952
-349543 666480
221067 -549387
719552 -551037
221004 807434
735332 669184
-960322 459228
782031 302996
-181274 -698058
30044 -510167
-726406 -599895
-573936 87756
-27509 15146
-404086 734788
592217 -490603
-446496 206393
-566599 147806
665971 631637
-816396 305628
-52476 508784
-481091 112481
544308 -291457
84241 -341019
391864 -15748
183648 -481978
-4856 -60989
-127836 319343
-188198 576612
-310759 379468
-717264 139143
392784 554739
458217 975389
891534 795022
-833375 334736
459927 -816917
-577955 412031
-505927 370404
461560 548944
954499 54637
948153 584965
-676614 573970
267644 101334
306729 568278
-626239 973054
975482 415492
141208 -977736
-673034 -554879
-273925 -582929
-505279 -449876
-784180 83557
-594815 620745
655969 -238000
270103 652480
-287518 -877019
971175 797386
-705974 401963
-42175 195354
1966 779366
-761483 -821520
-63254 -100931
282916 -824459
662203 108666
-117750 359611
-975294 194089
662709 192803
-33159 53074
-395036 -321735
-520904 -660114
-22948 -693319
207020 813124
804865 689819
529024 -580603
-226055 555553
741020 -286186
358655 792289
397810 978375
604390 841847
-619878 -893797
581393 -17914
-675376 -841893
444525 -530948
-772402 -397806
409205 -855040
-647076 286659
-410855 350152
348712 -750845
947254 460520
-940365 799778
860500 -250565
894280 249271
706751 169716
-798872 759054
-172292 -677622
-945168 -202116
958554 -649020
-391683 283412
533060 324462
484645 -835174
-945215 -188577
-849131 529435
-415710 -671175
-207781 71065
307098 108549
534725 -291038
275354 -551145
918867 671526
992876 14980
188844 148753
-174186 568066
163905 -476193
583260 -872148
-410389 -396349
484174 -839339
589085 542696
-833552 -590355
-631152 -898784
-946277 836903
-396049 -679186
597536 -637421
898803 -621842
-807830 226478
349820 644153
317765 -923334
86194 790089
913769 63654
960260 940960
946041 583266
290198 93
-174439 181708
828354 -861086
94046 689532
-145343 74482
-91752 -336179
827424 821832
323190 -455386
-556613 -49709
52346 379348
993216 720737
809682 -20078
201466 -426000
-608822 -265571
960950 239480
-662605 948570
-7718 -860403
125983 -99455
285007 -157296
-333894 -444911
-854557 -889338
-547671 -265762
-145073 -454907
-875694 -315762
345853 509610
690611 -391495
52339 540502
-189232 915442
-884882 -369326
-145186 602268
-979028 -838808
-176285 679431
348906 -57423
812546 -727516
-78949 -30452
691493 -968017
978427 -569274
737160 -311018
153152 764590
270605 -5718
224884 -173004
767873 57267
-731700 733042
987892 609434
-388153 83130
447235 606502
648998 556745
113821 -696298
-778060 -820888
-706015 -984659
289145 537061
248965 -387547
-676179 -747762
-789301 -337274
-844233 495025
694114 -780035
-80459 522902
895986 -96352
-942269 137455
697222 607818
-426204 470989
-909858 -309432
223255 -936216
153562 849779
-558934 -963349
-900313 844573
167382 -860856
-964367 677210
494799 89231
417359 457330
-521027 -963243
788203 543538
-993396 85374
-38902 897436
-447556 -344290
376298 329674
-606595 -287912
59388 -718894
-775747 -691246
142187 -914084
-655546 -600457
-516319 -96259
-288670 94774
167771 765560
650696 321808
510389 -12657
838696 981769
-730007 -136976
713677 -113282
850844 -473091
328026 -201251
807035 216208
-216595 -775637
-725919 681342
469587 88256
-674670 29254
640485 -369661
-637376 210569
-165492 949804
-200343 944715
-281240 629189
-972792 -469955
701629 -124140
185536 676292
169792 592377
-106925 -352888
-233773 108266
-244052 -754541
-944172 -322606
-55551 -3189
687343 -691305
588306 659870
386110 -543443
-556107 -389935
-623094 427918
460865 -755824
-987739 -537071
-741258 -184873
508898 228791
328639 -878246
960666 933335
14136 -489104
594285 -7506
-579237 44242
-182168 -216011
-426563 -923055
438009 120936
971602 24432
-266891 601783
-722604 489920
378245 -892888
-882429 -16819
-798533 -892440
-683171 -732690
55224 -919819
116966 254964
120511 -203753
244438 -993653
-499747 629012
234968 857282
584858 -512579
950849 189155
154063 513455
925564 8619
761851 330585
856738 573764
134871 -47672
-556612 466077
283850 -578299
497066 89636
-251532 -195094
60749 -165736
809782 -668603
575949 -941344
-659610 612690
342195 -78551
947464 -341490
898712 -984682
68360 -690
480730 -302899
-768161 -626320
-464333 247038
542893 -615350
241025 -573897
334162 -957631
3795 -529309
-260897 885062
647298 896233
749502 315703
-346264 -126131
-717175 149285
-900008 503166
-479399 -732543
-505227 -763432
-959978 -107124
-157929 -314565
-52801 285743
753151 -689505
492903 600812
-475796 825719
199512 -189632
-343164 -285928
-826146 494819
719973 239076
972378 250866
236874 916036
346776 924813
-665531 -555998
-506058 130795
-940927 598665
909484 855867
269929 -613842
768309 -679796
851442 779695
741933 995609
839453 -837279
424917 374213
878002 -712660
514143 151085
346225 -895503
687835 834936
124993 834606
735579 -808803
957850 -145406
-375281 48463
971267 22972
187548 -269260
479778 -645961
238724 430275
644368 895682
902622 -700683
-862041 858466
920807 -378491
793912 573483
812195 -550160
53461 -72922
-598108 394131
-509805 -49109
487535 -814956
-859360 -101957
532704 -103333
-226158 465874
-983868 538027
937134 420547
-216948 -44875
868547 -465627
-815319 825280
492566 106666
-207738 11489
-736838 872460
-489868 -313745
-751268 -890618
-751291 -362727
-818028 238683
-218480 -635294
860137 864248
425804 -985477
-884638 -815060
-227824 268358
-306968 -101099
573137 -3367
-628527 852143
-337925 -87776
420798 50406
329794 531696
-421896 -858945
579998 690413
-564823 908907
-687795 405564
173719 -280086
-918267 -989951
-372363 6298
-888239 452598
153060 797955
-71752 -185974
645990 -624132
-470496 -614526
-104178 -508147
925609 -537392
304031 -875886
1869 531463
925460 99726
-823261 -411450
38948 437554
964936 -556063
171814 69595
-706383 -127155
861028 -79281
-589597 752931
-506029 -138119
796911 190518
-779594 -529396
-844975 505712
-197565 232878
959882 -523409
-324536 597903
-470410 562331
-535775 300638
335986 239799
-777354 -939449
-529325 84381
895034 777295
737515 896341
-308529 -878572
-575236 -601016
28978 973588
-627188 375314
-850330 242013
-358343 -706772
-711537 -544250
809467 -186951
571714 -57295
-592362 469028
709158 82167
-942715 -762814
-176349 569614
-654618 -833655
-847301 835440
-836723 -733468
53093 119793
384982 -91736
434295 -155882
-511216 48072
-532408 -522145
-485090 -362421
210605 -585395
-388906 105674
-782636 240174
-987500 -143737
-151064 210079
131724 519135
-173137 -628154
-642589 -844084
-706526 -220135
527433 462531
868532 -435889
-15298 -785732
772798 566334
-795352 738874
470413 684505
-327625 -597472
520654 654200
-970695 -523917
-244888 -850727
276187 -774884
-112737 -829289
-278645 -116398
-601216 -908095
84889 506323
359077 -191753
407451 73839
875417 460209
663052 -43102
-415203 -203131
219492 -630143
-820735 -848254
546219 785016
618718 -767984
432119 -617009
-973152 -650409
-487642 -759265
-770778 -576160
-454573 509785
-138862 711417
-256278 -69576
563528 -299338
484580 194062
579103 -641659
887807 199513
-699473 -17583
545856 972348
-15349 967541
264924 830067
-481106 411517
915815 248232
911489 -261643
631315 -83119
-7443 -707576
509230 325787
120551 -414777
-637709 -751204
450713 -718593
781351 -311571
-35681 461952
-681725 673011
-304418 -89574
-774946 -648629
514914 -187029
-410272 -560047
498085 -813567
-712588 -288410
112210 -109452
-307925 -907362
-128292 -316195
200432 386202
777645 -292895
216707 946297
297278 -928841
645977 -297281
70108 477176
576138 152144
-135577 917902
-723731 763972
859173 873611
-637736 777665
598405 88408
-287565 -275883
772675 -473792
213785 -6991
-51782 -15939
544316 -135536
762338 -470182
290079 -212648
-892325 81138
-341403 736783
-203230 973246
-748813 999644
364598 -603953
-804141 -88112
-911173 -541200
-763346 -941220
-816586 106487
-490475 747397
178164 725672
730479 -545720
-314539 -482154
-535672 -839839
-860776 658761
14421 524789
187267 130204
-480032 331346
512496 315731
367793 647785
-856298 155715
-464039 -79766
-17110 -927004
-967092 -944742
-995149 -691950
-578943 -5703
-700597 507467
771808 525713
-16499 408615
440020 20746
667575 -94496
859218 206122
-336218 333107
129280 -530235
-449045 -323282
-832424 -865372
-798162 -912584
571082 -991160
179537 898050
-297293 -671668
266427 224671
-810521 394608
116338 -399180
-766621 391970
140846 389826
898093 262848
582308 -966901
-550904 501993
-54295 -144424
902764 -498944
960129 220324
330175 3643
-303280 10461
355313 -749856
-565017 111396
-544208 402659
-996935 -802854
971383 -515240
-86256 -635741
-898531 992616
-826038 -502590
-792705 -967798
729696 452795
-674879 22809
784519 81404
408715 573159
-683953 504655
-580600 -76026
955712 -543321
-374580 -926946
-122707 -926427
897113 172391
-111540 -800110
729830 184190
405305 -953489
164560 950982
-995686 339929
-975469 119606
-650921 -675027
-394366 200830
602238 477747
-720814 -491532
-870072 -659752
-372345 -420097
896165 725972
961102 567097
-914256 -71820
901485 423413
799587 382576
-376735 285439
-84321 -449099
-56103 -974829
873228 -477737
548219 149895
207466 -38439
425970 766197
335210 -859646
818366 -100795
-432228 572866
448087 -271421
41373 -191512
910677 944162
316073 -596974
-941638 -85087
-524363 -721811
216671 -756509
-271305 -275008
-292302 72560
-809896 -797093
-261830 -265783
205168 -621792
495784 614304
-968079 -987693
-768432 268144
-235211 590307
-463812 174290
157248 852575
-562125 316227
528031 -936645
424452 43577
830691 886281
108581 563160
5273 121235
966241 262144
835174 -579280
700810 -831124
-283685 656871
27212 355266
-429166 -239894
-900895 -303998
445527 866811
378436 -839853
-139310 956252
-499127 739251
-262347 -297609
-960338 -618689
-40088 -460897
-688146 -189139
330474 611751
-7088 -885861
-880224 621191
95845 -424462
-757697 815692
-80735 882874
-330662 -513788
719685 918049
-180750 330926
835468 98292
-896470 758830
793398 -912025
48595 -809967
-827060 -745109
138213 542236
-750501 503230
-38 739414
-171333 663816
-50535 -85711
547359 -858741
-772886 113873
-403364 733416
-886819 492923
-695632 663467
-441689 -578217
792949 -364430
-528204 -395576
685933 298402
520271 -600837
-389945 818874
895702 151550
-757584 197139
-125881 -684281
354264 597640
272611 -958173
-708157 -602596
52680 837927
306477 48955
882376 528718
-250635 -12953
596478 479325
-705996 -660510
-813631 -750083
192630 -175174
-315267 458636
-935924 -681021
835034 710571
198199 -168044
-974477 131783
-568309 -340563
-927022 185054
37044 812777
77903 -757215
-126548 -882545
369893 899078
303464 -42850
423407 892653
437227 563990
-642059 130938
-420437 14474
714642 -163231
166825 932191
892877 511707
169806 520248
712233 -56865
-936090 945127
-646625 -962434
-818697 638696
274854 -689646
744102 543825
-840457 -31989
-739525 -326218
-931307 -446870
951093 -877199
-761932 100563
336803 827427
-98056 -20794
-169284 -900243
-475050 279796
-33545 931572
40323 857580
-569740 466589
-231096 68748
532495 -921041
819233 -473267
413657 131423
-277610 -276238
844924 -888550
-748326 -430178
306798 128722
398047 -464148
381526 -816707
295078 -766794
-783138 -185720
-880312 -350896
-54184 492003
-55598 -832575
-36610 -230247
-23870 426917
346643 -290522
-882877 -863044
604803 655746
-663917 559874
251027 924232
-4039 302182
-830035 -201018
-70306 543894
905200 -635446
9821 799555
866457 645980
7670 968106
193190 243421
254807 242014
-448043 -742234
-315100 689763
472842 -687708
-627148 -741882
-519076 757885
-79314 240302
-123738 -451282
-975579 589276
695403 120977
-46982 -968260
433189 -720737
-940415 -345110
-868397 72435
-667315 -220557
566010 -75449
-200930 953245
-336855 217251
369063 -286544
358047 -390182
238441 285609
-873087 714813
-30651 -792650
-643890 40420
-491513 924886
981935 899045
552785 86370
-754049 439811
-590077 -668807
815426 34182
702114 980338
451276 169486
485992 813466
741890 -528972
-357490 868831
613759 -691520
-625972 108872
868007 -836035
-882464 -14727
-744 278741
709970 939764
-435788 -47338
814157 471098
-984782 -602362
19389 740538
-686738 -667458
-892966 340521
322147 817698
533967 -859327
-941632 -661996
580254 456602
447047 549917
890186 -616992
976063 861356
-688799 -131480
-537035 -789499
510225 -159798
-487715 549663
238345 -265388
-15986 424611
25266 -119811
-485226 -851744
407004 268180
-374883 -3830
88805 325379
-289495 -973329
-946228 -420704
-468384 -918745
-731791 -96325
-855895 -465348
-937150 -464662
-97057 818137
-91179 -271505
-543042 -582508
-721875 708867
185555 -919228
551310 -965780
53484 53315
241552 293215
-646346 406231
101415 940612
784172 -350087
-729412 -459156
319313 825525
809514 118506
-192904 937302
-13854 684558
-640458 -162756
43254 -639014
-826222 862235
-367214 -499834
-737099 -485965
-610831 -276453
-654272 187744
-929397 -208086
-551851 254305
773344 323595
789674 832623
188743 -409468
-694524 615220
-78909 990841
115784 -784563
982214 955506
-484080 429195
-725889 -730250
423289 -289446
-805105 -86066
343584 -453090
-249040 450639
-486554 277845
-922241 -588648
-231636 262074
-856561 -985366
-940562 898307
-511824 -499485
850656 -691054
-753804 -195870
443622 734687
104133 393685
963454 793649
-161351 813420
50152 -908689
697419 -301262
-750706 255375
-328027 -250373
581185 929111
498218 -740413
584101 580672
566260 -234423
21323 -667793
161619 303071
-61334 -246093
-302216 -597471
822072 739189
844071 -230496
-631967 572760
385132 -730652
287884 679575
-362888 225688
-171755 -78153
530124 -716017
-197582 -159814
-594819 391934
-242805 -817846
-712474 -69999
-248088 615705
689717 124239
-452494 58494
172520 -518855
723415 387188
-858281 -958274
37671 -992721
-711192 978788
246889 222841
671454 -104860
-589604 -196159
843661 759663
387851 -639971
793553 -935980
841663 -723762
248048 791062
-540202 -398406
-342191 215323
-745541 714248
51784 -259789
719527 73526
-644790 128650
-26468 179011
-634459 224790
929471 987078
289410 765509
-250669 -553133
663598 941825
471788 800035
-161263 769075
976589 972975
-426430 -954970
426277 364582
576991 408390
670749 -403181
532931 -780851
989538 397121
785073 697943
-399737 -196342
121109 -573081
-629548 485787
416754 490298
760811 814733
878438 -734436
69882 -145001
-726216 992584
-431461 301986
675408 440057
218073 -767380
-870642 779961
-259914 839296
766680 -800749
661725 300281
146566 937076
-300021 671268
967375 -671197
557346 -989856
-544137 -138022
-726301 -732010
407531 925138
93853 339958
237465 659063
-825464 318697
405032 965338
-92750 20556
411914 889079
873692 730520
287390 -264825
403611 -384641
664032 -627162
-816480 -382414
161906 814406
-410617 -431652
-691649 -820023
932429 293171
790785 92889
940211 -479164
-861901 466534
239492 -110799
-878315 17511
641647 -883250
-532872 770080
627687 470227
-201062 924937
285664 -828233
303534 -140300
726068 -7368
-436610 -118635
-213110 707940
666262 -233197
-88096 -576190
172243 -372898
-875362 460521
-591094 -392812
178743 -657368
-760272 -417655
-527952 965103
992975 -729402
-264597 235781
604662 510074
845946 -902145
-712317 278711
261195 706068
769093 -554346
509097 968580
220379 -985994
391225 550044
669586 -482648
-647704 -286813
746537 -73570
-978924 -944824
917634 324357
406742 798279
916582 -659268
-970929 -249054
-76707 -246134
-39587 639846
556380 985545
755842 851326
-500539 -914277
-266536 715455
590335 502757
-8043 -647394
-109207 -305323
-946318 -259973
298614 -836508
501171 399687
386511 -75369
-638724 -231170
836325 278128
-216585 -333282
-622765 240550
-562957 946854
774391 -890650
-144855 -195913
752788 854519
-205906 -119920
-926690 92462
-969727 -452269
-1316 478505
711587 -391402
106291 239275
696808 174
-62527 678789
-960757 -263610
-201723 720975
146462 -976612
810227 306921
650647 370960
651299 -980401
743011 842609
765275 887599
-436159 -927107
592996 -795741
-131356 981417
-731406 39136
693464 990652
-86112 17185
-619867 499941
226677 293131
-228144 -220448
-679823 -97503
766899 -882352
-509495 -128384
-186546 358454
-666578 489619
622155 -213402
-885885 -559284
-34393 -394223
-865139 -735688
752630 -845281
-416016 -298047
-244971 -950418
-255289 798622
-399721 -791943
786221 -368742
822450 323142
79044 -898389
878191 909076
-348395 -944381
-789627 -625429
342346 -579786
365292 289287
-769320 721736
615090 465572
43487 -147501
857917 -135617
-438223 -59352
412893 131607
-858713 -793598
120672 -318377
-814042 -391950
-664080 833619
204938 375702
988071 -865556
-268633 429645
-189262 -280074
-224617 497360
-934559 -653184
524005 -463064
251409 548979
-864349 132784
974326 -102109
-178868 71749
-341547 -89486
369414 -407785
-750059 889100
907655 574273
383093 -405470
49485 -559279
-65003 587843
-817299 84823
88185 635825
-323184 392183
-393930 136439
234354 996402
636354 960361
227419 -898227
268527 -779860
607397 -50771
416828 -917846
-235822 -823723
224592 306708
-153135 -302665
895324 39516
449354 538475
-848044 -750350
-360862 613154
-607197 -103959
-920623 407448
-583354 -35725
-295543 -45468
584859 409828
-689703 -365554
-753172 662979
548578 114582
-372057 310399
399960 941444
854215 22977
548034 -521937
606053 952895
-582083 -667458
-628467 -712093
-618164 -991999
-417736 -252934
-316076 723580
294732 -214617
977078 -546805
-677025 -162676
-126669 -956445
188008 828750
788334 842838
784107 -914552
989082 450141
-761719 881543
772516 278101
-816582 -734593
661704 619687
-201408 -141149
-710442 392366
-249844 -217077
-933332 -593589
-598244 -368841
-681635 -686760
-371983 -5251
446797 533756
-844865 248854
-415413 304027
585852 261603
137971 -668691
-632435 -717860
-447060 784297
-375225 445697
-527467 -533269
993099 -752031
634705 -461545
189868 699523
25442 272493
-19488 -896520
-82571 -245233
423158 969278
-303009 386399
-306498 -473421
853611 818322
-743706 -328409
-856020 14971
535114 923712
746997 420925
791205 495543
967786 -877646
-490369 -51688
-17872 -551321
-182904 773436
-292981 366587
-827977 438905
-531667 823017
-570289 -107209
-29606 272414
464900 -844711
-353198 375604
242655 154012
126353 712664
568287 -568066
667307 653538
980556 -476960
714981 394639
101261 -569551
398452 222180
588775 -470716
-907100 685235
-486246 -361223
670958 328763
-738518 -846619
31186 137441
-48067 76553
144449 872689
486384 555590
-330348 -318647
-889480 -827496
-307613 -710672
976832 -726525
45377 -502324
-225657 773962
536341 -900376
724037 83933
957219 869484
-994862 660563
552550 43052
-563249 947838
-218860 -222079
555604 345520
678334 214968
845391 296591
247660 417543
-641565 952867
343319 341230
-946728 -661355
556324 -87549
375512 588525
436624 -733098
3988 -571700
195564 -718385
-6061 627904
-559113 -961141
-879765 -592060
-874576 -461266
216818 628607
-97771 -932877
481850 269988
-298957 796291
-737252 182215
-365835 450974
881289 569400
-96143 -5212
990268 -232157
840427 -567182
573807 190915
909782 117354
-553439 -778522
494275 83900
-368561 -846491
386190 -10146
119733 512233
318005 34264
-608769 357646
-349076 -982557
-790204 -510851
128695 -5441
-770252 501940
642763 -884746
-717253 -672536
-142619 33159
-221176 -438235
-89204 -505484
806033 -819738
931190 833640
-634263 880211
337704 -644177
523027 180526
927547 468741
478655 194279
-327576 643824
-20722 -291482
470337 -402417
-511264 -283636
634837 827401
500293 -266135
475258 -2139
902562 -847616
-541901 536542
69566 -632623
400887 985307
-765108 463927
-370765 -782764
509099 -760557
-841166 -636301
-149799 -661193
945731 879668
772338 -487833
-337449 -950941
-430268 -228019
309731 588981
-512586 694284
866113 -196559
-41776 795148
43793 -336622
-443028 -265591
-980608 -158647
23782 -860531
621595 220230
984886 -606751
-933533 215044
349313 -100935
460644 -820292
577956 -417105
-718497 -375355
702721 316572
813890 656687
145 799743
704704 761511
-269530 -459548
602151 -523374
7087 -999688
895886 -730098
-8173 -219772
266219 235050
978247 904223
-517487 626992
221078 914731
630031 134958
323727 -249303
-99578 899800
-587158 876649
-930453 102862
486351 -791786
-784538 550909
517851 -477596
484509 -319265
975924 -893406
-46229 592345
996861 540354
-999550 810291
558842 -39739
951173 184863
-623231 -338810
-394930 -76773
809870 272132
934495 23567
-358250 -811805
-370207 -124356
-174269 -843518
-908053 707849
-191294 758898
28811 14158
266732 608868
-305774 928163
-167217 755610
313208 546055
628570 636067
-910530 -148924
774652 610885
-839164 465644
887876 796353
-685916 233091
200388 184056
126071 941476
-915646 -959760
17225 -692249
765445 105931
-744270 498012
-321143 202142
202794 -253649
-597554 -976368
-401597 499041
-933357 -274599
876477 -23934
-20824 -575544
-634062 -413680
-668816 617234
2226 611268
370303 433429
-684633 -519117
-62771 -365276
657137 -423106
126477 72904
327575 370798
-508208 -224234
823269 -704408
295158 348153
65336 -92199
-590252 -755891
-885406 -436644
637873 -519616
-456065 290010
396610 585376
310494 587163
800948 -151269
-433102 -662416
-575535 -661721
-307013 718916
-475766 -363092
301404 243315
-580834 -739512
-302929 835588
-219275 -118362
-454649 -942566
-88280 384942
-30994 591921
-60576 452446
-29192 975957
703400 -289372
323737 -352346
911841 -527716
106535 956714
-323093 940747
922596 -551223
-768808 688154
882144 -306167
773602 918457
212775 629425
380874 -721121
11861 -286783
-517456 865894
721412 65360
-786036 -488625
513387 150359
89784 -385027
-343992 324976
-96457 306438
-225524 947964
372062 -653627
983634 929270
-249537 -123482
-624958 -621296
541694 521459
-46610 -292908
322666 233377
281231 271992
-798305 732741
-50531 -933357
-262741 -102481
302971 645566
-277322 -931069
759943 567684
222409 -608390
-864805 -844073
-85876 972211
-434279 -285413
932199 630916
-165212 -540113
-304943 -338895
-382666 -938524
943299 18404
-155413 337204
-725208 432932
163611 27263
-870840 -546553
-430451 811022
640262 -298035
672845 811941
551936 -742030
-109313 -55568
921613 -467030
-851806 -332745
-151130 686268
12402 -107352
94686 -70520
-85383 869738
166563 -14102
-704326 -124445
-998585 -285053
291973 -621384
-355692 898495
601663 -267226
746066 510885
724064 591724
-995214 398988
197876 599358
-424917 275461
82908 -414519
-211180 592548
991662 -276925
-739247 -28716
788065 -712237
895441 -221445
692271 -165956
981542 463786
875972 170542
-823376 -161972
-414144 7043
-367798 573306
982916 -437518
721405 -97805
101569 -931085
223217 240703
-852624 374653
-374961 -839319
556111 -675285
472155 -203830
-981843 434284
151626 241849
-400517 -213594
-750497 -712053
965787 740723
134488 -13557
88812 7535
365440 -323683
359217 548959
834153 -550804
294426 513711
452876 8902
651295 -841393
528254 -833334
495238 817565
-267933 -513908
79946 -303176
686241 -591
407280 978122
-947747 769342
-619016 599131
141605 452196
-16560 527284
250284 174419
352640 968316
94282 272639
799441 -374043
-101975 318429
-365123 -849201
396836 60072
544099 32839
-922766 -359563
-464404 -867795
-81769 377178
-689076 724834
533302 -294650
619931 224445
657108 -576816
293548 -781366
217034 -24606
-93674 93977
380187 -821755
876075 -153934
-729318 189327
-410456 37814
-828858 -66540
-911263 -468684
-173631 320023
801789 27820
-963849 192517
-549767 666842
30284 406746
329555 319735
335029 -29016
-364098 229891
279716 -887600
195268 288204
732588 139889
993679 118914
737937 560109
363965 -585461
928661 676711
509004 407471
221236 -381146
-193979 640082
-455459 287762
-935740 484476
204791 -44866
541924 -126666
200466 -757301
-563711 -332340
37239 -790623
-67781 -32083
17767 35793
-72701 -306134
-456690 -459149
790621 -111123
405902 251199
318344 330499
754815 -816791
594676 -345252
-88533 820143
-241681 674266
-18208 59218
750931 -554529
-939488 601539
102217 697295
-615879 -469720
807961 -369993
-552849 -929256
-121204 148302
592072 -360914
144299 367209
397399 758516
968740 507599
120816 -177033
-765224 -963577
-724163 443432
219653 -4844
881795 -282227
-442300 501595
-884290 -905368
-127599 -653376
-936157 769365
671379 -240006
360633 -902315
-16913 -656820
-592616 705593
143908 770895
-607454 581011
778651 885719
-663885 483541
807450 797553
731100 436491
228853 722515
490150 -585941
-855226 724572
829859 974354
291758 52676
-412906 -33063
-30077 -807558
676365 660087
-674707 874523
819364 -215909
-460546 536379
-933925 776725
123530 -291169
844727 -382376
661846 -625008
962794 604184
378206 -717017
567794 -636218
404761 -514604
-613495 -20379
-792175 94490
-350498 -786041
252858 930157
535540 551288
-529375 -881358
-410522 748420
15597 625161
-597116 273101
-957765 478999
-262019 642187
-304149 -81913
-613809 552267
951621 372138
-752023 582454
710425 823992
-411492 216312
684193 913457
-722727 -264477
-497401 -697146
-224387 -972761
697086 481725
242235 -782904
-370051 537929
-144421 -583345
-625496 996748
-16997 -656394
-854959 529459
331358 -369634
-920647 -347625
-372100 -714888
335286 444820
-176705 629465
422243 754335
-490208 351432
124388 -161297
17222 -8397
-894380 203737
-709800 -791495
135222 658511
-905996 -670872
260105 455865
738132 922806
374493 -613090
-913934 717744
-106206 559414
75850 -35003
507111 690872
-222179 -334977
-562791 -703175
406296 -333756
-751736 895954
149969 -766109
-336410 -617729
593524 -966489
-514949 -320932
795998 -814917
-701040 764517
27223 572685
-136367 -705261
-262120 111085
-286624 976337
918939 -292304
300833 860971
421490 804708
595062 266890
539513 530394
-976848 -341427
791163 603623
769764 -874827
-958649 161982
-125437 442336
-973487 945583
271833 -329943
-515316 -814497
717651 -260395
-596446 452354
-696099 922989
626335 -906560
446548 396064
833277 975892
134133 123724
446161 -2919
566762 297820
401048 773303
-447896 -530018
526209 -805466
91778 100820
-785018 862994
709902 690818
-924669 81262
271259 244047
581207 678329
209023 26871
-476953 26066
-169538 -718918
262200 -671946
-709558 -499443
315696 -442983
-753180 512027
5745 -599739
908670 976432
-41303 603348
-171234 725540
270658 -124310
-610309 -149794
-461556 224616
892339 79414
579552 856812
905615 882917
-506637 -260027
-448200 636579
339514 862008
-124448 -29227
442341 490703
984768 400361
627236 -402146
-740433 -594174
399643 -335575
692359 861016
-414658 817034
859765 -739247
-607796 -857519
-883367 -884114
577924 -686644
-233904 -541903
-564040 -104673
440705 -479395
850575 -444751
-37063 834063
-485365 -595599
294249 -874229
488227 -881867
-582609 -694926
-298879 234798
-7098 -103291
-558833 -151550
-253853 -282702
598967 -666429
193414 -96004
779612 -614678
708260 -567520
-54979 707439
-371878 816751
-564045 379322
-277427 503056
144297 246519
-392729 -474205
-129247 -697973
-927391 -807680
-398812 287923
-629533 -139144
-263494 474851
-452116 902200
-496087 -201366
663659 923327
501698 -819439
-599975 75888
502447 -881944
498750 -907685
441685 -695799
-403931 -748563
-779074 -187937
-237354 131964
-800485 -773260
-946889 609888
644332 -439602
596029 811418
-288259 913499
-319099 -920969
-460369 880231
512469 -112893
184580 536167
870336 258846
-559329 -790062
256780 349900
94250 -641999
964758 -856839
-955001 976652
155219 950854
302357 -325127
-811467 817093
-455864 -851023
68463 -60101
421647 587412
-897316 -12852
361056 296928
88963 -241266
304131 -912123
798023 521375
277009 221577
-38979 -538366
947797 641479
949657 -617756
-650225 -436401
-943079 -220593
482217 -338460
324930 711088
-846211 -747185
-223782 -561639
119125 -188928
409851 -672004
442487 -547896
956315 -759107
254536 -440626
-344041 -528686
972101 -503549
988613 947834
745841 -766878
-405419 -540751
353269 -838384
-833864 423700
-799780 265751
-955633 -860905
358514 -667325
223985 -927443
86431 825035
-610248 567063
-288187 977140
912935 737020
395600 969694
-821384 -223478
554354 319834
-725577 -541074
433764 -597751
-820216 370263
-847819 925896
-291312 578648
773022 -451360
-927776 -646562
-82164 -39764
544697 -628068
877385 22442
982145 993925
26763 -906625
130852 -164196
-223887 991132
462686 577234
-798810 809106
-189685 734014
551946 -882479
266016 -86920
-171906 250301
869050 812619
-794632 -974375
690218 -70603
90779 -6547
668221 179076
-329814 -265077
532552 848141
563616 969295
643555 -192222
180684 55934
-492093 155829
341418 993546
307215 -517468
-554133 -696009
-544806 -823733
-506556 -340729
-766575 -529004
-584043 -943135
-155794 923737
526156 -715076
-975799 804153
38357 875129
-978533 51839
943702 -7455
128372 243383
523795 336804
-977193 195625
709890 922358
986699 526879
796622 -889240
-74757 -187250
719905 585398
721050 2653
233107 672595
570008 -772194
996212 336140
-849421 -959452
-654977 -861009
83385 898989
-731640 125052
836193 -967972
994913 521881
-705529 -963108
-928784 408387
42576 962033
113715 465817
-264543 275975
980794 -32182
414688 -113024
883620 150070
-524395 -114590
-565121 -172158
-293009 605127
949121 -756723
758097 -247969
791136 -507406
132001 162207
988981 213161
-337687 702653
605552 -601548
47576 -326474
133648 602260
441368 264963
-565047 747058
238700 413787
-644420 571551
-738523 -759700
-643339 -411118
-41072 -661916
-782326 536616
-598649 942540
-375147 -42572
-420987 -136794
844389 824583
-872992 -28738
421771 394812
668393 -71406
857574 -839123
-806148 350477
-807933 997491
271012 -222772
-844744 -356512
438703 388558
-113611 899496
665398 -829364
118275 -221366
-627330 -376680
-670887 360487
-916544 -430432
8693 -218417
998974 13579
289595 -969590
-406664 -715934
-437229 -309455
-583912 713833
156796 -369138
-837267 -830830
-772164 484549
271293 -535753
-194358 -567833
-952958 30239
-731698 252264
-954871 -491266
232801 812907
-454504 903301
-654042 139111
-364254 -823961
-679457 515662
321338 93338
-54100 276527
-568952 -600687
-255720 -64020
-325078 -5288
-88368 188057
206995 891437
-19742 19805
37093 -105713
-397905 -1571
-364662 -825864
-926207 136521
392888 673016
-237066 243741
-754117 -425145
976012 -484559
-239126 463087
409266 -298490
644080 358595
-882700 -418565
587690 -302469
-720027 39192
310310 777415
167333 -253983
-224029 -368828
-892978 -254097
83695 113441
189598 -177406
-609524 -75206
-419913 -464441
-429716 -852930
-752732 -987980
-785090 -350804
805723 -206226
692832 815249
349146 -112977
-920687 -205440
404176 503582
195289 229245
-534780 -427743
750111 -240294
662998 652787
-724133 -504032
-764684 295507
349328 798140
-160001 -748459
675603 524622
430584 107919
747854 -709661
-702329 704720
178022 435586
-810223 404239
399509 687612
586901 -318332
285276 -955581
-501484 -524394
-390895 280753
-925629 981426
296363 -75268
529163 932642
283368 -287370
964934 840772
634324 -63499
546017 818208
5989 -947273
-841606 -429312
-330070 282279
-280247 436116
-444428 -533043
476729 717526
114305 753484
-117929 -411761
241466 -462547
-855976 784246
-18623 804207
-133105 -542589
-254362 176862
-654327 92317
-788306 110771
-447421 860362
677317 588374
-143070 935044
212702 -802262
365662 -268583
-523271 -999340
661005 -310701
298212 425875
-8351 535095
-287119 378671
-695145 -918860
442809 -643082
283406 -670635
-114761 -73606
449014 -268191
164379 960633
708044 -516827
127004 -380079
646990 -17521
-625606 -940113
-738956 228780
-579069 140008
-965724 360254
311178 510287
-349143 -755278
563978 132724
210647 -526980
-731791 583746
330523 -899036
-56222 -708903
-731638 382598
-39790 -287060
-778215 -146430
489974 -882056
-480969 -255666
10034 -454460
44278 393435
727959 -257953
-436087 284783
695106 898100
422220 -17922
-240963 -156387
-748637 -461825
-388297 -682211
-764755 -498156
106727 -437692
521569 -634667
166945 -137153
493499 -206578
813643 712133
-121773 -34963
976416 -473647
758622 629960
749587 618886
-431612 160631
238336 -550604
-822957 813534
123227 -813872
787108 912099
-679093 -713753
985728 -989137
486836 890051
-545044 629622
594694 -510157
125836 603826
675129 -905990
-757877 396302
131039 122237
377843 624863
926083 558548
-611201 -810373
-305479 -131637
-438248 -741844
-385155 -906005
316211 98686
-822204 701476
-205499 -36937
-255519 -592110
-737205 328549
-573034 715497
264454 676682
434560 -647284
-700861 68172
634647 -807742
-40952 -515278
30622 58918
-385339 26676
-259471 620333
622665 -249401
-686609 -302171
-729203 -386500
906677 809795
878696 87137
299058 -932273
-816894 -880367
577584 59484
-253572 777944
764146 -79794
657530 562393
424598 35828
516666 31622
752850 -703376
-362643 574838
-211457 -276621
508703 618043
787057 675923
-374762 -992033
969599 -883956
-831523 528813
-400167 -934608
-157779 366401
231303 -562709
-239549 -877543
555585 406039
-113355 -727392
-930916 600039
-730688 -147107
603239 121621
-801589 737169
-709773 -485653
331213 110185
264168 594117
117892 -47715
939182 -311180
-865341 59556
384491 -496677
639165 225784
510969 881544
576072 476574
-6272 -285121
302629 445452
589939 274015
408114 -977145
-39925 -550928
261732 -878463
675206 269948
634988 -673627
-473559 678123
-378807 -773152
-989391 655259
-628991 -146737
-444532 374445
-844300 -809264
-419540 140969
202594 -439326
547128 750527
223154 320914
-213926 383631
-275081 595715
141577 -966835
-767549 448844
-713380 -337553
-404091 855292
-316593 -302175
-735030 575434
763614 931174
712747 -465136
-654642 -473101
-722513 591945
351864 563802
-207309 -359323
729091 916618
310787 -131043
547208 -835234
-865687 -635769
-589791 -510875
-157942 278636
-963559 992852
-905263 269440
305171 598554
-974589 -382387
454662 63287
-407547 350941
-227617 -773455
-472165 190402
-800569 911412
-906573 259941
-276598 675432
-627724 691908
896316 -292955
549490 458542
-566342 -155165
-792035 -53039
499990 -886670
-246750 -26189
-92007 226627
-987082 -757114
-626713 134695
961963 564128
843976 906996
646877 607312
-491553 -915753
734958 -416603
419735 310828
-10217 -297921
7601 -332309
-187549 -22930
-392774 756340
-280208 841215
-556865 -161516
858618 236333
-730621 608517
-504081 833513
667867 -211661
-304454 653333
20746 -868093
866883 -112116
-249436 -765671
-605939 -526039
-665012 142107
-669571 14878
-538900 -244125
371466 591388
-914280 -992917
-192551 269956
946834 -840527
-96296 -984926
709666 9547
697537 661097
902627 -983366
281954 595370
458262 -698376
533824 170090
657346 -376572
-899851 765497
-844885 326777
140720 798994
-161999 970057
87971 -569314
-191677 925882
513636 -61144
-645624 477262
-942069 -478709
880417 267498
-879164 628657
846147 -445690
114352 -810490
633213 -138896
383711 37272
934079 700667
-223170 121592
153143 233612
-478038 -725157
31781 -384914
63244 -238331
179322 -902941
-85907 408448
798626 950008
224514 447029
-987123 532458
-172880 972478
-132697 -74427
-563713 -432177
-858382 -878525
509203 -678496
580450 826901
-35619 -880864
811383 322066
-207965 -946185
17592 104621
150872 -820273
208166 638229
-532351 688171
-134344 886936
319588 -26049
-65002 -470336
-695403 -658845
705317 219068
-621711 -454089
833812 809715
369080 970398
444438 487498
-552989 -30308
393820 -437204
-325852 954101
360380 159612
368509 625414
815747 -197296
-210670 -874709
-716225 692057
791908 193187
-671276 -592060
673428 -13985
-861144 663244
-737384 706370
28695 402591
-165263 -495651
703097 97444
609266 -339834
-610205 708666
902143 -794273
-211458 -478119
168936 30477
-503897 -640075
207343 637456
-44385 -332600
819965 -924431
-483704 -4046
818303 -840344
930700 -444312
-923937 179207
-980732 -603328
761871 315096
-201755 -106752
288174 -666515
40815 700383
959897 -376582
-294184 -206803
-436803 -828044
-230969 -934785
716899 -343524
-502592 -235845
-121150 198472
456266 -473215
-854626 -838319
881818 -97991
-144559 -751915
98716 451544
-908606 -576230
-759048 543596
-981884 932453
-75580 208119
-927330 703524
660940 -535132
-40726 -107777
923222 136685
878941 632235
340432 803910
-527679 529569
-949161 -832490
485774 -609690
134734 -97861
-333503 -732440
497730 410769
98877 965783
-587833 -220827
173472 -297399
214137 862013
-789577 -194316
978382 -859362
-175216 604539
-222994 -454112
-806813 837894
30703 -472051
329718 400716
-336064 206260
-145345 659981
-137985 -290376
72204 467443
130858 -361565
-57411 328087
475167 573976
428905 -674916
370341 987128
-234687 -124351
-421824 -436362
843645 -683093
-410053 895193
811277 88295
-510512 -744038
428618 -576146
130137 -851229
-429895 -853267
-846532 981735
105794 259258
-605571 592297
-853627 221811
-206071 163512
983570 -794929
-533324 -204410
810721 809579
64547 214125
655086 902633
807612 -472507
-574590 122659
513894 -341534
-772058 479513
218181 -339837
596548 327487
567857 -279746
662433 921548
806545 -644941
-405991 216030
-180003 -578445
215619 586910
877946 472612
975636 198106
958808 -793671
-706819 -732505
819541 44125
365668 -159210
-520711 -726788
-148601 -654999
800008 -469498
738595 814820
838770 -992658
-427078 813420
75507 -755243
-216437 853480
-317024 -323195
-977623 -958897
-21770 204565
-343225 -226014
444822 258715
318121 163139
13519 399449
-147908 512529
68314 -506609
187607 531733
-989642 752517
133910 704370
-461742 -821232
-693871 425304
-254977 79749
288641 -852522
788282 -19564
-308627 -127889
551662 -299819
599268 -71129
515494 612031
589460 -924070
-527337 -228650
-3603 609908
-631606 -48007
-962808 144216
-203489 -502094
-776521 -460471
-550914 565055
717311 356621
435690 -748402
826222 199175
-631036 681418
-148128 -218149
-984466 717539
41997 399757
30342 659399
-145874 354172
661295 598629
-541024 391487
40345 355980
352567 -108740
-980161 907371
811605 715928
-816896 -598090
115949 642318
-512524 436226
301418 93399
-795006 -893286
-913313 968917
-642460 396585
-897648 -849770
789070 -325065
512121 -684103
945507 -96322
573676 62584
977943 -918488
231740 -183573
196513 612571
605381 -5298
-54175 -988343
176118 386534
-970379 673424
-785810 950081
951780 -924956
-267181 75928
-473139 340670
-473633 -116052
686945 -785822
395801 -215878
-261892 47493
383989 -718059
79579 -155157
586205 264643
-792564 -588983
509372 239668
415739 -565928
-145859 -300435
-976655 50959
-530465 -596799
26299 432253
364298 126678
890325 543557
898137 35075
336701 -577009
-847834 -37950
969696 52882
29660 -973818
915191 -52817
-220709 -585419
-290690 -906476
121813 -640677
929380 775454
-863517 404314
225919 -496247
-358255 696890
809213 -629235
382562 4234
-353841 577286
721133 549860
-647692 -120828
-465597 118708
678667 423113
219412 159072
-849266 252755
-333030 -152137
447317 -233341
358588 -379057
-30099 -283841
511123 -319581
-453480 81519
-158994 225080
393675 197943
-48109 628748
-165405 579998
-10976 -828960
99669 991529
-396325 780718
372242 -69591
-819062 592077
-768512 350910
434243 791250
-529767 -599892
-986065 780380
858784 560977
481940 655884
909551 168780
-469451 -670947
-964087 606798
788678 -391163
625284 -720189
-682726 -815001
-951966 789090
-517811 -338884
497170 64479
-813691 919673
-722976 -183955
375873 364619
-218600 393538
624250 -948462
261759 -264465
542410 884045
581317 -460197
657005 719057
702943 265328
449564 -751048
-351357 -118652
-913553 -907431
-200547 -802264
978415 96333
807029 866471
124520 826190
481577 -469040
437640 79473
-421106 251609
746964 420866
-185339 898205
-244885 403650
356032 434429
250712 73163
313949 -255746
-331733 984126
555817 -780807
-601463 -285756
617183 -248004
-454040 483059
815734 556375
-375999 749024
-420198 -919406
935228 991658
309255 413921
-858951 764485
-92273 582365
328888 -995538
-569175 -912895
-183473 314357
-12187 -644333
15205 732060
560103 992898
950300 -526384
132449 905060
-232584 -233844
868731 773320
-588786 -716010
-733168 -41531
-565073 85673
-462920 -530988
-517195 94193
693140 872844
-497764 -499217
441116 147293
909655 -829920
-862100 -212715
-517307 405135
208894 944102
-30655 413354
986264 936660
-229156 677160
596490 -448996
-929475 704950
-393297 923761
957820 647691
895080 -564258
360169 656622
-970635 -311554
-682844 562167
-107695 155501
-324895 386866
575038 430964
-888509 -652341
-129972 64379
317028 546399
-718896 441599
-500574 591323
779123 -43624
-702171 697906
-471933 -225787
-548490 478511
782778 23421
-45566 532875
124743 -551213
-848964 904616
625764 584210
683051 385116
172163 582774
692738 -262801
-753740 125364
-411529 538385
-976252 235863
708579 -107837
-89270 336942
-969928 -696588
-432191 -690162
-246862 710150
119532 493600
528637 -275560
-250715 274635
-505043 335546
-514541 306426
130393 75478
-324600 -482954
-822741 -302378
276392 532850
956458 -48615
986117 -829125
-82268 234504
747401 365856
157334 484288
644851 -628681
952614 958499
452235 574664
215784 776931
-164606 588082
-497796 437107
-462715 145768
104669 -650831
-457599 -249677
720044 232377
211320 -191868
-993826 226434
-293598 -483956
323953 194102
682147 440396
-350843 546705
321346 -717199
14734 -736657
456860 -258316
871070 865482
113073 794168
-886538 995623
-723203 16619
-85188 446905
182455 23217
-736275 -180564
498104 -9023
-35724 -37269
-185063 -797696
446736 407057
22371 53261
-497817 -458552
-814211 -728323
318067 516142
974824 143932
-770147 -715773
-629643 132385
-964717 -749405
-585385 -87946
358219 315061
779297 632078
-599477 179201
707115 581916
529437 -424450
-31816 990352
571717 42090
-652899 -991220
778930 -135978
-450292 -85677
-31901 390835
-823908 -210669
-793542 -527361
-664076 243440
-471576 -14631
-494329 -898439
-333497 -810571
449337 448908
930900 931189
924895 238004
-488969 -284349
133701 746597
-325305 -523175
531139 -305837
-644811 -181926
49236 -83144
-952647 -621936
529994 952579
-429352 333592
818977 -969906
66435 -467711
349551 480174
-454049 -630082
-586630 -674688
-934093 -767219
-704778 -613604
184950 -419723
104875 -566886
580683 -349483
924648 836767
206768 -677705
-996169 -85250
543978 200414
-482476 -345599
-464782 -805466
615993 985497
309927 449409
754067 775634
674876 -466481
-465568 637930
-372102 280926
-631678 535412
855503 843235
938813 -747884
-131673 -588266
243575 352209
-502111 -586011
384807 941245
-635311 645288
77445 -1801
-806001 938473
-655352 -296574
139070 540232
-561101 -731155
423680 -697903
-615100 443439
751197 152800
-818224 -60970
277402 48035
-9000 146450
977398 413548
-817067 706474
-300740 -968075
-161698 -329554
-717227 574784
-785879 -779923
62483 -840004
-868679 -689769
104154 -316988
957441 837405
-866716 344068
-278538 -873465
-451052 389734
-799167 948898
804987 22099
-793618 76923
172375 -611769
-118986 -51485
460149 584955
921175 -327945
108639 -233491
-693212 -660108
710148 -181879
714166 -444849
-700397 -446177
400377 41630
356930 947161
971767 87714
662364 496044
-979715 -666688
876467 -328731
777101 983624
437293 780194
-18633 -736302
-578130 259775
-923478 43438
881458 224469
674827 -628780
743833 435146
-610798 187360
-840157 624592
-915592 -153106
-753494 -769395
87907 -123566
882527 -656672
373163 239979
262814 -63203
-85177 -126624
125659 -210832
280438 -936363
-945888 -743245
-688273 216043
488699 341607
-381126 -130280
-200263 302108
793996 93013
-783856 574831
929616 -160693
-117690 -650
305101 -272480
995138 922198
-336340 723530
24611 -732492
526247 689778
-423909 -589192
169021 631127
-359470 -662699
-655311 -356737
-926707 -132162
189770 -543506
-402457 -227537
-772530 -45274
-393635 229572
610171 -689480
51607 445722
-762994 -276287
520515 755878
290420 -533185
-995352 -512410
926249 -632187
879386 -314000
-384876 -146978
-609813 28936
-967450 -836936
461639 612284
568784 896696
-53738 -576586
264580 624772
-447251 -776265
-729456 -459457
-606548 725996
755569 397532
-720579 -792234
-714918 623548
-460742 -256913
-429366 -324762
-223819 -916951
535834 -507891
-901475 -987734
690195 581314
-986410 -104738
471723 642679
-954410 -205302
955475 -964824
433874 -961080
-546972 -229439
32435 862107
-551475 -474495
750888 -520533
902997 -142275
-777246 76318
764605 -44855
883122 -908112
-170445 -692629
-912353 -933260
928008 358784
305742 -714111
328187 -463677
-891092 -299287
-529265 772088
463519 -838923
491195 313134
761315 -921187
953663 364694
-945596 -392699
-713573 76417
566895 -211832
254046 699872
-338183 -665223
-315023 -734722
-150084 -779939
929478 376277
-671597 -294940
315193 -659557
-530715 -836206
463632 235625
566926 250929
175127 -11021
-250325 -435252
237791 -792413
-142693 -1838
-436745 568831
385953 -811706
109952 -258692
213096 826166
373681 81729
52225 856236
-654113 -218445
411138 53875
951981 -533173
684335 442687
494091 707307
-341385 160945
-925402 264695
-304340 -630570
-610809 -707133
152158 -963183
83984 424434
116621 -803463
-552107 -11216
-571328 471109
-454275 -825855
814238 299808
884849 647679
-170593 97961
-257848 -64432
919187 934403
-578182 -668278
673663 76
534980 -754698
439975 -332414
-561857 917416
959878 254799
589387 349758
430358 573968
-391640 313836
-270451 -500274
-429305 -995412
700121 -920494
62489 442157
815238 -930800
867394 -642673
-125625 -86396
-544025 -380395
941735 -460164
-666034 7255
293928 -22361
-598398 -929767
-157591 -657957
80198 -95345
660870 -173322
-963878 -373843
23875 779386
862238 84258
259020 683276
-400800 993608
87945 79646
-519216 -259049
-123810 270660
-616099 928411
453916 -591374
602333 281296
-288916 -189908
618609 544497
342473 -684841
264732 -167605
879101 -355857
929931 645056
330132 -306768
498817 -803176
-204598 -445846
623976 346546
885205 -780075
831182 -447877
-247848 -526961
-17819 565117
878630 842624
918798 -911179
-653882 -687306
-400593 -423494
58047 786039
-388690 329160
920297 666191
-914216 34469
-510949 -939396
344742 -653655
308791 -876071
848202 -602919
-510990 -534015
-688462 374073
-67975 642938
7236 -652575
-195136 -792777
324312 -420355
-803742 -699277
314546 948901
-926699 -11034
-183851 159471
202674 112329
248400 -173653
372819 511401
-303877 -219532
799994 527446
334612 833076
-230752 -253978
-189087 575333
-409249 -517660
935948 -262114
-745701 975489
997265 70366
472984 -599863
852237 256091
-776245 -388800
-994324 -440967
428958 -799776
-731232 593246
631043 924754
-722725 -672913
-822780 -496862
-256674 -164981
-266253 210052
-425271 527830
-805930 460229
-671989 854302
743574 872038
743971 -983185
-660978 443698
-851984 -727030
869330 -915564
64017 -733382
-211665 343189
423711 -417966
-114935 14848
-900722 298557
705193 -849240
386483 183396
133749 529575
309074 -705397
-504954 -841583
-631414 9332
797941 489373
131267 -234848
558985 -966026
-305348 -423372
49835 857200
991648 -528759
644625 -472098
204484 89208
-442432 355065
490839 -11677
784028 153623
167754 147292
-902708 -987586
440166 -915046
-473220 -665628
-391707 -606233
-834488 20124
-659248 793531
881533 763198
576907 324427
-113860 -182270
-559702 739175
-262170 -231516
-465225 937117
-339914 401268
-420740 708810
-686990 266801
38586 650298
887187 842700
-328135 -256192
-72262 777658
-216255 1380
-269613 -796320
-214761 -930554
775511 -729127
-414806 560158
-109179 696981
-443529 -36149
269122 -223325
-223854 -253657
-644378 231462
-529622 -905287
-245154 -18369
531968 691461
639854 -68162
982566 -940123
-826076 138807
-48304 174680
-773695 -408200
-733674 152808
783491 -810582
895699 364220
-306676 -954788
-938732 213950
-874022 -650154
-551080 149307
-587597 -810584
753945 533942
-581721 948177
382900 488195
-296803 512890
756738 -378741
-906794 -335817
452708 263111
-110685 258289
703083 823442
843568 -837848
369217 870959
230745 787976
-497429 501650
839382 -154311
-407333 26657
-616615 -458786
646363 614582
706949 849191
478078 690824
873449 -649941
-510160 665013
-492459 -940754
-43595 328307
-112971 -386479
71379 -243209
-265290 -199393
-603075 813883
414657 -477976
-455772 204519
-748200 -209012
1270 -869049
984785 504626
-97203 949606
702053 464387
735225 89719
-174583 394056
246982 -34736
-318286 -972002
-778347 -381206
65295 183028
901038 -660951
516226 630102
820756 -629183
977842 -391337
-41213 112707
751838 533289
307998 -385345
-201671 -268690
-704979 131116
184104 849011
339950 -403697
561842 308285
-105115 -294588
997828 496200
852359 -56667
-207136 -344147
-506103 861731
-952585 -916718
-240163 -821717
397506 -632260
460188 169638
353090 -126542
656835 -414251
669836 -104985
-466046 -701610
-345976 122232
-340620 -34736
171160 -130127
835530 616330
702591 544540
66427 655873
-275708 -973414
-373779 189355
277895 -45160
432534 810173
261723 -219168
-972819 915580
516840 762580
886502 -89612
-402341 -174862
258883 -622156
109492 953264
612987 -95101
535417 572672
-654669 -775558
-30117 438900
264042 204391
448558 191208
-739932 593624
-178724 -422433
-771069 625805
-263735 -14883
720410 445093
665926 812647
27404 -776840
352403 -445324
296399 672328
379181 -374143
-418399 33696
-709797 -25418
-559616 -505888
818024 -43483
444205 -300332
82881 -30264
-780753 -733060
621183 -224155
447369 -677441
-925768 681263
121174 481018
-423191 -415819
26776 -771509
-656639 540569
-975561 -596371
764360 366462
109276 -37375
-956846 -493815
-951573 -274414
915721 582938
100274 -949041
-137562 -405341
567073 -895303
-179590 868915
-322258 -502201
138948 59452
989165 83478
797349 -694479
-456866 565769
-272373 255071
899489 -434436
-413386 -744590
521832 780084
-316176 434085
-275105 -15888
-937885 -669562
-602808 -528474
61376 -631554
-270774 280772
-169839 -786068
-495800 -635380
-606435 636353
-11547 -183257
796115 -28474
-839735 966849
436773 365963
-935753 335199
476720 -618576
-890821 279341
821058 327130
16456 -436279
-821141 -726411
850390 174718
294887 -892048
-196129 840727
-950978 308627
-503078 613317
-773831 85439
-985260 446411
-841426 -601166
134343 163313
-603332 -609785
-742785 -296937
544025 -426921
-754174 972620
457769 -123538
993492 745109
417918 -588781
428359 -494461
-28582 20990
313180 691706
-323650 479492
277780 -152912
673354 885330
-900314 159057
212341 346129
518259 -864059
141731 200369
-29121 726762
-652102 -662167
-516307 -445792
-982660 390779
-763404 -607580
-374522 -94739
-856993 985713
964588 -861666
-870220 944922
110997 -751936
-844023 -792202
-233867 971614
-141350 66374
-273886 259892
-311190 -508803
-433892 305080
131462 -50214
-474865 893661
-453472 357496
884401 -674659
-998359 827421
-235561 259315
-34791 276277
-570031 3263
211019 79346
555973 -105629
389939 614360
883710 -619525
-770775 762928
-317577 644211
-775611 315229
-558004 131079
126212 -515811
966402 887579
-214323 -84700
-238503 -92629
-530408 -684246
646169 513155
783850 602406
30061 -109818
776139 737616
969390 -901897
569571 -958991
-746994 455910
-519966 -511871
-474877 -473944
1465 976015
708698 919619
296167 -162847
391274 -811646
700772 660582
796148 431400
-489088 -53272
-368705 -31096
-393433 -622690
-229300 -943724
-556640 -114912
-992546 119339
-909033 992503
424628 -76517
65796 892747
-490829 634495
-963755 984094
156212 460088
-548397 96743
116467 -954283
-503793 423063
-937320 -629116
422428 -247241
-57018 -210404
-867812 -914951
-83707 -363779
932603 766448
132018 -171986
299659 -582133
-811637 -396357
669687 929301
34486 808376
-358670 -727283
-187698 -61096
-347716 -927106
-593767 242335
47877 -336639
-827605 154518
-910433 229238
-511520 85953
-915894 717997
-262354 913182
302813 -665436
-82916 920944
-186922 -858793
-907157 -675792
39024 -259952
-595257 -586725
337341 -791384
16676 -263011
780256 559516
394308 358423
792019 -199711
-333796 436276
-575159 35449
-965358 968415
540874 436548
916455 846716
609480 -113334
363523 41779
623403 562435
182519 -39871
743162 771701
997377 13996
582246 30158
-165845 935811
-138602 -75910
-69458 -336514
332829 337045
-893718 275434
403488 -893922
430898 181233
-897747 -283217
701053 311481
-702903 -51380
-812480 136010
9158 -863384
-218727 278173
833838 -177622
-563678 -667778
-344654 -802310
538774 -3362
491517 559471
317228 -278540
-612008 -879165
-919093 -883737
460497 903285
791440 714155
-671140 -174651
71006 367178
87521 363870
452404 -106220
-906835 848614
-973377 210982
827219 -631937
-799795 950176
-532748 -113828
-75479 386588
687675 365967
129050 -310285
15010 -704731
783211 -727464
929617 -166179
735364 484993
577148 165357
461334 592166
443361 -728271
292526 673097
122460 -144572
-285781 -674453
944957 -779358
30879 964380
239741 584186
-176227 250096
-398560 -437576
-23395 -255793
172503 363186
-168017 810559
159578 -514549
969137 195633
-136058 -880113
-849942 -620134
858604 632906
967389 -997354
-362268 313423
24341 -835905
410173 -743793
949571 -103478
359651 732392
-180584 953744
-926991 -514554
473411 -773924
-960059 -7762
-837141 289113
96567 -657931
737228 455548
-415189 313294
459194 950483
-633551 -700072
-737056 -706582
608391 -442200
-171432 803607
-89294 -404839
-529589 968739
-964465 -65683
-591181 -615699
-731454 -559271
933159 -758558
-351044 993224
-670914 -6860
-334546 -320499
-209081 -640417
-426504 857424
-745331 -394819
976998 271486
249157 -257070
913558 -699837
-341573 -870138
-328247 -156166
-824889 -5560
653712 23185
-116335 20352
244533 -833609
441292 652301
92946 476313
786689 -181513
867516 198476
-89884 316264
678141 -40823
856984 -345917
336085 6110
-433745 372320
-826436 430021
277630 -169945
805596 388786
-266487 -610551
-713981 -798156
-284135 -630827
486755 -564908
724982 -831118
638104 312256
-920497 -574260
-279447 812752
866835 -611149
-906276 -661439
-985295 959858
-744296 -616395
-75968 -899354
86140 619263
477523 929571
858111 549192
-270181 162177
-491317 -588277
-111403 80934
494891 -847679
765686 516939
672436 -710306
810848 -5389
781335 -469081
760507 497050
251768 160881
-989848 772421
614164 44577
783465 173675
111737 -659294
-660955 786328
634071 -459552
761702 321244
866196 21217
-433757 256654
987103 661000
-800456 -188827
-596059 904223
-359003 207511
815403 911061
-331096 927724
666937 93958
682020 657134
-958685 -554299
-206279 906852
731392 -512138
420147 -118351
735486 -952624
43251 -863240
-378434 421457
-581493 -769545
-149556 -936911
47471 -481268
824551 -234995
184325 664323
-496443 441119
449750 485135
-318391 919842
-951746 318431
820892 -324748
-206062 -323425
224440 -921085
-280826 -41971
-142573 614450
-158998 -188681
-577806 -638976
-406528 -219680
222688 -517455
160873 241301
969266 628879
845960 -362582
822402 254237
-388679 -626983
819602 -59115
298899 -876618
23460 -39309
4861 846907
-355594 546059
-415571 60971
170263 516353
46477 821554
798782 962251
-498127 153148
576190 -236131
449082 301638
-404750 739060
740000 848550
590890 -588683
-641541 -400470
316338 18197
821894 -529565
-503401 15357
-615314 131728
928472 652864
982762 130546
303611 -978620
-980895 -593156
-962676 348912
-800496 -537505
647118 -906338
37866 514053
5914 432699
485782 -93480
-297292 303014
890720 -325200
282742 -688047
639934 -434007
-90510 632876
876245 255591
479730 -43001
-279493 931978
-300978 895397
-548055 32811
-379587 520299
-446948 -273450
888020 -701613
919931 -58025
-552760 691901
702454 613673
-316106 586517
-58884 -806238
46736 120986
-949303 -853389
-360811 140963
-192382 -216511
312175 129625
720318 469862
-194805 232116
374184 811690
163266 -868464
262740 -325815
-306442 449140
-776978 -525973
-265797 -377910
-932493 -968844
809075 967429
-387143 850647
731366 662522
-818386 -630553
458968 -565618
-10139 -639656
-878627 -424373
-504942 -636491
596007 -767467
-485975 908193
913255 -960477
-55452 -164454
89380 635652
328004 -269333
-635992 -778720
540227 858722
-213785 -609735
-702353 -956549
230431 986350
447159 -254057
-158862 790860
-973149 366642
748393 839895
-523556 -226679
-898220 -625293
949156 -253073
212077 -975303
111765 -432233
150954 314041
-922218 238403
650810 -532023
-987484 409433
159049 -733303
406840 891558
-765680 -679471
-371800 -728799
894797 133702
-203082 261615
999553 -44838
414934 17250
731292 286949
461173 -313444
619682 549793
-414554 836798
-868998 -893774
-804301 478402
786144 587952
-882656 607751
-308961 -683636
-36137 256181
993174 497805
260441 -545992
-762005 -917380
573722 -421111
-1419 -662967
793298 951674
133658 296113
-37492 220224
438070 763081
-663191 -751001
-331270 770645
18781 324719
-137630 690862
794320 -435185
899538 283361
872604 961624
196393 -353706
811282 -520507
50027 145287
-612407 872738
-774397 799639
-383198 -279950
-685374 276811
462788 843946
-769148 419465
-798969 356791
-2057 -171748
-193220 963928
-720615 -703996
-422110 -444966
547028 467847
-88818 -859263
-645970 -522860
-583507 -3319
-599496 633784
219683 -379822
805997 549414
60012 380932
-196563 631040
-96767 97082
-274390 -895991
-858481 -251992
-889313 -106710
807921 870044
246091 473416
81001 327472
254801 -656111
669815 -169801
-393074 -685772
298365 175365
-824618 -608748
-32581 466591
-38504 -993218
822246 249635
540211 967426
430161 -22672
919898 -811150
-6235 -325904
-802888 948977
-217777 785670
-250084 -250165
-532682 -583991
-966934 564097
-173061 -11659
352513 817345
778324 782766
340366 -870865
-455396 -133085
460878 -837120
-598154 656156
-765107 937801
-754853 -317898
-497200 323610
-446641 66250
868324 -455412
577467 12232
355274 173603
278279 555628
212273 205104
-629 -26955
-399161 807689
-371919 -623998
236395 -29412
-194252 688870
733076 840239
-660642 -878114
-385065 -515560
-485362 -982801
-908667 -64689
162979 -41532
383185 -84804
922411 -860451
413770 804077
-604945 -530622
618512 378000
875924 468356
611519 712256
-769270 964217
-500800 -681590
503777 520038
923552 -180545
-493269 -340344
-383617 -312213
-24698 -831586
-293514 181499
-363529 85267
-257226 -723384
-279 61868
-246051 993507
308229 -626264
215636 -288951
906266 -540940
-349785 -445700
-761539 275402
693159 803382
-147330 804571
982692 -245485
-790121 262552
-617919 -682281
-481601 203810
-982753 805660
24375 207758
362786 670500
282941 -395518
812041 -658926
-337990 656858
652864 16594
-286294 -588082
-754976 -929893
88742 125650
-720209 -525772
-848437 336967
-434046 186178
-789450 743524
452996 -889798
472554 -674125
-83853 -395001
197578 689724
767463 -27251
368760 594865
-921616 604921
-831374 -724638
846820 935350
526602 59734
177557 783298
733737 -933441
-782858 -289175
763297 -184084
573681 -573931
-946291 -472463
883261 -201158
-224256 802640
984821 290580
683214 -47390
301617 699355
-14958 780419
241264 -938826
-63005 310543
-811289 234271
-600807 -684890
804967 21258
85831 -688864
-526465 -91268
172268 122867
504219 -708394
98040 750302
441102 102762
867321 388235
826673 708614
452371 -537247
443549 744196
270874 -636789
68926 921790
-317301 87772
-354488 339785
354060 607920
-620818 -94213
-683231 -199570
-610209 157267
984048 -670160
-168104 -219799
-963615 -656691
-752878 -540507
-616493 -255052
480384 126546
538185 331415
-261073 -44965
881698 -425006
-586432 -597636
148392 618317
-300184 -396065
158746 350036
-174819 995670
201436 -762297
858025 920097
789206 -236604
159538 -108152
-182600 622178
-855870 425043
-531325 -521256
-618333 -595684
-507740 -961458
-278083 683124
-360593 725002
413696 -992691
-575548 104885
292893 587365
-32042 339729
271644 -586215
213671 685940
-418219 177489
-943622 965204
-958800 -608379
-852247 -42869
682034 871681
952040 968257
554953 -35743
746704 273340
666278 -865433
-419835 -789554
645765 -646418
-243474 950646
-15739 -757757
815725 454433
-953787 57241
-691257 -791414
15752 118988
-149103 806446
-49545 -990642
-831846 72237
-254676 -386490
323586 -215061
-513340 815635
-125940 -481729
-900645 -960766
438324 -848285
-404745 -85976
61788 -627044
-284702 398026
-762289 -201494
-479017 -473376
957978 706567
286803 -875281
163238 359557
-614982 115599
7634 -190279
535827 221922
-952401 -922053
307836 -398328
864549 -967621
-850576 -57805
-500715 976952
440138 -449283
293802 -527763
-876614 -138952
-928727 128572
706624 685870
774931 628440
906281 -258240
-738011 325786
490301 541574
-171269 -814601
-386211 953956
-650951 -110595
993868 123454
-214763 -744991
510432 922520
-897679 683172
113681 -354679
-372546 205279
40059 -728367
23078 441188
-338843 -54773
402010 700239
546292 695320
-910396 919373
-106652 593455
-436368 -841587
-74841 725924
-279313 556089
522750 612862
-714160 313161
-321808 215298
-42869 -385182
-778843 -157421
-539168 987366
-352070 -138191
-416517 -340746
129506 -440560
-810258 567368
-167582 976937
-101718 -892768
691175 703877
801955 337407
839110 234912
-94349 -31775
621849 -4886
191697 822800
226941 321115
-927077 272791
