5000
499984 940194
90432 980639
70016 133385
264233 809228
131054 780612
-625222 594719
-492341 -857541
-622605 -780511
-745570 909809
-260010 -432120
-710481 833524
-184503 -820502
-913066 233970
-781583 -779315
109505 735367
-947109 -335016
-930398 -831143
-247353 -16671
163355 -206040
-621513 94649
-722581 -675631
-755030 195806
-33014 582272
-292496 623143
684939 924294
-340711 950406
-583319 645889
-111876 -845816
-402508 -367816
487680 274494
-411947 64371
618625 -414499
332988 -448933
149998 235246
-321226 891434
-255002 89217
581959 378621
-379032 341634
520759 213146
-364725 -153090
906430 969581
-307709 76545
758607 -461719
632219 -430653
-168634 665581
366867 120429
725394 -87944
543195 221963
-925760 -988962
899010 -33857
651069 329599
294674 765664
708617 -971826
100963 231429
-411391 823194
129891 371865
400591 -840259
-548037 -756635
-601122 -8193
922383 -160908
-571482 943356
13466 985574
-84184 -289734
-91207 -775636
557798 193608
-431833 896896
997795 -964500
-434588 -372525
-234018 -561662
-508942 -847557
-933670 110165
-235486 940109
315429 -339003
948505 386033
740328 747683
748935 737155
-47221 -235478
-900344 62482
5935 229514
-669703 -558749
-152750 -526016
944214 323101
-351237 218492
-61960 342952
-565639 -864051
924366 -408506
307597 -255856
897059 -542616
60334 -402621
31343 -509261
210392 -27310
664529 -218096
-610505 -710530
-897111 997837
-42740 718726
-715493 -533122
-622492 852421
-332566 268939
-804581 578155
-206278 -554306
210323 876967
462459 190382
-290414 461341
771202 89988
797914 -124351
-619819 -800432
-965121 532618
-81595 -866550
-593427 -361931
-24594 749471
-479450 -175955
-196254 914276
-86755 90954
-292486 865518
-763461 -950963
467997 -747288
-321471 592878
-159652 -581394
-867123 212676
-785104 819259
-788441 -685267
-694347 -304033
-754806 826065
-208802 934550
-646489 -73783
-357030 -89311
-263179 -511208
-997867 32202
965132 -474713
207230 -117591
363336 723736
-776192 -724073
367856 -895807
-245477 261076
-642428 375121
347990 134029
-65687 495913
893439 61365
258836 -931228
-337513 -148548
-837618 -688447
-956616 -594480
884006 -673046
-891883 916247
-98043 -546930
-169290 -412955
813446 -552489
-1241 56155
533989 -840992
530565 -874272
-892709 -623063
747460 104141
-338380 668536
-991000 -395282
-48930 -489615
30781 55830
-22374 -407631
434514 841237
-798457 482233
-228642 -99514
-885931 -306096
803792 302625
373641 -260676
-988536 21693
557317 51464
-241647 27586
369321 312586
-995934 -160719
-38579 619388
-158731 185169
975106 -203976
676050 639819
125002 -871248
238225 -528067
-388796 -837178
-67077 187214
117289 52055
-684598 878589
242009 -982293
-8826 401331
-996774 849924
189871 947220
-331512 -644280
-885772 -241724
807579 -920776
-391310 -136348
251752 -497557
431942 -968092
572700 934953
199572 -56713
329225 -732509
-330977 306411
843018 369834
216044 -778017
973250 -752621
-174836 -220096
617475 33357
103942 427206
-257161 783204
-274082 425100
-951236 -237344
-415750 708578
-61429 -925739
-881942 165641
338448 -462888
716720 -654267
216017 -395596
-286884 75869
-188730 -643019
-198351 304737
647971 472849
788773 107713
-118323 30731
672512 -825295
376505 126405
286188 -608815
436294 -931793
889440 843946
256196 351769
-136009 76092
810699 552665
-567688 -65778
-856397 251411
-476324 282200
-299005 178255
-372328 -660556
-532087 -180746
-25521 951221
-33483 224315
-145605 383181
-984619 -574824
77645 182052
-135471 -76713
-683860 -576937
-566607 925555
-723457 80197
862898 179747
131151 610786
840614 -181708
-67544 -882433
60549 -711671
-810021 -94604
727571 93791
647875 444181
496727 -857047
410703 -985493
-303853 -643707
-529026 702548
616367 -331739
290050 -246515
-886098 -858475
316624 -330497
38261 -940061
-392187 656140
-110993 -231119
264423 98841
-437132 -288880
-798238 -285943
-503712 -862425
434683 612004
-479107 -761890
-240535 -413479
-152861 650350
922982 -262604
-652753 -549679
-492277 774536
-580098 197372
-203158 -118732
-264548 138874
-657158 -176361
-941886 -928622
561183 -307595
106809 477587
963514 222750
-422673 -833221
190071 991275
236060 657540
113934 584504
-801430 848852
175479 -858367
-220140 723018
-766527 35106
610039 835752
-704658 585308
332508 -80461
-469539 758441
712730 696300
-949436 971987
-87672 141853
-672705 -10944
905419 161670
-80232 -117345
-314489 -198206
-243967 -834649
87472 -223687
-7313 672835
212699 -719351
-287422 -44492
-410147 -32100
719715 -203881
-482698 -294274
868060 347381
58233 832372
-773677 795644
958767 376997
-431696 492451
-340131 -137408
-811281 124681
819335 839071
956115 998512
35000 -769058
684500 -793069
-403996 -483718
-156368 -890531
663546 -642534
977131 61236
241270 -128001
456506 845269
-697807 370707
-649613 -388942
-85757 823645
-928229 926505
-118510 429635
-713489 69048
-799751 -126138
-801390 -310489
717048 -127998
376570 635056
-883823 284859
-332713 982028
58102 -735927
871929 -829250
-388164 321433
845480 -517040
-219428 -765444
-1665 -902815
-807522 878712
-5837 -269948
-318060 -104197
880826 973299
-620733 879993
-187058 -372431
968947 606385
562552 21793
-934824 -318638
356421 -990355
-329816 83538
-685300 -768625
-799365 482311
-724760 -974026
-187233 193508
581534 -354694
-842357 -912484
932480 821933
-797528 179394
-569178 456853
717260 -71860
-26066 782098
365722 -374180
736520 -620316
238160 561585
-373031 220065
141556 903990
839441 -320961
-709714 -331595
-91890 735929
-812796 793769
-527449 -924673
-856529 932226
596488 -478564
-270220 891025
-73843 -136894
-357934 47090
-511167 450091
-503983 -779120
392802 265979
381106 -363278
70955 -490034
838153 -196418
-883310 418134
-759431 -667656
-14473 166176
-323585 -878782
407130 667175
-16500 -428850
-562872 -983941
-649585 710181
217281 -917228
-151505 204882
-956411 376083
-386182 953070
652977 -211150
190621 -225995
-622368 -2616
662559 -142488
-545029 771987
-14737 -503193
595163 -252621
-20300 -275062
264935 492632
-955357 29372
397451 824413
-427082 228313
-184764 -731519
-660671 328654
874994 -311121
93801 801218
382257 907533
-580683 650389
-712747 775975
-628744 -749569
733341 -61675
-208727 520571
622471 -815119
969116 -300314
420577 -401108
192093 -887237
-156311 -931333
485986 -113820
-78511 948415
51575 -752974
53841 -72012
722723 401073
-808708 296804
949495 -929203
234477 -675374
-429852 641296
586563 785093
719738 549695
-193805 -915641
220517 364056
-283398 649958
-446399 -808315
932751 384837
948887 -943821
566596 -614723
99707 -619922
-246776 196690
136612 504595
-871507 -171951
204878 -527622
876447 -504060
-154749 -980019
375547 67813
942581 -282781
135227 74213
247391 -560838
-834939 -494739
676877 873522
-681777 -783599
-149896 698560
-359748 735647
638029 926286
810164 -434756
99201 902974
740698 -870901
507460 869247
-245357 7607
47893 787059
998497 -812020
-585422 432019
-940776 149036
-568331 503017
442852 868093
-516256 -169735
152483 563961
-59773 140140
-943980 -22351
-558617 914260
-774129 89399
-1761 573648
63390 874570
344601 -519818
-382607 985015
728011 -136532
858833 492585
-509243 -890049
-288684 -493237
-680717 -923266
679037 828161
800321 -215516
455844 958984
-989996 853106
-926009 932350
855292 -571179
261465 -549162
387361 -338997
177494 973771
-383579 -877595
569235 -807826
-856702 -691680
-797032 -214556
-873446 917012
-92515 -47016
987453 -393767
-696240 -752222
171604 -28935
440064 -152472
793329 979678
638719 -20745
229697 891110
570638 124138
715845 -261131
-496662 523481
580834 969608
-221991 -247389
-360370 -195595
-122871 -496232
470720 154024
-325165 125885
-558499 478246
719820 897992
904250 606263
-444713 -809919
-676037 907257
-354259 -139605
-3145 -476483
-525641 990786
98611 -856128
146423 869014
647877 -748857
-82715 73191
466506 -448115
-942134 146632
446091 556583
260421 499005
450380 193256
23236 687075
438891 133586
396336 708422
465983 752328
-370715 446062
284108 -179088
491042 -828673
-223096 -384672
-262881 -71713
301027 525811
700459 209745
-330335 -405794
-696681 49163
521476 -625597
557242 -449734
383097 -777432
-887817 820510
320753 -203190
-24830 848938
597794 996560
872619 -897788
-735061 503151
-905463 -642449
-560183 -948098
-590769 642810
-333782 83612
496939 -221762
887427 231734
393114 335896
-293278 556822
-413505 -120556
245847 -657493
-760971 251042
578730 341524
429628 259619
-144090 806621
-922014 466128
-996856 668936
827038 282700
-485694 400401
511358 959375
-111888 121085
-477395 -838041
-596515 -211479
520660 -172866
705947 -120715
-81330 -462581
-220933 -493496
535685 874764
991712 -738772
-913285 168694
-386146 -540759
-602241 178418
-80754 -698467
547628 -451614
-810889 275308
681032 128409
-696562 921711
-328238 887349
515008 -38392
696125 -368974
884780 241084
753417 -287088
-847324 -258810
569604 94208
-727513 918014
658585 180174
499844 -193717
69650 344186
530697 841131
-38478 -357665
-208896 -594320
424415 -802566
-561394 -908761
-161897 553039
-312413 -64561
458322 636246
535688 93234
-639804 873801
447879 360104
-343744 768473
-518031 880184
371413 29742
-932365 -605283
667250 -734540
366839 395445
119789 126129
-148724 -373977
99676 -837534
135806 416436
-223511 274689
-824845 -690977
-362648 -622907
873732 803622
759240 919547
195565 -232341
-657228 -519846
-72137 925049
-593393 -306716
42400 -57291
204455 -321908
-453210 -879162
-902591 -837963
448033 -236795
994246 -194629
-718663 -467653
-897795 -593852
-271300 -150693
-516520 888528
-961234 -825507
-881407 535433
-596967 -356658
702617 -889040
118782 301571
-154585 898059
-451757 -651629
-547150 -689870
596181 47142
-112345 363266
592248 584126
965995 597055
-602765 -28543
-75998 626902
91929 -39207
342104 -668816
97862 305650
897373 -831782
-424151 684925
-680775 475820
511247 755359
-957140 481530
867682 -169773
432842 639380
895536 668399
-353964 -766257
-221370 833169
-87023 794595
-629182 891198
-901696 -718413
957112 719849
831227 641008
874884 936716
-335912 -723087
218651 891488
546316 -831320
104381 -943879
-480587 741781
593886 80649
-67704 -39422
-749409 -91395
18128 701427
-172405 -639607
-589564 359623
-972975 -368145
-209465 -881353
-169094 -368526
364132 649454
-5473 -465814
-542079 846772
742610 -59222
-330015 -84358
887553 686803
385339 601482
763656 578869
-105201 261665
641048 798605
941929 846685
286812 -104123
-918590 194774
212110 -251464
-790650 670488
199704 -964445
666839 165236
-706152 -105600
527408 -55447
-927989 -459124
-362128 -441138
870197 210815
-505599 812812
-961666 -347572
780838 621730
335196 -282711
-48305 603101
-491152 253133
-290496 -700784
141613 -388285
502584 -101064
-679022 868422
295360 -329795
-279179 436301
-536319 -565787
110767 -194992
127397 -139050
-670232 -111162
-501084 511913
709291 -195343
4803 -513585
649967 983877
706191 959587
-833262 -579231
-582133 166113
814595 70336
77553 480624
-963146 -223826
-210766 187786
-477927 -859146
116806 -950375
-870478 -928144
-817501 335992
311677 323513
563039 365692
616552 555974
-720578 -776573
923309 122331
156090 856544
158292 563359
706467 293903
-991503 -183946
-352673 857541
704289 233696
664737 449360
-710250 -644724
-357749 45044
923355 965961
122348 -583637
961952 -934373
284980 -414241
-467495 -567600
-681785 -997228
-32816 690132
-879874 201863
-688459 -689683
565017 -476476
-26558 -589719
614882 -839906
-940374 236736
243630 -694648
640668 617577
246088 -976505
879733 780785
-519476 150966
-611747 616596
463905 537089
-418177 573191
420844 290853
444407 -730351
-656263 977439
792727 -844845
-469893 62310
21797 425242
311851 490550
-409021 -92568
774356 -519522
-594072 980202
-948808 -465652
-682747 -503800
997975 -412731
-946680 165277
646083 122776
-142249 -729962
745050 511099
-755680 -942677
-935346 -521684
42358 -779121
-866589 744974
-484718 -358027
852999 906621
-87787 -635626
-678519 9978
-139418 301199
462137 -537617
398768 -446082
888933 760503
53014 484815
476934 222946
330826 -566326
568444 -306837
-274618 90924
194829 169620
-909395 -731781
-561300 143645
675499 -178811
-332137 -636716
-365956 -177573
987870 -16431
-425270 305205
-622191 567694
-472972 -755684
-113327 -426147
-677922 -779580
-330123 -257666
713985 -269071
393893 336748
-206617 -448969
-690126 917974
116647 -693451
150091 -567960
710862 -628692
-93650 -908807
-56207 901727
-707724 -25557
-477830 -254102
-418513 -341510
411230 -477769
-121027 -471456
-82497 170374
369682 688980
-231507 228187
-456887 -900580
-820391 -474116
580029 -58239
-578141 -224230
-299971 664932
805836 776891
106924 582551
-112525 -125210
72462 -901858
-749691 890839
-481185 959719
-15470 -733985
-893310 -67975
480765 571857
-774996 -139679
-16015 -467356
403285 324369
219698 462555
-220682 474497
187003 840014
-895513 -713727
-988980 -636793
-316286 931104
-668214 -890949
-280947 -468551
10132 -385491
832813 -541909
155981 238200
-351241 324698
-870376 851531
584577 291090
862585 712194
72493 468609
-199419 -122355
565682 186957
858730 157455
13131 314283
-889880 -321186
44842 -960372
116462 957364
-199436 364680
-592049 765915
-325032 -282767
796099 -847317
-99519 136699
166227 529465
-713543 -630835
685084 -79761
825751 59979
202537 -477961
-742028 -188707
240998 -63054
768761 778562
-578162 -221489
-609399 -835559
941974 -979229
-954968 -972792
122233 961208
672817 570653
-894756 188236
482395 -721787
-89455 -712987
262042 -402954
96604 -324422
792684 244861
-310191 -272177
-151416 -293928
444043 -261456
-732036 557748
615530 676116
-36140 -994238
-174119 207550
-973382 452457
-623773 258703
-682214 640995
-353905 -595188
870168 -363813
-163820 -203148
-672425 255366
25634 836958
-415933 -905964
-304480 787723
-116219 147990
139120 923231
269125 99157
654697 -877702
-51314 -900782
949852 -570002
-28318 -112704
-609226 -553929
-882652 -957730
619233 901734
467224 819009
-667445 -262220
-932431 55544
-83910 962164
879389 90996
-791297 547335
-621492 758763
767015 111758
652669 -28237
-711919 63852
730229 677125
210312 694204
287060 -427206
316174 278687
-879624 -937776
-126876 992483
341794 892437
584084 -858112
394590 485468
-734045 311975
-724892 -459983
563875 -474869
-748713 411287
-94110 568174
-457424 -635504
147138 -270028
975477 -767483
-664319 920777
-738611 982410
505626 -344654
601677 -791811
90432 -796853
-7159 -33134
77735 208785
-878127 515366
599306 -190380
-413341 -758717
623190 -856746
750905 677704
758062 689376
-789796 224408
-295723 650470
-862584 278681
-792377 71120
-906741 19377
-275496 3515
941569 -448249
952855 803986
-856702 -520963
-996280 -858947
840234 -938232
528604 -113234
937800 543291
979270 408082
361023 -407373
-473691 -700873
95151 -879544
598110 -632783
115175 307500
466737 -832791
391928 57495
-501628 -594913
-635320 727771
-415398 -18498
120899 71836
-484837 962440
262010 -438956
514515 79618
344760 684789
-617121 -220076
216358 -801356
223359 -788381
-745161 337845
717515 -234011
-40160 800201
765606 560002
529155 -68035
507142 707814
-659751 -716052
694977 675432
166853 -806024
-256137 725401
619626 -433567
-369834 -59256
271198 599238
163857 244476
898242 60254
-348553 180923
-924477 942983
-751208 -739534
199888 -585419
114999 618483
361193 -47169
-98019 312465
-65166 445882
-712366 -412590
-845997 959958
-871553 -708981
-689332 972426
-543926 -11230
-23237 -969979
585417 423657
672326 -728896
-429738 -562346
170533 -552652
-549340 77660
-988147 296998
-478961 38079
-969279 -880715
-184173 675253
-728692 746944
48203 -826903
568743 -754274
-506812 -422733
472448 637712
538159 -143227
-763062 -496138
-233953 621409
-475847 89138
400221 -148198
892553 -17721
95482 420345
-426962 296182
-164102 457076
-963664 821925
-356122 428865
-518158 -86672
-687176 458899
622380 28982
-24017 315796
-274089 -228313
-653211 535679
-664104 670119
438703 -492689
49716 -913213
464276 796339
788202 6067
-613709 527841
141809 479608
633062 -897215
157636 714278
-205563 -514296
-629001 -815046
769476 646272
357914 -869342
247329 505710
-84629 -850534
716341 186270
389260 -523877
-407132 953565
98485 530916
784688 -663544
-520025 -388387
226772 143224
-12719 880735
-92478 -449089
-598858 -740579
78523 -799816
-888962 -187541
-271177 -467856
-790841 991592
467209 -590050
-883331 -91321
-192866 -373303
-626170 -680366
972920 256109
963460 831139
689395 -120685
-695113 -534530
-877146 508786
-407959 590968
-207639 210849
157336 -172522
87351 164828
-951181 408524
-72205 63712
-990654 -70121
460530 -471248
-86052 239809
697339 -798174
-936662 132368
-859480 508828
-377391 542098
902397 225
163645 634410
657875 -99688
799028 -453891
696399 549064
111591 -305465
-678904 70036
-230497 845915
-831279 -464615
838931 -599973
-835789 435307
-693863 30899
60953 153902
-627987 132736
-867027 -595613
874094 177524
-594229 -914079
363837 879662
-710057 -192752
835003 968881
-504809 266877
-24066 310849
-136254 -393219
-948874 147299
-323616 609577
-723369 -646992
276725 -743352
-986447 -850950
-44170 -510102
-666380 332842
-502058 405760
528921 865076
-164826 922609
-195713 -873462
-928191 778681
698548 269114
-623194 -238115
-79524 471062
-497700 -824498
-362426 -233113
-949443 -439138
-143402 618269
-357043 166519
973613 35214
-339845 -227500
546211 -699081
894987 -37602
-888191 -229684
171677 -414822
-986585 -119803
-31814 464870
38173 -267983
-343244 921523
-676167 -214719
721548 -832627
418575 -313764
983426 184507
-300354 960764
-173269 925789
-561374 -380500
-751476 729905
-134955 568070
-236884 553166
975268 723594
-8629 984203
-610571 -947950
254343 951449
-882941 -345695
-301088 321332
-220355 -204432
512013 -911254
-946951 -565599
171615 911450
876061 9573
738283 -450764
-120476 114622
-370705 -937440
-49879 -242883
40950 268407
936299 -521468
-718146 558095
829562 -121612
768246 277104
-885538 -937071
-75844 473329
-382878 867038
623364 344270
-430115 -735109
-250855 183348
-738957 -919930
665186 189655
-231771 519026
-195137 214760
807327 286136
715829 334003
966941 -10420
556755 -392030
109208 565080
386609 325574
-453752 -929452
762713 3064
-708555 -405007
-361081 459211
-178639 -360823
291927 -750596
190912 -840414
159184 493694
-461846 -189239
410129 654685
414699 120988
-577596 -637346
333639 35267
-301216 838629
41305 -883926
799529 -833571
652670 -351958
880034 66886
960909 272491
-350788 -182722
598449 45146
-87464 33313
-31731 777302
425774 -596887
-679217 416381
-954184 -113260
-210945 670357
-297201 -190279
910562 729179
-860123 -275735
-174578 -840878
473731 178074
-70398 -246366
-365781 -92643
229886 293225
812871 -662785
67527 -9458
253312 -802122
157481 -983501
-286726 556451
-982207 832356
946926 598506
273612 -30282
547960 -847334
-731440 -422264
344304 750730
-833248 -686098
425396 -370206
-561887 -510382
959308 -99518
-237468 -435025
481174 -99881
750891 -102529
608107 -116542
-794928 529673
-664299 -490116
-173020 714016
839725 -904928
549984 934572
-503516 -505180
-965018 554829
284767 -6377
-883001 -650578
-174749 -335800
-966160 474276
-368789 496524
-835660 -769098
-963545 -972808
39196 -231759
-568930 79761
346462 -328266
-130797 -931080
-786185 943886
467607 629840
983236 -336925
-69836 169858
-959229 49129
-488396 848803
218426 -707440
-704147 -85297
-365965 411884
131386 -682069
604935 -263094
202848 586968
25876 870857
-333238 642368
749442 998009
133700 -214565
-925985 154177
-103016 208151
-941932 -168912
524206 89791
-526939 -647623
631620 395776
-716283 -175896
-106865 -965010
-484156 -128324
554205 -765960
-680724 -950697
876170 543882
-160892 -259363
-502939 404052
-780310 -202359
960372 -566515
812595 539044
373071 827996
-91268 -526421
-631860 58427
393376 109479
685025 931530
-233260 783747
-555663 389855
284644 374744
-273777 181268
586023 525961
35472 587007
501799 581917
-354589 18741
773470 -801363
-594097 -634971
941072 707264
-812398 531324
305461 -212143
-385325 -365894
-191640 568179
-302973 -362143
426880 -725025
-709444 -118304
768753 -234387
3608 -172533
464383 -443285
-391892 288396
986523 944708
859537 -906623
-683159 572346
-196148 29312
-354780 766070
-942877 -76549
-913059 -822025
-699017 492408
714649 245163
-830568 237042
-579379 -964956
10064 -733795
927934 417153
-777942 -372380
-900819 969718
-836479 -136891
-55298 -559971
902467 465421
192491 -492943
-302488 734613
474367 810247
6003 -458384
-835721 429128
-200013 -839670
-515599 13874
-730937 -323369
-320047 252826
-881099 -668024
176992 -754781
-264652 767333
478564 74762
-865765 -594595
-841393 546735
783948 419320
3036 899013
481071 644611
351495 -658645
-624740 885425
121299 957822
-463347 446968
321514 615629
579551 538346
156734 -759547
-744262 -463213
-858589 -657463
126306 -961579
352458 528441
-503261 -202816
-208652 -627460
846730 398609
-195261 616450
-148731 -959024
756065 -967168
-722648 -872410
-689042 -905311
971077 755370
969500 -921428
622850 -327394
732294 -44158
-356755 -489971
700401 611381
-170349 -862641
-58823 -397621
578015 -296059
-333422 668632
13484 -973082
884706 750145
172558 691307
-329965 985523
-372745 193721
584076 917863
59226 -955635
159017 -350855
578802 679909
-877412 -36507
-646831 -419505
790912 21515
846689 -801904
817221 -962823
-282888 278217
734418 564641
444022 621629
230161 -693263
412204 422948
-666460 -741183
456031 558229
839029 -873886
-39661 462945
-184900 -132422
131369 -297547
417355 -660605
213093 -328951
719390 -976579
706340 -791619
-368026 897749
-533627 -324487
565436 -382204
670982 -318925
298598 593170
536883 315508
218366 -569775
-824672 775610
220306 286755
862307 947791
-243210 -240462
828804 489993
-899673 497314
-698925 759496
-137035 627035
-927534 206946
-796837 139637
422505 696977
98616 -525244
-924176 -618498
346983 -131117
-149394 -519805
-210524 -104026
-938089 504860
-912190 -127038
-429951 -90592
-382827 -550541
-427074 -6867
602495 -596780
754421 930185
468962 -450711
489355 678559
248797 373978
-608014 370576
704153 175756
-685098 -284674
-218483 -894144
861138 -727670
-446851 -142232
476828 630665
-610374 756690
956748 4439
136606 652427
-887741 213207
956544 657453
653831 714725
586846 800960
491444 -324751
-11301 309531
809765 -901847
-626142 -555360
539167 849537
880618 890479
-227075 -425263
-674497 303540
376620 451616
-505809 -449846
888931 -102433
-113516 742053
-698599 -226799
335129 367122
136893 817605
-281796 -270981
-797165 -519170
395278 484389
-851070 -897644
94952 327139
-653886 -580569
-574165 -233354
303183 320715
-988162 622538
-742675 -873342
-21708 -487151
206762 375940
-773868 -676083
-251729 845522
-475927 394754
872189 112237
353665 -618145
95462 90462
-387085 -217426
-641116 671195
352734 -194567
499597 -395344
-310622 450468
-547124 867416
-788533 982486
541140 -528846
-902112 111469
-871560 714934
937168 -76415
-939718 -429738
235230 770455
-277054 742487
-369576 -767901
-379233 -955000
-728668 -327250
-989808 -650926
965051 808596
232467 93888
-612382 -350519
-940858 180490
855813 72363
-111378 -229249
287520 796721
-895962 -584041
953660 256390
-223369 894726
-992181 913461
-723812 -306201
580664 -592197
-610061 2229
-478861 897208
-356360 764639
202877 753359
-902 575209
286345 399947
744261 65681
83899 -451661
724013 963805
-424086 -566661
630462 -738419
491517 334531
211225 -599858
830966 -984041
-570382 -671402
251534 -707619
996883 480675
347049 -923299
-526552 390716
-784067 -719803
-135614 -34908
688106 -293272
519316 -982273
-199086 -61710
-276421 -527420
725553 -509953
560328 540335
-677911 -935981
-815936 713925
508587 -355776
-522416 864664
-176858 -667607
926264 498842
50294 76817
583709 604640
997421 -668536
968872 -186941
-362019 -554253
-499791 551879
1901 431891
-316925 49225
-623824 713406
-415056 150710
-359878 712288
454534 820994
107777 205728
828299 -424165
-206550 -307400
-668741 857659
554354 557935
-202694 28965
541035 552213
553617 -621765
402803 588285
-250602 -347930
-725965 -433026
355337 595099
99812 -508926
6897 261385
-307405 214633
75206 199608
336997 -863423
-59977 415693
78106 134429
853829 900104
-880487 971495
593544 -80107
-704531 -881484
-294600 -16086
-395268 340920
-29102 -614284
484356 154987
877327 200183
-729070 656738
871885 14718
-128287 992351
-18833 722157
668281 -515396
-104066 939259
-360603 -655213
165275 599115
752810 779474
-244427 -208971
902455 554604
-150815 -808478
-661754 -651049
-847465 -726577
503457 -246908
-134237 -179389
-346987 -954365
173722 -981942
-699676 -964033
619147 -873362
756674 -930916
716667 916707
327575 136835
121533 -790325
227858 -951868
261210 799880
48798 -806253
803467 -902785
796810 180040
-756317 30665
-277045 -815079
248892 445153
952786 -878775
454722 -991356
84223 -524293
380975 372705
-878697 404283
-601849 -84772
83412 10873
447357 -733366
727823 -904267
-386043 -253830
-158942 -971659
-838493 -557429
35937 -40962
-147054 -547170
-743357 930569
-322798 62116
-466421 509451
835829 -615502
-865681 966499
677538 910677
584170 -812770
-311774 84086
631822 -819021
302350 -648388
60248 -297361
102855 -488652
919590 -446269
372002 727336
-814411 -146638
-766126 -359744
678632 -526552
382463 444906
-609888 424953
111172 290941
-696902 -466212
470917 -628827
-603509 845189
55514 148499
-733976 774406
417464 812081
634380 -5228
958809 -586507
-415187 -509965
-672142 99643
-281985 304180
-387370 -445438
401272 -377237
-56610 -940212
-19919 -524673
227135 526298
391984 907359
437691 -563959
739900 71151
403642 -70742
-112477 -504730
200950 966532
410788 95265
295614 130702
846512 107812
682813 -586776
-945635 -986021
-102435 -518110
-198790 505069
-675319 -599322
-893821 -170095
970075 -418171
-349006 -641909
-601007 -294732
235919 348640
-979767 -614036
610687 -932499
425018 71441
-8495 883908
-14027 323326
-990379 74371
-345151 -51492
523244 237032
358735 136968
214473 -188150
-226920 -165153
-335794 471562
-873440 -857279
889431 -977520
-346890 -99795
-743020 108040
882491 -115920
443198 -828608
-582431 -935065
179874 -563339
-257114 -868689
260294 -382633
-82012 -83996
468834 364796
514851 368937
336957 -552910
-768397 -546582
691823 -416817
-877138 -664458
-699231 -976539
544797 147414
367746 -439569
-32083 -592577
587018 -631297
-798287 34446
484138 -711938
436558 -334720
-702537 -741485
-604892 -929043
-428055 -713673
330126 330201
829949 -311410
-306527 -733918
-919302 436019
877171 -206305
-433187 886452
79389 572972
-473700 601887
-936192 -369721
731453 -340124
-650869 -986665
-67315 925467
-897118 -120847
764255 651210
872334 -251635
-721253 584133
496551 -850505
-744165 -280786
309389 -207045
-102149 -510575
-277735 -830011
555796 829185
433332 562056
888696 360617
-404197 -850518
-426866 43966
-267556 806540
19088 -171965
-517672 -40272
904721 -459299
755726 860616
-403667 239437
-837698 546667
-886513 391904
-429452 532694
-194499 750068
-894685 -42958
186495 760225
385188 -114953
625126 926350
938442 912262
-879488 -878426
-863105 -884057
412900 -330871
230773 373433
818297 -619286
-465539 26222
-259628 -606492
259085 -204371
-955324 -85630
-897075 -490330
332643 -46319
626591 504412
-970526 973170
-206260 -374039
-737573 311426
470253 -455939
-171837 -970603
-340706 559500
-508763 478771
-759040 -739146
-705840 112401
965283 -496351
-581794 -868966
357701 19924
641495 590337
824823 -536085
-237296 -60244
602169 299756
323068 747808
71178 849
-771810 -248124
854667 -951446
-139733 -411174
-8749 91278
-471791 -707412
-903598 -432929
587048 772513
117488 -740001
802309 667438
-475131 214300
-158836 509276
-100444 679536
-757346 720672
-550686 -142161
10276 -761690
98366 -446052
222145 117768
464941 813201
92501 569594
-271134 454331
-996009 49666
921843 -455860
-263683 -414570
75386 -661724
-733403 -277750
-214510 -929529
396034 341896
-807507 -984054
-863828 -828911
-420360 -76269
348454 328159
888207 736016
-112616 -691744
246285 -740274
-823121 -436863
-685939 -772167
-464392 38041
-405720 -228310
-987532 104748
-758769 -843109
-231126 -755073
733896 -514311
-357514 -227621
-329981 937933
327144 365780
-822219 917196
697514 805118
94696 -533943
-640653 341207
-59406 400071
771422 -958597
-118153 -968291
755360 205097
895891 -78611
-805571 936666
-350368 982418
584241 -413260
-323598 205418
920936 -609621
-981901 -290410
-254644 996144
818041 220191
565282 813360
-933976 979494
31136 -574192
213464 919913
-315473 -460917
-546750 -499357
510839 98380
-751763 803177
113121 169734
-943411 584681
633964 481636
570180 130973
713724 -26057
937769 638721
-959378 -776810
-352873 142614
-76276 -720841
-3371 -710724
-471919 -691476
-777505 -804649
-645090 -224249
679201 461969
134166 -503544
66331 286996
414905 716437
544298 166983
105757 787915
-617985 327391
383786 -374198
106619 373619
425213 -40303
-318423 -213766
339869 -625899
-445047 -691117
-943298 599299
-660909 927461
-813913 773758
151467 976383
783627 980794
383764 222039
-873876 -112586
210899 -829812
-255664 384252
822747 -445861
749245 184160
262296 -878172
-70151 -749683
-501133 975075
-135602 -2500
586646 108576
-368848 -763786
996180 331024
-743686 -636862
-901685 212833
15625 784394
-111012 701301
-396195 -330437
-3067 237327
438650 -858144
820343 -344012
183325 -830894
-61642 312207
111193 -873445
566984 -368973
723485 113802
-506580 -461903
-367636 605394
-92297 574776
25544 114098
-816689 -540471
678815 269218
222186 -203059
757963 -449377
-673746 700384
-550184 894438
-72688 -685057
-547738 -920035
-611572 576153
-719335 407912
529121 -659320
-147015 101746
452963 -580273
341019 -806457
884555 224376
-617526 -822715
504620 -503735
-416261 978466
-298895 -707524
56290 230104
999682 -933965
261505 139614
-281759 731652
-838899 -887426
-69062 -832847
-858096 258542
-243281 299704
-239264 -610219
-250765 299657
-363428 517136
-243162 475330
891864 -583007
703129 -453804
-584452 -758247
-575357 159586
-814804 -877883
-979488 72125
836687 206629
-683888 -401555
-879094 -999544
-410524 -237211
-882302 951062
-667600 274666
423888 -703535
203085 772637
-726915 -480195
919577 892763
902311 849829
-995015 -48412
-843080 127753
-969173 -750648
-82780 -256494
-789873 949343
103342 -170447
-209477 -638567
490972 -424269
-84340 570487
273736 985487
-79396 -862507
283799 -780098
-29956 -783171
-721024 159380
345039 368300
-294160 -922363
769957 -653574
-143241 -591516
-970807 487977
-925863 764585
994314 198689
-514998 149026
-344034 851569
-993924 227615
270434 -674843
-290913 -375527
593923 539976
759607 400122
-277783 194160
-794735 -695450
-803105 912744
101229 870723
171804 -945673
636339 638628
101673 303901
-763775 323487
-161842 522393
865571 -969267
829138 482365
-883836 -953315
470207 155726
-517334 522400
390643 -139128
-389502 911168
-138152 -367487
412855 546988
308883 731884
-741981 -262044
895839 86541
348326 -125750
-634136 -667847
27995 762707
308637 366266
25605 190324
-483173 746095
-273442 122257
-910245 -955422
-340918 -638133
-1883 757537
717332 26677
-530810 919643
35542 527335
567221 -164081
203437 366055
-29111 -465900
-51191 -652178
-586486 129792
606303 -822455
-290446 -161524
155433 -606056
148993 71497
792175 796707
240165 -892297
714390 862192
681720 716188
192667 -906301
-184562 702262
563218 602701
98350 -341344
-823980 898527
994796 -360925
-30813 -538240
364879 180795
-196967 434698
-33608 -535144
-699424 492877
572162 -105647
955628 -37365
53759 378197
749273 -596404
189220 689177
-407707 929933
-126944 -183668
789294 -635241
-56592 325574
253075 788088
-898435 553865
-747866 376885
532589 -824505
-953396 -444824
-779784 -142557
968319 23305
-456163 396911
418505 863073
-532072 -895261
508499 317938
699598 -914860
296181 -271427
-972024 -92447
106483 75340
348267 -148232
481492 -559135
-536607 -168968
132397 -333325
-475687 769773
920853 756265
784893 640313
-306770 895969
124355 617781
-432860 937677
-521674 950494
-15179 -775277
120812 -949710
-77963 -453394
414117 -285964
791405 620278
-832311 -612425
-637819 -426094
-977423 297507
-661728 -22132
-190213 819353
140582 -173488
148204 -189167
397229 -760546
132699 670406
967717 -130292
290035 102347
-527779 -203201
-859602 474784
-53010 -247808
-648466 -527481
-938159 -919730
307893 188175
866410 703028
34911 -295265
270017 -590834
-859456 712787
277290 -341863
880947 637095
-617077 797421
-100125 566907
18907 67022
371332 652581
-164363 -482232
22949 446548
-569682 566941
-681458 901390
776474 -289473
-184726 556852
151519 639865
-47593 -856932
468909 379558
-381338 -287463
544807 404274
963863 -40278
192551 -892717
558050 -736376
-776766 -934807
-324215 -1398
901901 155766
-623242 580360
389166 -441287
150265 572668
-602458 193646
677335 -283625
482376 160419
-655249 -166122
-927762 -774733
590396 -121103
487466 209484
-729710 -916342
542249 652975
182763 -195472
881835 409387
-587352 -931388
-532196 -169347
-193081 -449649
618503 758223
-638189 989327
590421 -279965
-28033 -890518
895765 -381064
-366392 -516643
759753 -233103
185775 -882005
798769 931504
179521 -943211
-532878 455884
-409545 943056
555043 -313309
-564688 -238193
91214 -477617
-734751 -635635
-658676 -61603
-137088 940676
-411104 601102
355970 610564
339376 817715
452050 -776588
480859 496912
-459123 918714
186092 657404
-871402 879574
951337 -139928
395087 569384
586082 -876511
408377 -718750
-92733 311976
816704 -91768
948428 28770
-182264 -669493
617056 -733290
252785 -792534
-288135 37562
-257398 -590965
556116 386118
80545 109914
364021 113094
-664969 -648616
-219050 762572
768222 -893915
868963 -142700
-128902 -958146
-192522 -775294
719351 -283535
3344 -108198
223001 538900
98338 -245746
-400626 142252
-403277 -485617
871988 -277590
818920 750420
-298277 569242
-335593 -546417
-800411 86063
672674 -547073
-911425 -933019
-124302 578243
669700 737327
-150681 370772
-685908 845770
967488 -121363
-593830 -926996
-702747 -558517
-903741 820433
-633343 179048
87344 738823
297747 215009
561921 462923
-654085 -725675
-743141 145892
247325 -57633
211863 -899331
216722 -471641
-459124 -547223
708205 750387
687851 415679
-511497 272960
49653 -949113
128536 -980772
942287 152332
-77434 -111135
169454 325261
254770 801999
926427 847408
-109147 288309
221409 -51732
150228 -195996
776117 655708
-413899 -353990
559724 -478847
760343 -453867
-443602 677377
-379330 259490
186030 646321
-319405 308320
682625 -510707
-204068 -642592
774346 -679291
-227545 -828144
-296190 -928432
337582 -610223
163655 -563676
-796739 883980
238595 868336
127400 963304
669612 -644975
-983509 496132
-16825 612053
475177 -167725
-351692 -885067
-332251 -942909
860568 -420200
-63572 823094
-754387 893644
380147 180752
-320357 776800
-277585 -255678
9525 -615802
-652131 -193006
-975840 -312831
-907775 965028
71460 -759840
654556 -430519
763915 112410
18924 -593279
989395 508940
-11398 -642118
592986 9008
530864 13023
114832 -19175
703327 845386
-621747 73269
113631 -836726
164994 -617095
-510877 434212
471365 396108
-499368 -234295
29336 102060
-446919 -199048
341464 -518219
-442305 -850590
-88765 -432512
-588808 -453267
730307 -333102
-154722 -319015
655284 -790260
304709 -957593
857282 416440
104215 -230319
337087 -209609
-426931 -970596
357876 -476902
-95365 617238
-46868 -142643
-735675 665473
-724584 68209
-231554 -964322
745514 280680
-137995 235865
-616405 -373096
-807967 314466
-688736 728336
-236247 586802
310971 336645
713122 -668974
398793 841019
786238 943209
-888432 -544948
672669 -114171
582642 884365
337830 -109318
-503930 953216
798430 378894
-683550 703665
-666455 -481420
-15078 -193907
28659 -832896
-405168 -642284
517636 -425760
-5045 275635
-501945 -290272
-380110 -856078
-422984 -274736
-50990 -608368
-258072 -164219
446781 930881
389484 -800226
-96959 -548115
408694 843676
680240 -603818
160689 714205
831881 780511
233032 494088
203371 -897487
984730 -420645
-142390 325557
-889704 -449694
703722 -693639
-103456 -140309
-567027 968931
372241 244726
429986 843020
-956271 -937196
-746068 603571
804971 -908525
126959 -894815
572650 -42875
-613667 -838500
-212003 -857539
56607 -247799
-311107 -289205
646094 -621268
47475 -79745
-111486 -876456
-657286 -656616
-687537 -79352
-261588 978057
448224 658049
-481622 -839530
-394329 481669
842382 22432
-412175 349371
-60925 -439552
933931 -670898
335462 603196
133138 -39634
-498347 -273316
913393 -676986
-110403 -342184
-893419 -935727
848781 -75885
661697 534814
-541850 -263522
39052 248995
-369841 907821
842572 -667795
-557547 776106
737103 114499
-140562 -286493
-417491 -576723
530029 -897613
312448 -763258
-723138 -104701
-877166 -394704
-684451 672712
82326 -377594
190928 708376
-102287 -245240
667871 -5353
502422 452595
-522442 292161
393693 -449582
471787 271204
672877 -145921
250751 742722
-372263 -104260
400339 -526427
-535000 576520
-203951 527895
-536735 248253
-824728 961847
-143154 -512037
46182 -245912
390829 -700677
-430493 476276
-475615 -167566
563148 -348704
907126 293844
452065 954019
-538397 -822029
246190 -844519
-636553 -183099
747293 526854
223967 423067
694209 -48135
569403 698501
712262 -25196
760173 -374980
-239327 513374
626644 424493
-334093 654935
-737895 -98428
-584730 380805
347899 -37925
-643179 -38452
-665959 612300
-600008 127224
885206 799105
807758 199029
990928 831802
-509201 -550577
-344379 720834
777930 786255
-276233 -517931
634059 -635409
-684505 99570
105061 960191
504811 407149
711304 -384887
111543 -68992
-584796 -333403
711057 370037
239781 234148
-804049 -837293
-131867 -861293
547152 -979079
-209573 581003
677361 655663
-198579 -252238
110567 676799
295237 283913
589323 743940
-125260 -878735
535667 121364
-715704 333112
-262322 678578
-748365 582651
-265993 -56121
-857206 -513852
410625 -73409
-72192 -96186
-721681 305535
-764896 323497
-762871 155088
-14329 63928
270107 954424
859366 -725950
-628828 -401581
-730968 -527405
198851 332621
-451293 846996
-740786 -951407
823371 -324771
934532 718830
-175657 -895698
604550 -856585
-919931 -884062
956089 -302206
195967 628174
459425 618110
712162 84441
-405479 518713
466879 -144233
-912180 -978296
816678 513053
-668964 -511673
-473437 -721304
-304373 18361
-206567 -287369
-780179 -756067
-206996 363132
394880 158574
613113 111897
-646190 618993
-750564 -605072
-896366 498297
849583 -967878
-780944 469725
17918 -455645
163851 -493735
781633 -983888
980783 703714
913077 452900
386127 -511631
398568 -197679
-739315 25605
889962 351467
-467263 313359
968305 419502
688543 -768222
-269672 647085
-788244 -54819
-643025 -443897
513735 38846
518319 -681230
186162 577750
224952 -726009
-19686 922619
-325445 -679751
478289 27668
-763401 817744
-730492 -980690
599882 147405
-644645 363307
-264775 826701
928555 95711
-941206 -509018
-588469 333526
-164455 -423117
18927 -225123
-793011 102799
-874147 292207
60862 -201509
399276 131983
-399154 -424702
692552 -90696
-399612 456047
377758 -594227
-732969 -379259
-133410 -984976
712028 303428
-721973 111700
309973 840042
-512256 689
-953111 -713908
673285 741643
-802188 -210510
303226 -268169
681138 196866
-712241 269361
779355 505675
-238574 -973149
857244 351202
43470 204700
-175738 641819
665522 556361
-324771 -961061
-377770 -495319
-4135 193906
-171672 320279
263568 35971
-321403 876590
-722732 949572
28087 -493486
917449 748404
78622 217930
-5243 173872
-105748 -477875
-915279 -352678
-342219 -482212
221677 536987
-548163 171063
550284 279927
-290931 -701450
-339121 -500512
-509576 654925
-961414 -899584
872270 84496
111165 -709960
-442844 66435
-381740 -984725
-375902 -998784
300671 787724
-533676 154334
-991070 -248123
-437404 -475537
-447734 -495806
218024 154387
834586 27237
301550 632086
914457 549882
581754 -829797
-462616 192499
-442535 692979
299661 -924493
-566331 28351
523416 573351
-933844 495000
-699880 927417
-398359 -510040
-234528 -645757
-591707 286748
-277093 -504951
-996333 184134
838230 -675357
435527 929676
544629 -300441
-501209 575000
528780 587531
-956422 375673
250422 190150
399461 204497
793039 938175
-760164 -452212
-17347 -226554
-481788 -63986
-137799 -989250
-553168 484884
811267 489935
195341 932193
955288 917042
-731164 339640
713872 -867418
212140 -727631
-575394 -493379
936262 -90906
-135530 -139866
-109235 320573
-852583 313787
-859332 834050
402322 348370
-595600 -688401
-235250 115480
661293 -941106
-127910 -400254
147443 -857170
-943785 -445764
-883542 -654821
-309644 -68278
-999650 -368604
-490933 -48799
461395 299378
-188733 461881
376489 -369770
-300093 149959
-28309 -132777
-236952 -281454
44712 316932
-498281 207556
-210801 -252263
-47353 655366
154176 167774
-450330 -837040
-293783 173520
843483 293577
-594789 -412597
580025 -280714
968527 351524
685934 -911325
-790195 -525969
-956778 -198255
163963 801743
-768175 113687
-103056 -262856
940371 -311918
946545 -168833
896608 -417491
310959 -438338
-573129 668671
552947 -226275
42218 407366
-614708 815675
-257101 -644397
-27425 -850295
-109693 -204623
-846160 727503
-692887 852974
607934 -654505
388985 -68993
-879406 -682760
448489 838152
-87248 844544
-437217 133576
580064 251591
-888588 298968
-832025 -668809
-200968 104254
-448894 -45388
148309 -45657
-558832 90206
571703 139016
-51925 29490
175017 -153319
141851 164803
668185 923016
96470 -583908
-301956 736237
-313997 711687
-296638 172697
-366377 -349514
238576 -736875
518040 986555
601427 926321
-450936 607545
-89697 -963186
-338361 242770
299895 -246035
-604858 -688773
925332 -518496
695769 -376989
-713617 535082
-114225 -583808
843834 -420482
220043 -649362
852774 -854793
420196 -313520
-850437 -148112
291922 -860825
290596 693772
874449 -350724
380027 -967826
-414984 166252
-98751 -144134
603345 140203
37879 -82153
-162887 588414
67819 -363551
-111347 637006
-541749 923057
-741925 470338
237066 532904
36768 -599510
-74827 -272712
-993799 -604386
850881 -713250
-842706 330414
755932 948394
748691 415241
-844566 151122
-224151 -939216
-136658 -692095
-47360 734648
953393 805949
-551209 394654
-932583 188121
-639712 218567
740913 621409
-155405 -914753
33219 -453658
-493973 -683866
-277630 -790271
-797695 -850043
-740301 -387547
-574142 -335139
25931 -600399
662750 -594628
430362 176158
989756 -4830
-143698 -342531
-510072 -173553
-578297 -816570
-121854 -129698
-286800 61279
352623 454461
-83084 -219039
-609259 67538
153788 -846420
-193473 729323
-268337 459449
-387279 387036
-338300 -205891
-251043 -615163
775229 11883
61627 744833
10403 968231
-792169 -462464
958345 -957647
590666 -630274
-533445 102384
819775 -428235
343679 25507
168748 44372
-468015 -934716
-421029 -752916
357117 106043
-136633 -143530
-329638 725140
-253303 -19911
250711 -960864
-985662 -117010
-846358 -986929
497276 90750
580414 117661
-423591 -711899
634832 350092
-347303 -179094
676908 656019
-53177 -195141
80220 -102873
641604 639307
-382638 429150
647564 428763
298932 233490
243487 64772
-371021 -515158
606321 -483059
-94712 -76967
539086 -28750
648421 -35657
824851 216722
-669123 519509
-512143 -790107
-760063 348209
-737077 38500
-275628 -882742
51948 56865
-494228 110441
623821 -939323
836386 -484413
-760808 -25663
-528126 789730
114971 -435527
673768 -127430
454153 -347776
554557 -633978
-295382 -924448
776934 132230
192113 781792
372332 -774340
-82684 -122170
748212 649452
981461 753460
-853894 -977281
670342 608235
-733438 -740809
-361189 480537
-587643 622835
-842231 779451
-654784 201195
705058 790550
-667327 -988401
292940 522138
67771 500956
211939 414762
-923106 -298588
-175566 -472758
-841474 -80611
84937 -683445
988878 727860
772674 789331
82774 -817795
895314 267676
56408 -788056
977486 -371468
58647 -291344
-419098 564104
920778 802379
198462 -689189
-606977 598148
766714 -139228
-645840 -301476
-533179 -629419
605833 -735890
128785 298733
-857157 132214
-681531 326075
-648802 -675331
574786 445666
-972430 285595
812519 677139
46218 602494
-806308 -325449
65892 -474959
-385869 -491748
173240 -56423
-291222 -76980
746906 -54886
-785508 -259556
915013 -639104
347670 39378
280234 438567
-683162 -147640
-375518 -64033
237581 -9636
934924 -801868
524712 237470
804094 179067
-172870 348383
380233 -493085
-194414 -127083
-835616 60686
-309640 875400
582528 -852501
-275515 441790
718678 131949
-700092 813874
-568073 143203
343414 617795
-549209 840017
643731 708196
420771 268520
150547 973270
860180 -52767
-527512 74153
-260219 545220
-575169 978692
-740328 154364
-305312 570233
-462871 537126
527580 -668624
-921630 -280096
828401 -643847
-600331 -207522
319633 -722585
553276 -548108
505391 140272
-577176 721335
-695360 422322
-824651 -455301
524314 -200748
126830 225842
-898454 -962888
489190 913335
-601881 -385752
-431382 -607331
-352970 746906
-357239 -49285
-788223 138577
-475056 9443
-324352 794697
-488891 460012
564304 361234
314189 153502
250354 692176
-703206 -594225
-998968 -32682
499823 -442721
502418 -107387
540217 554142
790817 -169919
511949 947733
196265 -64471
-602663 -965860
-969867 -1000000
-320181 982628
-508490 73188
-488112 723168
-904022 175533
907452 358837
190297 -289201
797327 -467912
-790523 129486
588675 -876342
-345726 -658705
-682253 -475002
-292060 -607924
175440 -337727
-57849 146619
-694557 488234
612055 -32688
-390256 558981
-570343 420074
-784952 -270903
-123265 544058
-401452 698289
319855 -198475
-373518 808334
92965 -326230
-557761 -919064
-83220 611451
-70949 189023
797783 516415
6017 -695861
966030 -648171
-103689 -185061
324818 630420
-566147 198386
658453 -735505
-421283 477011
-460711 -593795
614122 51319
343421 -432415
-996214 98439
197562 -355494
-128362 580099
-589388 -775447
480661 378548
-304249 -470874
634938 679495
937565 709428
-729236 895978
-868036 195411
-423618 370348
-587547 -310447
-649671 636308
-648356 -467995
328810 2181
923645 -496472
356091 447512
-873482 766125
262451 -351634
-768886 -475981
638612 962488
-955288 -806758
787160 -742239
-947199 803243
-62702 -641014
-527412 635643
285396 558024
-899373 525078
396285 -338276
-579227 642698
187803 123458
-679387 411116
615037 249762
59653 -305412
-682676 344457
498121 488634
-946003 -905803
708401 -996250
-835438 -50578
255236 879054
-364383 -261366
-546179 -873848
-704801 231894
-638133 -260936
276038 -184053
62458 98402
517837 395042
-581978 -908022
949139 -637212
196285 -95046
68 654006
-715284 -629164
120839 -370423
-388738 -287356
-809183 -781071
-544092 286956
30251 -395610
428082 708793
901644 263728
-502317 -394666
987604 -677050
38259 -704930
-233735 -841311
-594890 594080
293870 141144
251836 66082
-516984 -805026
407889 905670
109808 799403
-350288 -947978
-279551 -374617
-242336 -996919
618092 -555665
-535365 285301
629812 -969273
418276 -493473
-290360 -976103
-963885 -743700
-354472 514611
-282542 -692269
-169632 702779
-437159 521956
766216 359628
322500 -750235
-423598 -673884
-610690 39582
138616 932054
559213 397485
-568857 -5146
-232055 539248
482322 35456
613427 666814
939499 -917555
821005 -976847
-431411 6285
449361 556577
-947680 15
-914806 452957
119033 578512
-965626 -592329
791944 -425904
969253 -179666
303590 -886832
783805 -153066
46637 983680
974302 -571443
-411369 -850639
148442 -466527
-933020 888380
790522 -941810
-40145 724799
694510 903673
-155816 882266
-703546 78136
-46442 -755236
-176333 930252
575439 -823387
359666 453695
86574 -743520
-308524 -803040
-485461 -957130
163603 297949
-620352 893080
-906653 614285
609044 -381725
-561123 -64014
-553176 -375545
-988422 433916
-93744 -863463
284038 212511
487984 304519
-2589 473364
257473 -659191
761235 -252749
-477007 239091
988780 -247767
-962343 -676517
-738990 472802
73335 -908477
370834 457372
104360 159320
-847665 -108615
240145 905085
519700 442963
-350073 237411
81499 -769160
-615474 807983
-181572 -15027
-865458 412103
519118 -530308
-343434 -180295
-600492 -651251
574155 -439344
786019 948215
422552 372176
-201794 211900
-388193 -616383
719895 858109
-792443 731333
375105 -375164
70917 -399307
-577127 386319
-322824 388245
659635 -97217
-279426 330340
-932930 880484
476847 -924519
2506 164528
-544618 916132
-986304 694
-558617 -212332
278939 -665454
424292 715920
901788 -257946
594072 -195563
-60490 296018
15755 526247
503882 -583269
-21658 -277658
224699 -362495
478418 878622
830110 -398018
-268731 592907
980372 -295017
204863 -170213
-71675 317046
967624 -225833
248526 -508158
136719 807650
213857 -682057
-760873 983353
477381 681313
125730 224154
-783956 -74006
-481056 886912
250827 612449
-560561 -389320
734230 154933
-764167 -418671
-896154 -634511
61976 660637
-938572 924708
145422 -774950
684561 -19078
-264138 -277583
649839 -885256
-510517 -888765
957648 -698401
439592 875152
393466 249810
-929885 -240834
-10925 535324
479618 -924188
112775 119810
396290 600922
-598216 -863167
188702 702613
612117 951580
762606 -619279
-126443 594712
-671807 155816
-729214 158694
-655923 555407
171905 -860463
-458458 -460670
-982201 613950
23875 82619
-298160 491514
-364863 -760029
-724025 -803736
-276268 588076
-555875 565519
521498 -18438
990167 293535
847198 -183549
-417399 844736
-152295 228245
-218941 906324
172273 61940
279604 -31163
-31493 592554
-495905 -720553
298476 850171
538894 241638
-277376 -208374
-368140 823709
841191 167288
-945359 -731802
-115620 247917
-499284 74880
-788590 -771769
982113 -160782
-945774 -677535
-637993 -463503
110653 -989338
-734919 548757
298947 579770
-727595 -907062
-836167 981117
901520 584301
-420262 256636
-521438 -180234
926148 -867678
219732 101077
63686 -857376
216873 476422
-311583 240283
-767222 57773
-784174 -2019
680466 347593
581031 -293989
396507 -88240
468113 197440
351814 -248402
-475998 854028
-837120 -587788
-645786 -140737
-414133 8922
910344 703332
948228 317166
994938 -154479
280466 -905153
-845816 357063
-485732 -343130
222221 -781844
-761105 -734774
-163228 -581957
183888 -228702
-976284 115733
-631729 -271755
888373 477570
-688076 -565398
566481 -308153
-226027 -898644
605501 -245244
414687 564452
-965585 160506
-30375 -355049
-768030 743319
524721 317073
-10973 437002
420275 -338725
-523589 884919
-868395 -822056
-591710 -382937
476796 57361
971357 698319
-194302 -773259
-648995 821877
-627515 215007
-627877 255658
312789 678386
-216132 -912058
599611 -872285
-90780 -324049
-193653 109016
-544657 693627
826380 832344
-54670 -884343
-396096 186292
-802835 209880
652273 -903400
594523 -460265
-326986 -867558
217129 -488779
601989 806947
65915 27991
563293 -903686
184321 -718279
-800350 759660
904100 118985
-549059 -190500
-250189 600676
-943663 130658
-921550 -73591
531873 -379693
31960 361222
-404802 86760
933212 471825
-902629 -475027
-768339 265715
992902 -312972
-996855 385404
527087 -282489
-333887 880754
305220 33691
-175944 338710
-621109 348571
737959 439627
14719 206545
-951842 -116962
-456554 -258119
-675170 607389
-452359 76419
904383 830127
852626 -418308
191075 -460806
906580 -427572
371299 -586653
354316 -94175
-588124 209348
285146 799774
173416 712367
-478817 -285534
-676475 -761321
-33910 -67259
-365033 -925660
511631 132461
248787 -369404
-739314 499135
828614 447721
-585391 -147804
-766839 -421576
-733120 464034
-637038 -706333
115269 -424286
-209192 -919193
604833 -276695
-887130 147959
788922 -999793
575919 -570724
467685 -688147
-851219 216581
401763 -443840
-510567 914273
-31530 605993
-906515 738348
-917101 144309
737787 883838
843125 654176
-861718 764544
944623 860111
225719 -959487
-315417 -551002
627844 441794
-757119 638633
-98746 -347247
-92244 830285
-292346 -671211
-14818 -256166
769644 845043
-886674 152749
-895693 785991
850361 107992
-754068 919071
-576268 244132
-499512 -643333
-471881 -263247
-415263 383023
-834248 -789684
-676835 859433
-536469 407189
525565 477228
-462586 256412
793933 -280024
-296918 -534088
314304 978808
-768145 -332417
782279 -191769
-436862 889653
-873515 804766
876227 -937227
501335 -530765
-942431 -99227
-441192 250152
724867 -454165
755324 -149246
-900638 313834
-641817 -451929
-334951 -122850
774158 167483
-220277 -768579
-442612 -311766
134542 -369656
-34913 650116
-550766 -468319
-769643 335246
513653 -152766
898741 -535842
-487189 -348475
629353 647445
-774347 -226296
-992891 -61228
-596217 -965622
-150809 -572249
-317447 480703
-200742 -25099
-937320 438052
-637010 -87311
-637959 -206506
-131756 -750598
-486555 921372
49002 -859229
129779 409300
-212211 -641469
-741319 632465
-574338 806947
952078 -76471
-728796 -51404
73887 -194448
-9128 725486
-294610 574617
-540270 -560233
394108 673359
952727 218175
-229649 95797
-779268 -900848
-712023 -663699
-313736 10733
1456 -523779
42467 -941921
-763961 462509
-782094 -629523
-608730 -570682
-544583 418240
-956768 268959
393360 47764
890840 370626
718532 -690624
608603 -411378
-46388 -821955
-907574 889144
-426682 404490
513062 629913
-303161 105107
-645852 777914
-685229 24732
787502 -54935
546203 339453
842210 728743
705033 478343
920270 398815
726707 554492
-772538 603322
906054 928013
-513946 310020
-222260 1624
488732 -588840
788990 521761
994254 -329072
897776 -217801
203757 906812
152107 -938011
710006 -168807
362861 -370118
-777692 677033
257781 427159
655329 -353598
-813902 872833
792129 276644
-621069 -814177
287648 27525
501661 -739989
-238760 -398949
-450427 192365
-17039 -643730
-881400 -23265
258819 -91766
-144233 -796685
411584 690273
250869 -456042
-530997 976228
615829 -222736
43450 775023
237219 -347545
-332703 -128560
-524730 30845
-420963 -302737
-660310 -994318
527669 -113799
-461877 -776457
544192 -570021
-78424 -877495
35005 -884312
257637 -486166
983773 968683
284723 -726843
712960 757207
155775 721873
281055 -273723
-940322 425568
512498 -874775
-279368 -3661
-514328 -998179
645140 -475801
839985 -519407
-161836 -112078
-221511 -690812
725441 271058
-656224 153246
332866 299329
-53302 -677126
231950 998780
-619707 820068
547572 -971721
-978983 666343
438817 -63452
-522568 -876815
-278824 559451
483261 -46951
-294107 949762
340565 -609630
745051 -590667
-949651 -898070
-406229 -215376
-103630 -848547
-132075 -327409
753173 983734
-408402 290337
-133912 992599
913292 -532751
372674 -32217
601310 -527524
951237 -654401
-954800 -187963
710973 907342
-528176 836233
45905 -285873
-449006 -381909
287490 901092
317947 684961
-185577 -298720
-209498 280661
-105408 -645266
795381 -770206
-785888 62205
-299591 367062
-471682 1734
-907233 -424141
-621788 192364
-410804 244579
-940712 -376513
643659 -802995
946821 549436
545068 -398764
-57028 -753112
-273451 358583
-51307 -729345
836782 -748679
471612 877639
239086 594088
-691270 150425
578162 -357728
912225 -579321
750987 697293
868100 274301
-870099 -736656
467478 288174
-905499 -528281
683572 410558
-775671 -277761
307485 805207
21926 -960626
-483476 -170123
250358 -180145
-741910 -326810
-499840 -596742
-263909 -268731
360945 306910
-263315 999186
-633709 467760
643212 671646
183424 -508349
571098 160735
-468460 -242404
92109 391442
286298 -802293
-290957 -115097
-457681 -499711
946805 733587
-315161 -128736
319139 -597773
-729240 -687118
-141333 231275
478492 -497070
596477 827444
145397 -102413
252754 -217501
24240 727760
-9647 858066
-840248 -215855
252341 -799706
1970 237288
-737748 934526
581625 -33476
-858771 755321
843768 235793
-551130 -174448
767931 -594713
359243 -331749
571521 11264
868936 957647
-789666 -895182
-892098 -569336
851473 585292
-831096 434386
-381873 -440586
-784214 548903
-180132 166003
915003 -105103
-249991 256288
-473225 -94969
76785 -67316
-290667 380470
456760 -256450
79570 -338666
-217365 640716
163010 -734976
661889 207423
899310 570592
-619655 72313
-307343 925259
-445974 -561947
972510 90592
392283 -754830
-980290 571961
-59953 -597329
-245027 -223145
-548453 -127930
552882 -560157
824717 -236998
357727 337333
-506135 794087
886880 35188
326414 264988
-778244 -126383
740162 191655
813106 239979
-187229 543757
17995 646787
-600856 656977
-133154 137764
-114172 531444
-806020 431881
-894302 -631720
-242253 -520335
837468 -798531
-456774 -834561
177326 107605
-716051 405264
238263 563341
326164 146196
363505 -139836
-589334 864004
917826 -205159
-341536 -563546
101273 -935866
-837645 -569042
147203 -65513
-820381 -74969
876691 562802
806570 36562
942299 -939979
-936090 -432469
770793 -160365
244072 868557
-764587 144871
-464556 -918009
497195 926401
-747788 210356
977854 633697
234786 -699849
803536 416742
-182055 -720002
-783 581642
689844 993472
101024 -632963
-381882 -242072
662663 734662
704097 -557446
62307 14495
409057 234764
403411 699371
531896 -362767
457578 541186
-72611 -895730
12230 878313
582459 325869
625786 -158069
483067 139382
-512048 -478855
876114 -584421
619236 -914088
-849116 -386703
-623201 -864959
-128429 -205200
-218164 903534
673243 563019
-254979 -27625
-114025 766694
580578 121885
954018 131247
-159648 438652
540253 830738
790031 95564
-298211 323995
918060 -406211
-399076 954946
-735115 -698240
-195524 500096
-586757 -457587
522207 -546959
207274 -107571
-79732 211796
-54707 904255
716530 710523
-915060 -436786
-627299 247348
141059 -981820
564653 782533
992571 -15958
802340 603329
-917517 677102
790409 -161869
861637 602505
130810 -589981
781528 -230624
474783 86921
407317 -184143
211718 763574
75502 368521
-365674 204150
417598 -690515
541084 -883015
-640804 -974354
290498 -812531
-600028 182235
-150340 -874690
702577 272420
799632 -356083
918139 610395
-155272 -376651
377541 -687572
500932 146084
-372316 8313
910872 -766008
-378745 -278375
-537605 8622
-846391 -723550
27306 475146
-23827 772273
48360 -515284
-863972 437958
-489362 918741
419047 -818437
-231189 613363
-267537 -295581
930244 128118
-900110 159217
-577058 -1150
-846380 651749
-222787 131181
-370449 -362982
-405770 345511
332209 -984416
-667547 -473572
389692 -774108
-964545 889206
238481 289868
-986200 -92202
-678602 -160789
-721563 -725609
-570313 360400
679353 -292888
721176 865942
-194394 269509
4465 666648
-593108 -285492
402028 557258
-134105 -846546
155530 -861821
-51693 -545412
-938198 -933162
-499077 132401
-377513 -638741
-200262 -477028
-580761 -212725
-286223 -260935
844263 381586
-703055 316084
-724289 426386
242910 -500268
-635016 120205
116071 -473405
-763749 773692
836444 -731882
-438852 -960036
-629431 -220252
611635 481033
888970 684062
-392825 943868
-832577 -142210
360949 741534
-551297 -399635
99884 -541811
362434 759011
-577521 454450
237868 315512
17327 354574
926589 -140452
337131 886942
263244 -294982
734404 781953
726352 383970
358947 -302079
-60130 -954459
765616 -306078
781855 295723
944951 -82432
-518587 303676
691994 863666
593645 -222983
-486737 -827623
794667 -970931
600476 612931
-427046 896413
-364606 147624
816057 43121
19175 360874
-857416 -298625
-130664 220393
-311217 -701136
889938 -685449
-217554 -81311
691464 400173
565956 288773
-856231 -559421
-587690 -465409
603643 -203707
8413 -514041
564438 -985272
254869 994804
984764 -679503
828489 -717880
741591 -375019
-724515 643
-956229 748702
-826465 -936561
-339425 -699630
280668 487290
-263105 -294932
207614 258783
-862394 -840747
113198 -701962
721150 811891
585708 -607747
252601 -155555
-633350 50366
205303 340177
-764811 -79542
-296992 59694
177087 416048
491259 -305882
496062 586973
-193583 -947547
189160 486433
-252433 -2842
-18572 901915
-634366 728393
-885549 900935
230979 251003
-884299 154496
-904707 -43229
-826943 -835824
-37110 -251356
-799889 105855
432051 578138
-372274 787913
453322 -53759
314613 -600208
759366 850198
-438934 -925485
226699 -578471
-170122 593282
-236494 28837
368937 375768
768426 -462391
711718 -729666
-381507 378435
300662 -416132
-104045 -780598
-631271 381929
741344 522985
-802457 -114662
-353455 -163665
-64922 -520638
251243 575020
721834 659413
-633175 -565745
283684 780946
-165886 -911871
-317254 448525
759219 689469
-266798 487304
-393737 599813
645539 682836
-705228 -346837
-36387 474682
546803 442687
-701911 591431
760254 -109214
-998272 -572409
94297 666444
162551 -89074
-969731 -508451
-77719 -267764
-145067 -692178
89931 544061
-993690 57985
-848391 -954349
-575770 851083
116670 -881134
792437 555865
217263 142361
824594 53350
-235599 -525693
194569 -212461
97397 -307741
71920 -631821
-515208 -636307
-16472 -171396
-257186 -692531
868902 903315
-607863 738030
480189 83212
-722613 -469718
-364699 -375266
495861 -497830
817942 264149
-16919 890417
697644 982037
-525499 -843150
-927872 -895061
-579690 139269
201553 20645
-841307 788861
-978501 130035
-277295 110470
986198 356252
780963 644243
900992 -317172
621174 -114620
-737231 263339
-125906 -590406
-789663 413351
-772617 -659177
884639 923686
277671 -748685
332707 -107292
945584 -273613
713589 -104089
590194 -581584
-306466 593372
478823 -460695
329788 121141
-290220 982681
-387415 -731952
593633 -821724
-311182 687730
-944616 222617
869205 -761340
944284 -938447
488358 -657327
600968 -356524
-378598 523518
-672973 -239055
432670 -357896
33081 -161238
-3381 -292849
-75316 -452930
832157 922475
222188 -323702
785359 -518311
-92809 641481
-102906 -21616
238062 -708437
-501164 470434
433511 517074
-908661 680611
347112 -373185
371197 69536
-396290 -27024
767643 340611
-227173 632211
914211 -774259
-172614 982948
911059 354740
700846 723869
-494580 407728
576242 3837
269144 813567
301349 -689037
737583 463652
-317919 45371
-225285 -514183
601239 365633
-826582 -746762
-313212 582742
793731 992527
711870 642435
716857 244978
-666461 -20075
524914 360086
206982 -725616
815173 -874733
657425 930592
-169077 863235
-793131 -20873
-115172 -190967
-190083 -912985
867523 118433
975930 -397886
-516870 3585
174377 -991595
130722 -835776
-272953 -537875
320138 -318271
-982942 -922857
-145446 632303
-558210 -905688
-309790 -971168
958295 207823
-83398 718092
-479286 -222223
109075 977085
47668 -784765
-82883 963674
513816 631191
944682 -778811
860746 -195396
-453379 -757438
-723354 -980790
939139 -585289
216484 3666
-708669 -354081
-29440 -385243
-193855 646848
31365 -72465
-767531 46973
438452 201109
143547 783320
2030 109647
-422467 -759099
-652048 -964781
432815 -322139
332504 233704
430982 837729
-330073 -540463
-405288 125515
105198 -569969
-740303 -706560
-493030 -258055
-565826 -365726
637673 -390616
429578 -893845
780492 990391
767630 16824
-714840 -562266
-215334 -108082
-79336 -260686
80573 383203
809524 -180753
-555685 -221986
456269 910071
55247 -420856
180534 -354986
93230 228546
-770292 203221
626122 -462412
134464 -496239
-362886 -432024
-846221 -280607
-516179 -328285
-298355 -352107
382079 862151
-334402 137780
398692 -146956
195658 -276018
-485538 -964901
-876906 693913
404316 -941243
-532639 445899
-478787 -417515
663580 -940901
-313435 159985
-367586 749333
-226307 654255
820063 322029
-26516 -854875
668491 623133
933947 648446
-298154 877469
96256 513265
-304276 -504946
-678820 -514109
-886570 708647
-342691 -621480
437159 -267792
-102628 -270962
-988484 -89635
437898 -709030
-291396 -69204
899112 -174972
907969 788835
160945 864793
-617545 -159399
44142 493126
-419390 225647
-241815 -400457
-116370 -243519
265721 905488
-854173 608967
-513955 -530477
980454 526442
296819 -426932
-648153 998473
-213084 -104065
-150707 749568
615912 -395255
563929 242085
-291623 -792681
-736673 -509769
359408 -788855
119923 -827926
-217485 -846030
-933956 955704
-522552 560900
156768 736979
-490455 174897
-203014 -915793
-952519 -747278
-623631 -670549
-208459 -140239
-287892 -333559
514986 -897984
333177 993112
592925 -391639
-186283 59861
-813012 893348
770732 520086
-940405 -975489
-697617 44720
-153214 -426550
763077 -379743
-903603 316917
-700868 -390343
790295 -129437
-843715 509598
-372335 -615748
-392463 -774874
967158 -215216
629027 -335760
889124 -610200
231955 128054
-736894 -705170
260552 295960
-538166 -433962
-671077 -341466
970566 113485
32263 -882321
-977731 -457147
376073 -210282
-250108 -778603
276404 -757386
140137 -81426
443060 -824003
349378 222873
655904 969504
881523 370544
-710875 583111
-74622 -732773
-68361 -156213
768444 -268628
-982992 475916
801626 484331
181197 -864437
997431 -275335
196162 214542
156203 -594182
764478 959635
153656 43328
990448 299217
-792769 -324944
-654009 973146
-365691 275401
617139 -738417
-122520 -812786
-681356 451502
-831777 -589056
-714708 25017
-907956 47080
-113385 240553
-100729 -827402
-503781 -449588
140287 -47780
-737780 456056
-377366 -53392
112865 -826929
-710389 -391112
273639 -540716
-358268 -924462
-882063 -891920
116353 199338
-189541 752302
-404845 -23149
368706 -845429
-395403 800221
-720301 505504
35720 -464074
-626537 -471162
-439511 374034
746911 -30063
-288471 -453392
-33280 96008
942120 160380
696378 300420
642385 -75949
666582 399120
-869338 -836451
243454 -881697
-479077 -14672
-187821 -817147
-119655 638733
-361887 -325001
-613697 -439002
224502 -551746
388545 476210
869588 -584326
-507009 -138481
-108071 927154
892491 -783273
681839 -617039
-586350 -70278
339400 -391765
279339 -839561
487831 -37375
695829 575240
97411 -423678
230961 -713175
-569533 935910
-225528 -17499
-252635 -905643
-539418 855543
649829 915965
760219 -841899
623562 950661
923934 819251
-440135 140647
-341801 -303326
-288916 -854561
241119 -705538
-508923 149706
-360981 398071
532149 -275541
390055 913102
-313117 -235329
-886658 581916
-456577 -259090
-200033 -609081
-977764 607382
581249 -794273
-866785 392023
401386 -228665
839755 369800
-758615 163178
-659758 -638711
174017 790556
-800766 -586769
-889962 -516276
-825163 -547414
-883474 -321358
992418 322387
-3786 744030
473717 365193
-507128 -670429
192491 121868
-378054 -424652
616592 201483
-552082 717966
662112 -594072
22949 959143
1284 421338
-969591 124204
-979757 -885107
-182354 426495
-905654 -783313
-396441 674195
-682130 -994044
-381023 -213007
52643 186767
257549 -968939
-642332 -72144
871501 -440032
728696 782204
-694258 962131
-163740 -471539
-589503 -659734
-604516 360555
860747 36403
119090 101175
-802336 -107742
-16806 573441
485469 191364
-886169 -687867
-761256 704388
627144 -890907
-8678 -724074
347192 109526
-978636 472059
-124571 -956402
278129 430132
-793921 654573
648593 855147
-381648 20700
-910205 664964
-551134 516685
313247 369106
835630 -410887
-494821 -575620
-67221 711793
754726 774781
100308 -605464
-797580 986821
706381 -725928
79473 482545
398047 -15596
179963 817777
-374980 -616674
426514 -353312
-859304 -630381
298412 92448
-312777 929465
669550 933468
631667 204153
147756 590838
-644242 -858674
-285959 -222447
102315 -269701
52890 917592
930134 -782075
537004 163603
-369546 996441
-187452 871381
722411 21096
190701 689123
159753 532085
-165831 366365
-882606 -890934
-53404 -78261
-2413 -926981
295030 294024
100199 821638
644655 333682
936609 -525890
-167609 82301
-279318 83389
-691255 734371
424284 -302410
-585521 966499
-528583 -578635
122626 -87057
-28969 4205
-924074 570090
563589 -385151
971660 -926216
477632 -726236
-29730 -993687
379728 846524
-655648 -414219
871129 -907846
890410 320420
-316085 -365860
-474691 598799
-425412 877070
-803992 -983215
-112488 -420749
581682 -207668
-579573 191592
335671 -402789
120151 805750
309807 382684
-133642 -431096
-129753 -470768
-306341 -347449
795597 93678
-233113 -349892
752150 -428906
-585489 -896601
399932 -152937
697940 -21345
469808 352455
943210 -771775
-542601 -372449
426117 740893
871268 453699
-570899 -52043
-60892 -985085
537353 -432143
-222773 -116605
-725244 811759
600861 286872
301911 -833691
859275 -112425
184151 146438
703382 395234
-747154 539018
983299 -456988
29658 -313505
-216317 912698
493015 -786518
-405694 473422
-669469 305961
760741 -907818
361912 -519426
-926932 -176372
337241 -768257
-51960 -560891
-211965 830193
294787 187536
-405412 -627939
610690 -733546
770541 -324683
-725024 -686145
714213 -140216
-429668 -677473
462129 -95553
-628414 -701218
210036 547496
367768 -571387
-142612 785370
-825890 770340
963162 -409392
-750810 -285590
-429687 303189
-286049 -92356
-654280 -714000
-834755 -573248
335496 -298949
593483 -238102
521620 -321556
-520430 -330317
-501023 -472031
-223479 -584061
-390286 -931415
-916427 623713
642564 491383
891010 -102700
-670754 735098
580052 -488874
-170627 -613217
615454 704110
467788 565181
237285 84231
-954479 535885
-565346 -564468
335531 -327503
13857 -810559
335706 482239
712419 769395
15481 -587425
-20976 801574
601484 -69338
-534348 -948682
-128242 675778
54507 -745222
-773210 -126367
-555935 -673595
-387139 958046
-326444 417543
-111461 -607082
263434 -271890
576842 -44028
-338120 275173
917395 444516
-63825 516647
712530 58728
-781426 763789
548894 327113
-374633 -911111
595843 772306
592666 543726
232638 605354
616682 -92548
763909 729182
525258 -667804
789210 -869881
-581132 636631
-905005 363232
-531193 273096
-851427 -920944
-248684 804760
658949 973892
203419 -616897
-524914 683519
-195724 -36929
393049 393628
260199 -441277
-187070 -867608
-789422 -578053
89282 475676
795578 424810
225546 -713776
-908135 97848
824817 65245
559293 -465221
-785566 -747469
531517 -493949
-966128 -506148
-339132 332171
-886576 433625
773643 -643183
595311 570543
180795 320456
-802130 608865
643676 -575140
248628 -448103
-343234 517974
235656 -41028
-884508 -697844
-687349 590808
220222 -174155
778429 -934236
364235 -20026
735688 874226
-312917 715803
-513383 174064
263006 811925
-38990 -148296
248081 -71041
-9867 535925
-938908 -315863
627986 87180
597024 116786
804562 340868
-214232 448268
-462387 -467806
-822849 -806656
-648042 158680
-966310 -30018
-709876 595528
694769 -623812
508486 -296310
92839 -358386
-740214 -788386
-667975 -26199
172023 -283309
-239042 636182
-412051 -829710
902969 -415487
270480 725195
286166 -437586
-525194 90744
175386 327490
-184558 -217082
-224464 286436
521026 144437
-145414 -423045
-329887 -546938
-487631 444203
399897 -877866
78833 -79724
-380010 -311830
-805818 93568
-767626 -877730
638212 -762958
998304 -546563
-31458 -462825
-186017 -434257
-641924 732108
527364 695500
-58510 -462826
-13328 -114100
-197984 123660
-269529 -958802
-33924 -427478
631798 69753
-837472 -629881
927459 -234904
917128 118877
-865070 637688
-101421 674895
678589 -316545
966863 819869
548254 691103
-370048 814258
-611074 -698950
430756 962862
-370885 500645
-745776 -868517
463638 -955164
-318315 629399
-210606 -48429
-406001 939251
-21213 -958819
207943 -546903
6012 -747125
98741 670161
473146 -13139
-773316 437591
-3853 763667
558021 -688232
-442640 -270747
100913 814139
51640 783593
-394933 915450
-346981 938881
620373 956117
650524 -275035
-561340 231546
724870 -982609
-80268 543098
-5731 531972
395461 47872
-921581 524629
-443473 288007
-101664 23273
720041 -296737
-663394 887992
-326792 -956826
-380579 -512147
-940565 39522
-824101 -393099
702767 710774
489145 989630
-547931 -247686
-680821 678247
-114940 638655
636565 -344979
795331 241170
-365358 644344
713213 720473
700298 749016
-453759 256383
338994 101304
552315 593405
617357 -846037
217267 -992366
-352111 -225953
-838161 -274383
-417951 -850943
944378 -687147
-65138 931283
-540230 234328
-679754 -664534
-377325 722193
-175443 720193
-967107 -740964
-639049 335045
466736 -801263
930022 -729482
692768 -322204
-109294 -719914
-525027 -452057
862395 -942639
625439 203583
501023 589824
819215 -517093
509104 -344047
-355483 -608359
527799 764189
886486 -383046
663469 -752571
-984403 -44584
356796 251626
814397 757021
791339 -197018
-642254 831531
-760055 498071
-710005 406707
-289072 -244845
-68410 -520915
-472777 148154
710521 -396380
-815961 660293
335738 784755
80275 -821799
-765668 -206674
-924665 -305175
266107 -805679
-25363 470434
-353843 883924
144223 107459
-814771 -975850
-704900 61541
-65613 95687
55591 145865
-322478 -319631
516906 -178996
-764472 -872466
-421116 670511
-241477 -988654
948714 -698024
-754114 804189
-687821 -177504
-381541 270207
801627 214082
324736 -946499
22926 849722
592414 535023
466597 -711039
-672943 713681
762887 -975272
542905 -370649
-865006 223584
202750 321132
-9968 321588
127935 -973832
-758696 -503955
-1791 118030
923608 495184
448639 -505272
87938 -693996
-632222 180791
825391 738291
658323 846418
962388 709206
605012 294921
-686272 661775
80041 394673
-618138 -243378
966331 705936
165704 90669
410022 -279678
641598 -181210
375007 322635
439768 -947585
-962241 -829300
591880 697026
-122525 -285894
211730 -287566
-70010 479654
-734506 679437
865378 923283
477414 -763527
3341 -707390
353817 -442498
896888 839179
-339422 789338
972393 784536
604761 329014
632740 342578
-410254 -581300
-486722 529906
-343508 -890889
257348 347635
892239 -714916
591210 -723130
-110180 -215711
466807 -800184
-196443 -118764
717463 734616
796549 252948
723688 922208
-619406 -295337
-420916 215205
-758407 6143
-299913 621599
341129 -26296
135099 -341557
-309121 528072
-14189 -191847
-452609 -361493
979303 607736
177696 514184
-16487 -838
-691048 568817
-42396 411042
768430 722423
-643958 394129
-182554 -474593
761329 -925641
609492 -113135
649231 49969
-886073 119835
827964 -928911
19039 631247
890124 -6858
-97280 220347
-66162 -155737
622666 -152916
658523 -256918
-349966 588340
-700573 -648388
-211312 -264474
-652124 400231
-88217 -612794
799996 391155
-253519 205611
489776 512313
378544 -43660
-363890 -589741
-256130 57281
261206 667441
440954 -103712
-291470 -49110
991555 -85106
72790 805020
-492657 -710542
-289600 37825
-3289 -285794
-408655 907542
-188812 -883179
283150 557658
633569 121925
-284317 -349706
678768 612322
914453 10112
285042 637764
-456783 -760385
124813 -783082
867273 -355770
947658 497736
778569 -543698
-543423 238165
899078 -800566
868039 -496740
-158075 -164214
-764658 -193547
-890329 605748
-907814 -340283
-967527 506147
-184312 359715
-7617 967490
671455 508892
336442 442174
-935707 -869096
521042 309536
-226334 338486
209365 396014
180099 58341
857557 362236
-742269 -14750
-996549 545044
-649529 58104
666272 -173124
-501914 344324
770521 -871972
-780882 -77589
662761 -92872
114443 -267180
180770 -286296
-118360 -353637
-853737 -15433
716002 581026
-757612 -21316
-962568 -131888
823059 790817
185112 -851148
944384 73518
748399 964661
921556 -547483
306775 364893
966135 -896706
-526070 215164
38825 657382
-112526 781901
-173699 -557892
668514 -370210
-586569 -951803
557701 -129810
631478 457376
-570464 -446083
15164 -570139
121520 473936
-933403 -529400
-975151 854745
717156 896560
719355 48059
626568 843704
-149765 -436339
-489844 288341
-727306 -137303
654146 -483354
-279339 -972884
-676448 -529734
544083 707951
-926289 -572769
648179 463493
-727993 263127
199361 -519561
-767940 819765
-120893 -674997
601015 961146
532067 -626424
-551747 -641772
763723 574444
948394 877905
-770402 297960
249861 -991712
-615915 769311
-137496 -994867
25574 255136
484693 988681
-520744 -86061
514925 -587513
-659329 709871
193831 134808
