5000
-180882 -395002
289192 -528898
292008 -299593
511460 666354
924086 562432
-230331 993991
-513903 327279
-164160 361711
314471 425766
426607 616657
-219918 239239
-159588 807207
-253651 -698781
838287 436270
240530 421383
768541 -390200
321831 -185454
-765669 173808
-108003 974817
611946 816857
-543751 -276909
671955 -316692
-425336 855227
-784939 -216665
-964106 -483470
-193943 774804
-20895 197212
668856 -333882
279586 -413556
368798 -891119
376021 247513
-754415 -101087
68014 -551665
955470 660061
-226239 56965
-861355 680689
758334 -350115
-770398 -718217
-192144 139681
-958138 854639
-960885 -55898
-323300 -69525
-964988 -949753
-122300 -195677
562530 -553269
222520 -343670
-93097 -427807
-904481 317213
-481742 -670845
-341572 -88940
126903 855747
219925 -146488
930526 -135422
889790 902801
555819 811276
742689 -211255
-313762 -99528
-265886 -194377
-883347 117978
-738152 300753
-748699 24710
-641841 261210
-71769 301274
-694223 77419
313208 866537
-998897 -693756
950844 352195
-311937 762146
-223957 -966951
-78709 702908
-570294 -11547
166014 -641973
-331303 -934926
762138 343150
874321 946748
955467 796510
32113 805655
-427818 430733
-810649 144134
-221126 303735
794443 -115403
795095 -30431
-166440 -782801
68544 -414957
-181508 -139347
717807 348562
-228431 -759578
-446690 682979
104680 971547
-640152 809005
-773219 -695151
-866425 217809
-528739 -311288
-900758 516182
-373792 -802160
591622 -109330
510606 -637520
-25265 -264139
-316166 -334146
552578 354621
246383 -365983
-365807 242122
279115 900601
-867513 -590524
447455 -712696
631762 -954298
803177 -856180
655352 970530
-30512 714444
-934362 579555
-296595 810699
159854 -586881
-611111 -385204
470573 175470
812024 402811
-76580 -290200
-689160 110500
642917 521664
-355603 154517
-53154 977711
956174 -812279
643031 -325542
235172 570907
-761463 556880
903289 900477
994784 318199
373653 -843844
-345112 -513439
346004 -116510
390503 835046
360134 6826
-584759 784519
613150 -404979
-822154 338870
635087 230662
454224 -456306
656527 -300574
510377 -216339
418038 -661287
451747 276621
147898 -682613
-623477 378318
-265706 531107
469179 850427
-375631 903106
-867844 720977
-618573 -248997
-151710 507734
459648 138673
702785 -395277
-408593 -342033
-311414 -81391
23216 -244924
-771697 793689
-581066 -873116
203662 342801
-442313 948737
-845120 -374837
-281751 152355
-638912 -573425
348558 342485
882215 -376704
-203565 780872
632092 -539254
429665 -461313
635843 -569497
-641645 -819478
-772390 -649056
150371 -126937
379242 -522649
959670 -597740
-530603 -970951
426877 -477738
191827 -463251
-848727 445662
-69120 -562221
844214 654791
-828977 796656
221488 -203195
-447522 646824
-232658 -398390
597623 220682
-323927 175088
247051 -901315
-79615 558314
379703 685426
-496966 -607895
-855512 906582
-793350 170547
-357673 -321106
159849 474937
-893258 124117
-896063 -19453
754511 526469
-260308 884156
-514301 925388
-824771 466851
756554 929362
833840 -536537
-838680 -991721
-199996 -335658
487185 -5371
-444125 944853
-901165 710669
-968761 -534903
441512 333414
-979835 -178730
83496 166727
-245052 849854
-677846 -953018
342426 -256753
-293639 -370786
-152814 -609162
981895 -971475
190665 -346740
77207 -458386
-546039 797345
-959092 389070
-731681 704367
-488144 -600119
-189931 229836
371913 168610
56810 703443
861151 895931
212403 -755083
-781617 816072
107136 -402380
-982797 988100
261494 -285488
766273 -138195
-37404 496294
-340271 889354
-543939 143076
-317501 425182
-955572 -669963
428505 -412853
-861658 -550222
375095 -104466
858128 662833
430158 -943113
946692 586906
-919646 -587725
-510106 -411589
-202261 -405614
834008 -137751
561697 731502
-894779 716929
34561 -108933
-490093 -627695
624661 699425
208075 -534141
80794 -548317
261225 165693
-755793 -824683
-260 731716
577627 645787
-209516 -734176
217676 765901
-600738 -847611
-67994 -449006
-348345 -463994
-236616 686452
936083 957149
478556 572048
119673 940006
739703 -674287
-921980 205802
753351 139291
-359496 814502
494026 11940
-100032 -834004
750937 928120
-457027 938179
749217 -275445
-346755 654862
948602 -467509
604911 -681203
-68844 -169792
665100 -910843
-428612 -92341
-53469 527383
733559 142340
803109 408170
-263533 -212487
139574 -904514
-650362 -127422
832252 -177765
469984 -232981
230006 694670
537358 -172308
-526116 458380
116653 -125137
636340 544293
153242 -624291
76050 953847
-852201 876301
503083 -484072
-689655 -768463
-81499 436134
73703 -126199
82098 985939
151997 210278
-83539 -30392
-248121 663616
240336 669369
345507 -474211
-639559 -155851
-772792 -934176
-83764 -260722
959761 747671
-406912 309093
-193318 -175034
-764339 -551778
754164 105989
277438 -491180
528802 -573817
252623 -796383
-904033 945212
-612435 -138308
-809629 501987
-945242 -749984
-117298 -845758
-103939 700170
-732021 -694923
906560 -987706
-439299 -649734
-641205 812185
565828 -813211
-378240 -6698
637217 -424369
-451909 -309522
-918361 -980891
-963794 122624
-595117 442136
878734 746979
-321965 101909
566818 348105
-465929 536048
-939409 19859
-400736 -207001
-799293 421744
-184871 -680969
236183 -903151
-780773 910468
54656 -826749
-270675 -473077
946989 -455832
954550 479788
897778 -376192
-844178 -139247
-66937 93539
764723 175458
764401 185955
910858 -648930
203035 -684131
792296 -699841
355817 -319692
508869 -601264
273244 949405
-528865 806527
-208089 -904624
-842249 -641901
951289 -527185
-21699 933011
464649 -786797
-787049 -564182
804650 82237
-116284 -239363
-581888 674851
-177711 117893
-95791 -58721
945846 757434
231522 -123071
-882273 974363
344067 -126738
-12174 905355
922529 -924887
-307180 466561
976031 428067
-420545 -932455
570195 899601
801967 965478
230851 624762
-263257 -450583
228537 634708
996511 548483
833234 -976418
707302 304420
-859109 -805912
254558 413085
-946290 -884868
25055 -856305
-556411 -419569
-404514 -817254
742243 -825132
-589954 184558
-428689 135346
321342 489452
983739 603986
-106436 -969896
254063 -332996
215481 -741407
-803464 263406
358395 -225027
619574 794376
271149 -837981
824144 -428238
629477 411340
929154 775835
281955 -270471
123540 705845
-405473 736291
-797491 -775554
355809 -560561
922454 -720818
-885063 -504298
915165 549005
-608363 758925
773827 663087
328345 -882083
-262755 806330
-108251 587178
-958531 474236
58117 950040
-626829 922136
-82522 969410
-867732 -108097
489382 995615
424254 272384
-78464 -473922
-251218 -649673
-559119 363392
-688399 -849811
102994 496611
-115429 697287
724542 554364
613770 -137931
813409 -514602
-220755 922092
-593126 341877
-484606 -958177
-560248 -902881
737444 -727455
-12241 333658
-393438 633157
-748522 19392
251799 154434
916906 -89744
-986652 33849
-381885 -89426
-356542 73738
733777 982336
311465 468344
571324 -126455
732913 564192
-557279 758134
-997091 659516
-531797 246269
-182442 -586385
247677 632405
893930 426617
212619 -439479
205503 -12020
-414762 -205244
212822 -994642
-621878 -109422
-544049 114163
950943 -403256
580262 38888
-710495 -801588
111863 792290
223834 -605177
-162701 -632764
-750078 387665
424881 875240
226126 333143
176812 -577893
178254 -659376
-383665 -16095
163596 500277
671313 -255436
602260 212466
649826 949923
124275 604026
178216 762534
198156 653252
352992 -550787
-961421 -661972
-552449 118309
276522 -917797
853484 -353435
-961655 -853332
-176767 125429
-669018 99711
734952 182874
-239050 -782754
-554380 175654
-813279 293210
37435 -324240
713641 -70740
112944 -246289
311310 903507
917840 -485132
-55488 317791
508655 974171
-476845 137944
551920 -818127
377735 493146
-616240 861174
-791461 401268
478178 928556
993078 372002
288151 330732
10269 -777390
-606314 -701744
22237 678585
-717508 -416036
839595 -866745
-432531 -710120
376184 -856984
975948 -457321
-771034 139602
145656 82750
-659428 722352
59828 806760
-831352 -334772
-649443 -22839
-585343 -93629
939581 -565718
-247532 717209
926599 593639
867101 137654
792672 -495521
-49937 -876710
-495726 569289
-48603 280602
394457 -445709
705518 -960467
448852 -758154
-986430 767807
-973558 -495142
186163 534600
362235 322123
520174 -169784
-568228 -519071
-768355 -733006
-64771 -225241
5406 -838699
811676 622084
-582546 698128
-473361 -42668
298197 225151
158303 -458296
208655 -828576
-546832 -911285
-894607 -885392
-281863 -71002
685537 -81098
520933 -936141
183339 -768008
-159852 -165324
-904061 443712
327410 25524
157745 -710510
104301 5080
193397 -477111
-4485 720135
908782 -508896
279182 -317897
-907664 733736
2054 -898524
-408005 221540
631058 388608
136668 -88322
-299762 -89236
618715 664480
293333 -192743
208214 10272
-561717 -336235
187162 -87867
313393 -547399
361336 132804
-599688 566718
291655 603467
-633194 49897
-507663 494195
-825911 -547211
192282 -24980
184690 -35911
784962 -491695
-326900 -285207
27058 -477309
-624897 -759556
503635 -114099
-53691 -111785
-343293 968198
644956 -568829
-332004 -369475
-308865 -614273
195610 -236888
-93018 546376
17524 130896
736541 178896
483411 650412
768427 -958861
937939 -851240
448297 -545053
768238 484257
-355211 441362
-885629 -117727
684109 281771
860682 -396862
227180 918619
507856 122111
828304 -106382
-845679 -157214
-821291 324874
57960 480146
-856167 -224598
-160410 -187015
-79302 194093
283053 128851
-612626 636315
-810541 415015
801513 -813045
490799 868925
-983283 962918
829799 371248
-62214 -839169
403338 -535860
237856 -99242
-350324 -134402
413888 309177
377680 -980368
-6976 789180
-776478 89263
938737 -918326
528274 882646
-36278 990036
354221 -679332
891487 26671
-752865 2417
-303878 726111
-731814 -225680
-427050 553672
687438 -606811
958077 677788
-166191 739026
931881 154225
305704 -7415
-653067 232977
647009 -780419
824134 -639581
72876 900268
594340 -582442
-628915 -158693
-244497 -483091
-851079 -999107
733777 502089
642489 -945812
-912145 -49758
716424 358752
763798 -445979
27652 -261126
896886 -25157
-179776 -852066
-732476 373274
-651956 -297779
898137 -548570
-527546 -910038
-613735 -285695
-651138 604776
764541 -775705
-405167 276875
5422 -859338
525998 -971852
486197 945829
178524 -639693
-360183 747404
-869119 -912874
129640 -302915
552196 -837590
-109701 7958
607674 699858
426738 380227
642355 -316305
-558796 -799885
-8589 265762
-930035 769789
-413720 582528
-193213 58868
-46920 -359395
981398 -23383
-62475 -992880
-542931 712982
-493138 849165
100537 -340533
149678 -340263
298242 896106
835160 -497582
173136 -207101
-742380 137712
773740 -119809
-352952 309343
409536 555023
605140 -176846
611234 254554
-649546 157210
-175072 207654
57628 -242892
-611076 892704
-665306 273885
-378171 836480
280885 448234
495340 -437667
-74642 -443154
-49486 -395018
-939783 -388242
761180 -886020
775434 -718177
-917178 -789213
948837 966437
-915727 -332928
498074 775461
-304668 -32904
578554 -763659
-68451 -328065
-641853 -792692
377704 35342
301369 -489145
745976 235242
795227 -350987
392374 -742150
590996 -613396
-496019 6131
-724291 -155740
205843 -727992
571596 588222
972092 -364500
-368708 274673
784306 -370172
-261519 460104
-975053 892559
969126 73175
262224 -611544
912886 -774843
-77130 -364889
478273 212021
954793 -768955
-628314 -516364
-916847 -48007
221356 61868
-58598 -976538
456305 594969
943999 -171532
943520 -638671
653907 -400816
-627449 173498
-633295 -645616
414532 -568023
13950 564908
304246 -83084
-577869 -355826
214772 29293
639276 -292706
80548 -804855
915865 -383899
600237 377755
752092 -167288
-471182 48150
213461 -226028
-112006 -703716
160957 -624861
598782 -952787
-329576 -868074
-244758 928135
-720992 798167
-68966 81134
412045 -837617
-833882 -614139
-429326 -736318
894101 -706160
373135 256335
-174721 -391768
607867 -672728
310920 -294835
-737594 376576
90357 -91871
-878062 -829519
-704961 -741682
-898655 -356555
215951 -526679
190733 -278832
-60083 -974012
-724925 -155266
674437 -734418
-488356 -155109
-319790 740248
-911722 -51967
-770021 954193
504083 -424867
804282 523490
500463 -410405
-749454 -547259
77911 280716
-62054 720632
525955 589130
-134909 734714
244462 287527
544815 -456263
225573 -694086
704055 -153330
575511 -94247
901680 940742
-534946 602022
-352776 -734089
675607 -150184
586175 -864506
174369 -901350
467316 -89246
633799 -143160
559769 380236
458464 -64627
67996 975236
-68958 -41603
-359936 -603791
849646 -710975
58733 234500
-587989 -10921
96257 -52522
-133995 52877
-976428 726199
-727554 -306883
-234202 633431
-204591 28853
-865226 986051
-768865 -363060
805554 -235242
-949748 124526
-278830 -212433
-312150 -313821
962955 978829
948179 174906
198065 -371341
-458579 -568302
-331594 679937
-608271 415177
472152 -491571
-803939 -807252
94131 932080
608938 476294
94312 742243
-761351 -720379
-869077 -906982
510381 805837
-741228 -344306
774304 326061
-75096 -806574
685632 189519
567528 -24973
-292953 -141724
-923966 519075
-80210 -660465
-547915 -353925
-321664 -211066
144457 12083
-792356 171175
-981763 -544417
838054 -263479
-284897 -258972
-111351 -177376
-835501 318914
-243373 -833758
144970 256682
861275 835587
678106 7220
343238 -570320
-561884 509927
368942 903939
86933 -213258
-821245 -484055
-118294 -507701
814312 -922466
175542 94994
-999811 -751412
-277492 -700903
28063 -116075
389099 -692406
-165435 961826
-861964 840105
455631 452402
739968 636315
-283575 167765
210619 507593
478408 153090
-144196 773447
864904 461114
-561844 -555471
501305 -513660
162276 322965
187490 667419
514211 -990513
-180950 609381
-7951 -190065
626773 -260145
821638 823295
-993729 747565
587332 -919842
47044 649465
949204 -728839
-952813 746539
256126 102720
-183989 235137
550640 -677290
-461755 -981177
-196734 -207037
-957354 624660
36047 -936191
-873248 -412674
-419454 900052
35723 -778604
455205 -714122
-763841 -788361
795916 -142060
528248 125577
-35137 286292
-296409 733742
-755752 -336260
-338834 481970
-416422 -478795
-987803 -743072
524356 280811
561484 -360292
-112543 624403
469802 373070
840514 60048
-769385 466740
840270 24110
845076 265881
-862047 879069
-587716 -446058
403321 124244
-302765 896193
523959 -798901
-337704 444280
-828677 -207256
445607 -273959
-222928 773331
-740134 332650
591216 -812211
316713 -631615
746433 -399834
616022 -231029
-48219 -427812
-677643 -580368
-846763 590551
368371 828717
502467 33195
152925 -682484
-823928 700750
211005 -924018
875561 140891
286951 -805060
-778698 -417506
-491722 845783
236260 -216565
525115 -393159
-546527 627579
834366 549031
-964767 972966
293232 478523
-182012 940183
-938726 252854
-656435 -51505
173142 471383
553689 -288857
850228 156230
529729 574926
678186 929775
-80838 728078
-479568 348046
-378255 314404
-363155 351795
-836834 772292
-806742 -616516
507790 317473
639407 -427753
-193653 -991680
906595 991688
875384 876494
887648 -38225
136465 -934183
-143027 -603279
701764 -362782
562321 -570042
718565 -521899
153275 799167
-603997 -377545
-854059 626106
-228596 926399
623266 922434
-866974 903780
-467512 333482
744655 -247393
-976368 -896603
869755 -818196
-410605 760675
-323513 132365
-319133 -338742
-413366 51470
-424015 -971004
419639 398170
200662 -734280
-402597 847363
-768804 -236948
-432124 43225
885892 921521
-445000 -435037
-824254 904197
683769 -101494
866621 629705
-859861 450361
384492 453288
729426 35708
935888 -112809
-878927 747663
592587 536809
206244 -444435
908847 578557
-125754 779356
371527 -609069
-844632 956269
-710894 363072
-271435 -166881
331481 501878
-731281 -223906
450078 916836
368812 -786433
-57620 -767428
687787 -768706
-548707 -103175
-936960 649217
-126418 -430771
501148 335647
183911 -388283
65463 554232
992682 -321610
956426 367866
551511 -586899
674927 -310469
561786 363854
988251 3765
388268 -276466
49652 -219508
-122569 -705548
-414110 415312
432677 -511100
-741174 987044
-372422 642289
-666600 448869
-689035 304358
422466 -670615
42296 -574524
-638335 -800387
-286575 264417
720842 -822227
470332 435503
138551 229005
136370 930950
304869 953547
287870 -8137
-614387 -251974
102077 940069
-248421 654620
17697 780886
591519 140353
511917 -769967
-598525 184411
-882324 90984
-76328 -632096
847775 978944
-626796 -651316
441602 -499917
658640 730374
506480 892168
646805 508161
866886 -352112
-160295 643478
-94480 -310520
-541837 840551
43254 -504142
-226683 -792564
-998851 -112176
227451 301448
708 -714083
-341298 -747564
-608619 -432184
978020 503445
-768258 -41982
39265 -837676
-740454 433101
81367 -298924
261110 114112
-992834 -734265
808898 -96632
833626 -793299
-525069 751034
-172252 -921935
-934166 567309
-18270 375228
-198923 -546160
37790 691697
967795 -200596
143026 319308
643193 -592035
70052 -829856
647090 -368506
84518 -334305
585435 -612828
-618386 -705466
311808 -311962
-520313 213757
-690297 692477
-685263 -370490
762630 308667
-791751 -255002
-973513 -41833
921906 353951
703116 629762
-114552 943
-331456 -656918
337476 -937214
-241052 -912185
696995 658414
48771 94672
251831 -232401
227312 -707927
-590024 114118
-610739 655584
571512 -182791
-501845 -905893
-960465 456202
971372 -234534
-548829 -764645
324419 -48123
583340 647742
41378 -597672
211038 635194
-306620 987803
831700 297946
-168952 -179529
-788707 -359747
924478 -337268
376579 627304
-915500 -529220
-318766 -195442
128452 -601440
-217649 255721
-172651 -111926
-143481 -107488
137802 769313
-700040 -474179
-511342 -932566
-748584 966377
451048 994633
-634420 -938227
520979 106409
-709469 -472834
-750505 53435
-57095 852035
-500409 -161497
-478668 -78922
-764350 267784
93228 551879
404823 422730
933690 790718
314049 -468081
899063 -701529
-108583 -440396
575769 756415
993208 -95348
-494093 589179
29332 -587064
-871735 234552
586536 743210
9337 450880
94861 913770
874657 830168
-644186 -780619
441088 457503
-270318 915204
573057 102642
187818 379035
-905784 394334
-478411 700608
504469 752626
-219735 -381790
504077 -36163
184675 986519
247184 -573543
272299 -582737
-560017 127074
-592338 -398430
-878109 998745
-924383 -141620
-428492 -184734
-197830 -232417
700639 -791672
394053 -163071
-100448 935175
-661027 526097
265674 256486
-954337 -595737
-729316 337648
-305978 489300
-492412 -563565
-743564 155077
832021 -62888
897504 -640729
-340670 23074
496970 166776
-9942 767089
392272 496674
175988 774412
481726 696762
749533 490752
221623 -254453
-467674 351874
827304 -281088
-384672 -543938
-19533 589178
372970 652206
586171 33757
649830 -754796
-459395 182938
131430 -785760
-958471 -179550
-896926 756528
-327724 781229
363904 -474703
-851611 -895490
747587 827102
-78593 -465883
-339262 -802025
247517 295336
965261 404774
556846 -589256
-379515 -150013
681718 -363611
-649024 592919
830371 700619
250731 -565109
-314860 676289
-682489 213434
-605616 216921
-214855 -763932
2185 -36215
809778 541762
-864437 716204
-277915 -492262
-283113 355399
-683839 -157364
-35956 -641293
-240449 506536
40832 872425
-758514 476692
-124291 422744
-343846 780991
-947836 -342545
-770061 248865
-474802 888136
-467298 -562208
-731566 -70886
-458674 39613
-814552 -428436
801696 -835462
322950 -689363
-499969 -19016
784620 -905402
124769 -11399
-309720 -687234
-709569 629650
-903150 340154
513313 -195296
999032 112758
-523202 -64735
-29496 570010
-403569 838794
877599 573095
925537 370477
-75387 -91382
279582 -513399
-543005 255185
957431 -324201
-653295 836885
20309 -830752
-998748 -32436
-877535 130373
500502 -232507
-421965 -972512
-480108 -372608
-18142 295106
-687871 82842
109145 332464
19538 -239672
-922339 961171
956126 -124542
-38834 669721
-195027 722248
-804013 328823
318687 21477
-899376 400170
-486840 -398788
732738 779819
-163370 559026
-66198 700237
209642 39021
187268 148740
-433724 -893985
-282502 448773
-398786 258779
-9631 719764
-891588 415380
-589293 983444
-998625 745281
-338388 -918839
-741817 409737
129334 -814027
582321 641714
-404397 -63550
-204326 185608
-173363 -911734
212331 -81056
-591433 107945
57018 -746725
-585017 750454
379530 324235
317304 395125
-167642 626867
394013 190150
-904916 -442382
-695059 586589
318058 -771866
-916691 -309062
319457 814861
676754 -568152
-594561 -543053
-362798 -342313
-738459 170235
-368059 -824
-283522 -709015
-425644 -425190
-742699 878740
-727381 -932768
-33962 -622033
-694224 -511436
-622714 -180052
674923 854617
503908 151360
-44301 993053
-708856 264073
729698 627051
-634772 623732
414075 -97922
-340225 -252828
-273666 -886012
-785511 -249415
260526 377843
-233394 912905
-5049 580369
-337217 -831485
-285682 308648
-60099 989348
-157058 -924638
856220 81595
695955 741321
438112 -751905
-952679 -336072
757040 -580766
211156 311216
-54128 454141
721967 -870357
182577 469760
-762019 777987
788396 -465063
-338591 -529289
792265 -832481
807672 -665280
-86199 16328
-194029 901830
238836 -869253
-135139 451739
954370 830213
382874 245251
352749 330254
-820427 -23104
-75082 -656458
-629983 -422991
968462 -910385
158118 -262976
812145 -521980
625590 109350
858815 639698
836440 772659
432843 -869178
276563 343590
806288 -155414
-615807 -68539
-260644 -246657
908244 -898232
-16730 248459
347364 312114
673704 765498
730601 859980
920737 801584
613642 -516007
-973363 -955731
-64722 454756
711211 -829134
770976 408378
-474691 -442720
-465459 598760
-96360 -851921
-835386 591833
855811 414347
9453 -976873
109004 547731
-787351 -999725
219783 -755321
178188 878103
825166 -920436
-686127 471283
-517618 830547
389797 48223
-863075 907654
949955 -255216
-504135 221672
-950336 747727
-260240 -236260
-371085 640855
-776885 -115527
-859383 628114
-464217 536758
-389472 722720
-180641 631032
173250 613356
205711 -130885
745725 259966
-911896 303993
662909 104819
-495834 -689333
566859 293972
350335 -464901
146268 -395523
-591028 257108
517854 488943
18727 -560504
808044 -389825
835171 485867
-177221 423732
393999 -186907
-778033 255329
444503 778537
-842917 320058
-184906 448150
198476 -684437
82186 -729409
413302 789610
-981276 682397
77411 -937449
138113 721680
363810 -533316
-477861 563927
573555 192428
-989448 -95629
80176 -538344
984875 -263027
-870760 -905885
912012 328241
702693 91910
999003 901678
-109547 441029
769571 -127171
61685 171349
-929380 -258859
-914347 210742
240394 -445945
-27146 -969013
519995 516627
717440 -986390
-216678 151257
343406 -771650
454029 -510475
661134 -891849
-790692 -656710
-217414 -736074
-949013 -764914
795216 -270043
-288837 777593
477129 -604442
453133 -666988
120523 828775
-690912 -314389
789851 -514995
-526561 795524
-892474 195569
-702908 -2049
-383369 -4266
-165253 -651027
-53687 931411
640117 528834
-308902 -139235
393190 -610492
-907039 -190862
326256 560535
243562 -225899
-63931 660251
-704928 788247
240132 -688658
914946 914324
-109283 343131
96053 -493622
558495 33441
743351 -245627
158948 164300
234395 -167550
-845806 -583702
516108 -72250
-104353 19066
-877861 -658894
339798 -638480
440157 -610195
-479207 489215
998745 -701943
155196 -507831
-908560 579106
-30316 701606
-324136 -328856
-982735 -959453
-530721 -876696
-653447 -752439
-63820 -540740
697078 -571285
-35453 -245502
-251232 -326844
556876 -30321
-243097 -606985
793286 674316
-655758 -572554
185891 10174
986528 -354766
490930 536076
724186 508644
529483 376460
-951301 -152927
-832834 636419
948955 -72579
567479 -671312
-172249 -233200
-16228 11910
359311 587506
-88179 630106
177644 219345
-817267 222603
926257 50732
674205 778389
-540975 -514582
-747758 293491
542035 -93900
352878 680003
122391 609985
839453 799386
-651752 399795
-665818 -680588
-534027 -546153
112553 921295
-993061 -474561
-122390 -933282
64399 228202
435070 -425640
-69658 742194
-968583 710492
769030 -507641
-395732 -797498
785319 556534
813371 -547768
773244 -447473
-914449 -192380
-133527 -132937
180936 -359177
948046 -136008
-193977 -929213
311311 -456394
180559 494529
-560883 -531938
-179768 701469
-666036 -748963
375410 148223
-709780 95050
273851 421195
-549393 -351700
230616 -8915
-433096 200362
69527 815834
367561 -342332
759728 859629
980099 434475
-255846 -17817
-263793 -980944
-889230 -591645
-729281 -51936
181248 -364415
-558136 -550169
-837727 638792
630036 -852109
27732 -754018
-670813 -919782
-215571 125115
-609425 201880
-56237 174437
-984990 -369680
-71791 603512
-993782 190242
-895157 192841
-114121 -533504
77182 199324
875675 198428
860058 -609574
316220 957642
882218 518865
-521772 355130
-730745 -199311
902040 -413385
327154 579525
602283 -530272
-525061 -214304
-979370 935552
392718 -333435
-124091 -295592
523248 -688652
-118849 741643
678690 -465598
-938408 -203564
654490 -759694
-832096 378907
129247 -168541
911785 -695592
855041 406149
-787274 681676
520847 734824
177137 -962263
133454 -623012
132012 587682
-438283 771799
-878693 918390
665767 172736
868265 -482544
743270 761454
-48128 -335757
339474 926218
-598569 -909013
-702914 341567
-798727 391359
-906203 -837805
-533746 -852167
-485638 137681
156061 -299762
915035 505294
-862653 326280
-37540 -477801
-484473 216998
105110 671843
876037 319389
322292 684307
-603119 69071
369919 -900238
413902 -573212
19803 -930168
520260 -102026
476351 -921458
-143083 -964162
294607 373619
414173 149344
-771246 -351673
575046 -280752
440206 977650
55734 131799
278524 -372609
969051 988532
-99271 -826998
719081 653039
-870090 -868613
58507 -970185
-997480 970113
-866629 -274253
-567529 -227883
124620 -454490
70400 656300
-268638 -83311
-370554 876187
341326 199605
-465079 -701851
-116214 870683
606101 446538
285090 -797700
343861 629684
-930242 -988038
-205038 -862806
-748941 814211
205629 -303395
863990 181500
966036 -659406
309156 876854
-104872 470418
375936 -610666
-792397 -618593
609500 -374800
470659 24675
-847987 879289
-670440 -738111
607858 -378746
839096 315797
687200 384927
-322400 -35405
565433 -573943
-668681 -29175
-587054 700064
173409 -558026
-47 311365
-152574 606580
-755874 -231935
617663 339205
-644995 -25643
-643528 -68835
373903 410758
798819 603089
153451 114728
-380889 591477
360600 205380
-326052 194520
611637 -986675
-345234 -319090
-342403 509437
692909 -153929
-891159 -763994
-93200 -807935
923 -339203
999201 -793451
-746208 -121422
877860 -729717
-813765 -291298
227528 -928518
467790 793146
14718 240702
-548185 716856
-155192 232098
-821766 591912
781436 -122448
221322 -557064
823187 810403
336023 947064
612915 -854115
16823 967638
-241576 -823232
-722890 551122
-424313 -917551
304076 639981
-289502 -560211
532170 -691789
-705478 900767
-105612 387054
-146358 249911
75130 -548448
-527124 431357
183812 -816303
419121 -250028
-95254 -488570
282398 -719242
96406 367037
-697240 722812
31167 -22614
-162548 404555
457328 33249
740062 800267
958693 -180355
57025 691901
-131680 -865070
-930470 -988279
723903 -508263
287022 -678416
-395660 827246
149763 114793
770975 -484446
-910074 -186825
837026 -444318
832823 -803984
216857 -973725
-618510 -805822
780077 -514103
194571 789418
366072 681793
-660607 -891865
438922 -470781
-145240 -342681
571818 -521699
-798053 558079
978247 745056
797428 691210
-733702 320393
421591 617129
948650 829125
-572053 303248
527599 983913
-320000 305735
262585 111429
515191 -658764
-728550 -647969
-694463 103015
-77321 957425
16130 -792169
770939 -821352
519917 -106849
885482 -872241
-815303 477835
-349922 -846302
73487 488785
-523539 -584994
334941 696391
-543466 863362
-68624 -952097
-721180 592665
827994 -635202
546626 -763300
-971738 294716
603241 239671
295089 887485
87982 18894
4572 -641272
-904704 1373
-917150 -318999
449864 869610
-192388 807617
-582848 -879455
-982675 594459
-36412 -773178
211609 -762056
133404 757998
-957373 -410559
-624225 270761
175934 507979
890314 981284
120632 -915698
-844155 267351
985299 -998244
350138 248156
439246 -120159
-999598 -60203
997715 735218
-958911 -259063
883491 573794
868492 766812
-373784 772685
153694 -793735
239917 -451245
-55599 -15798
-184546 -514128
576708 977593
-395079 62428
-900677 456097
-765518 -555475
-285517 26363
-381853 844520
-597266 -792666
-683380 -578444
839155 -585449
365369 97582
939968 -114845
-746798 429942
459056 -505684
-421613 692559
-255741 828622
-974372 462982
738994 -1017
-500039 760161
215022 -161854
-407743 -375044
-843465 868694
655510 -261079
269182 -762802
-302054 893371
-946295 -502223
-753634 -456689
-955219 -228776
-442570 301604
790425 -11355
777734 76905
-674530 94572
-52322 433136
458413 609505
-903953 336754
-291335 -584148
37198 -117293
-823512 392835
-154565 125433
-998327 157444
323206 846360
-642800 672084
578074 -587365
952050 -986906
-886832 -816105
255680 -872271
975966 -202031
-911631 -11152
934853 -166489
922394 -314356
-828636 374092
-274459 -598442
329157 -655324
56631 101794
-431135 -56983
-451679 16586
66129 518282
601979 293867
-810222 138284
415023 448482
-743706 822821
-307578 74491
903982 -265975
506858 271556
825409 -731367
-962096 -635039
375156 169035
681281 -659492
-132282 -256158
-401394 496726
456484 -994730
83451 811606
-36983 404813
-393844 -828932
802926 817660
729887 -895568
610808 -942658
-944708 -427912
793078 444426
-931971 -406049
500668 -219814
-204955 -70661
679880 818387
604222 512146
463948 771856
640760 -819710
-489010 -216684
-146563 -207974
-496151 -667513
-236940 252510
141792 599180
-562668 -362823
757499 -202706
-307643 -155530
-356562 -907212
636289 492399
-918435 -548741
-270402 -853175
-965279 918821
843906 743680
73774 -82842
-262529 205817
276301 -462000
-213233 508234
-418069 164391
-383257 508304
-629125 -321134
655784 48349
686241 86456
-189955 434159
137443 21530
172622 -759570
-876553 -203475
338212 180515
308266 533830
621292 -502242
-129952 -467563
624222 -399217
-417983 -168109
-316702 -5760
156558 211394
-242628 731644
-286834 809885
25355 398294
929331 -815243
-364521 929239
-915534 -410742
-177949 923912
380080 -701076
602887 -306402
790476 286604
-435012 141391
259903 -923819
345664 -72925
208498 234809
-194954 -38492
-559866 495518
79753 423852
195696 -552792
-565009 -873193
-412252 -666985
-558181 271089
135000 912871
-569675 389955
565261 -653325
-309977 368334
-341850 -751650
-496374 -531200
-449563 640568
-768357 -157722
-795102 909688
583939 556306
-191975 -219574
-520964 483831
197738 -299901
-995542 -248739
-42746 -607455
-844640 -677503
802951 -783566
977472 511036
-796952 -193109
-745123 -57358
-105115 167941
563484 -352806
-960496 329217
926529 -403396
-838388 912629
768691 -945540
897265 222748
902478 527976
86609 101030
205516 -400738
-120188 -623751
-810370 395366
-430872 -568879
-695757 -176278
667255 648372
-974520 -580911
331149 655593
527047 107749
-673069 277560
221305 -624421
46408 -36453
-191103 951266
211059 -543927
-485053 26366
897456 -777021
488371 459436
-225217 128415
-550217 508839
691703 -791676
-178273 -766050
-646393 655694
309245 -288251
494095 -107656
400199 -314674
7716 -511143
599226 118827
-861061 385869
-304382 -856210
743880 -348536
-641901 881627
583177 -82159
222702 -910294
959494 -295566
788813 715317
501865 247365
-941078 -416333
-416957 242648
-150280 -212572
188040 886049
-511905 877716
-820284 -680414
377820 562552
374928 -688648
124571 692033
-957507 598114
-724171 365726
947379 -111380
932178 -825980
190806 762749
723166 -185427
-609795 430528
125204 326833
-800566 -954590
997844 -784079
266654 550089
472083 -164144
549605 144612
-2284 286109
755500 -221019
-393350 -594685
215636 -630904
955503 -444534
383964 542580
842698 499101
-613846 19158
79984 584532
364467 461062
899980 830883
-2599 -602751
716647 -1207
783842 -979516
196241 568464
-950314 -829857
705763 766619
765386 -95622
-445384 -226940
358496 697645
680639 342073
-378845 -126018
844950 -273697
-644999 747444
555498 -583313
779715 -764592
-216184 772429
593064 -177609
-598597 541829
500858 -954149
224418 577532
890128 -797877
18260 -535176
-405221 28213
473782 272649
-695305 864233
-469531 -309879
554473 381873
-4541 242719
990344 -734623
-467751 -677917
179524 -673267
-967754 236395
-306257 373715
34862 -267800
-523529 174874
-456337 -710682
652281 -218039
189919 -725941
-212708 629237
356172 813760
-386135 -359870
-438134 -90302
388640 445976
-378812 -324382
445758 -502804
806999 877271
-176970 588264
-419465 950660
-217644 -443932
-615862 23501
-635265 -530281
-794837 -699567
-852629 138362
606394 379916
-471447 264944
515030 331557
-611719 340137
-29438 418584
169401 686498
262726 236636
774688 -901369
701860 -383764
504057 898634
279399 438115
-677464 886331
974778 -997822
-931584 -363147
-231180 -192716
-488537 -797162
-103589 -637407
-904284 -109481
-904968 -572389
-260847 710907
707274 -222889
35003 804462
999225 101701
-461773 -616793
-288999 15271
939362 -273222
80855 294586
163703 -821680
985505 288409
-782297 -504902
58497 -358724
114594 -639692
-187249 951420
-663804 276295
842965 87286
-741237 305932
-438918 -669413
-599068 533441
415064 -986900
-13630 283320
798954 971446
-124446 -809091
602978 -142149
-584853 38785
-896200 -781784
-270305 -524349
-682217 138621
876494 -239422
-924471 -606712
-783035 194280
748024 -748365
-726197 -22061
-692837 -917238
820437 -835029
-177546 956630
986044 -748483
694576 176184
-240195 296371
-124568 892445
-388861 676055
-746004 977962
-284175 653402
-981754 -767056
-919909 905877
-983533 -735041
-844272 -699513
-669270 -549456
-631872 -518330
84956 -297166
28460 -886912
317804 -412847
922963 -94377
-574688 760196
-398950 350796
-264123 465834
-606805 -408057
-113529 763957
-47213 119636
12454 565918
612671 -585344
885453 -457628
-599783 -118790
-675566 -71286
951503 75866
112170 -147381
261066 431186
-460238 -956133
173251 643451
536583 675653
-680413 -145646
99054 798693
798848 934505
723782 379070
129004 -811529
-703886 611283
657055 -199182
-238930 721395
630854 492995
842355 566710
-811564 -549797
188553 -464900
-903505 -249492
-545845 361551
63333 112734
696116 862301
-97231 245237
410004 -511412
810612 926855
-675726 -651055
709154 -231673
-997380 -726277
-250100 911959
-690869 -746526
-731739 -113348
-317801 302191
822983 817648
356991 -921657
-353304 649794
85348 -966554
-826384 -112827
-332180 303952
3153 -554072
647163 956715
-182727 780261
648122 -959067
-503389 -397408
743940 -158023
609997 428322
-570241 -127990
560122 486622
-12215 543331
357481 119041
916539 -760203
198623 -20041
-698579 -535684
339110 787309
-931527 -879881
-339944 -229000
674744 -944021
513058 -599143
-238400 -995427
392080 469567
-266237 161695
480707 703967
-100708 -675954
656076 -154471
-202484 -117126
-541464 -541563
463041 532463
266728 203906
454597 622032
416339 -741682
-188131 -217341
420155 -563101
310120 -852806
-21665 -29069
-683212 -318877
-871091 963957
-86158 69224
-658634 85847
-783849 528306
-708740 -332774
245126 468221
-81494 280121
120201 4549
-5022 -891726
47623 -280768
-359084 -356480
-351825 -863517
-296651 -875722
-356410 817629
-444170 -655039
152455 104961
-741665 548848
-484148 641852
218459 300914
429430 -198268
106778 672402
360621 -612694
534972 -938224
-749760 582252
848153 423953
-530897 -85418
-330748 926635
-645124 263727
-577877 -557660
981862 -536493
288317 -791309
-199444 737782
-218592 -93413
911934 -677515
755420 105077
-416645 775298
-319158 128748
-65929 210514
-774056 521988
-732457 761366
266605 143303
300190 -261377
676225 749784
307176 -966821
-450585 888245
-835991 975333
-665468 674204
-150280 -436927
-369303 787893
428077 -555529
351495 -772761
-712733 -981746
187265 525605
284012 -236575
243059 546428
257053 -49693
-776021 -331
937111 471973
-911319 -835605
-732813 425970
-132218 -856776
466192 401371
532921 54276
168336 728264
-814376 309110
658965 887367
335248 881807
-816998 -300957
951710 -65625
-909664 -307558
-942866 -883063
-174544 -672223
-182242 -458795
-769896 -870022
548727 231431
-960941 -493308
257173 -40691
272157 -357271
-894780 373185
-38807 65779
-63372 -304182
339219 -59440
991918 -5210
804390 899803
254041 -48800
648385 937503
-49660 -627941
279321 986534
48535 -168018
78531 -151869
-916889 -892432
58953 -50364
-915018 929938
-234320 -894231
164782 914490
621956 -71212
-42626 -97031
681455 946025
-908555 -385673
15512 -729594
209899 951327
295555 940865
-979758 582782
92161 -939400
-735440 -374559
464514 582379
-235813 -467777
-473020 -792107
-181911 -854444
131789 671154
81185 -495761
-606256 -166227
287042 -611787
67415 -89947
211924 -579380
594221 400779
178696 544286
-836568 890372
-864857 -133055
673002 -480504
-53206 98144
553833 -908699
956087 645593
525335 -872510
385812 -585219
353030 605638
391020 369415
-361974 670318
830180 302262
-402336 588086
-39251 -367275
-350505 -431355
308288 -543384
782322 -337930
697333 -904532
-623263 -390226
312236 543794
176495 -142721
336867 -367111
362425 225500
914507 76841
144967 -570178
867715 -306451
507798 951979
-498267 244980
-751127 510539
572797 751214
-380417 -472963
495939 -651055
404992 546976
-848840 888638
-808775 66839
-179851 -202095
-683334 445904
702216 -62349
14897 -901590
75294 976966
765314 -481700
475260 950768
154386 924719
-188147 506352
-331550 -912824
-895408 903259
-529815 323081
-301561 949854
268417 71836
675060 -42512
-73614 -640141
-822022 35618
-265923 212726
-988319 -90996
-116714 185255
128952 858471
768353 619638
395244 -530388
118851 57412
265099 461183
567940 -611632
-294632 -311207
422201 -826421
656192 -696048
-811932 604716
-812301 -299945
903696 -933873
146567 578327
-278819 286089
-664922 574515
-493054 -23200
-285357 44208
-16956 -822623
-463602 -334356
-960633 873847
-806318 357971
-968263 -22273
369114 -753446
136452 416142
955430 -932236
-259691 335771
-785807 -629796
565132 610983
472532 627383
632917 372453
-567807 -7617
-250255 170756
998676 -485402
-711918 -248857
38718 -372893
652988 749959
509904 -647054
-817919 -438146
824092 112092
597590 157675
-336689 -668214
-870640 -442781
84330 -728486
-377459 -151933
-11676 239914
-183667 -329595
863172 564406
-137481 -261516
-598778 498712
-365805 375687
-802348 550519
527683 -330395
778869 615831
-5466 184787
796182 -387791
725781 -693225
-448908 778750
-969015 827031
-398242 895561
999533 337577
855442 636772
-594804 370051
809450 -283572
-571974 873113
-906383 653371
310788 970424
-274832 367759
-769374 517030
-282208 845802
-494699 925760
-354596 914070
-965765 387454
-155278 245917
761017 424669
840619 -243589
-199527 100783
758291 -335336
-995475 565575
-280708 -328019
-977578 -594090
467979 239096
-172940 507165
-46402 -909178
-946797 -765040
-859801 321730
691419 524698
204306 -404793
-795476 75002
640255 754129
537474 -221335
-468086 10554
228015 398298
-380071 860636
938260 -198880
276028 -908915
-679058 -153596
-449277 348542
470036 364639
-51195 425227
-373216 -235373
-222164 -553911
-697277 167261
484489 947704
961206 655185
509076 -16397
850889 -727927
273514 -541463
391296 77087
-540992 29560
-400038 538678
-940674 -347984
418109 -22398
-57172 733849
218017 -492132
-349717 123094
280527 -614682
181517 954453
-461644 -869423
588005 614971
440069 466795
-185073 -29044
83171 -734546
-297252 316459
-436359 -534484
-610836 -413114
773953 327728
-657984 -393172
-420030 -751279
-332484 -284574
-732752 -969119
73795 -910785
-20514 -688013
-861739 -181117
268772 720425
-461811 -809500
-838717 942468
652249 202389
585971 -774649
-761490 -859611
-784651 -877979
-780373 350069
508172 680766
-113707 -408440
-382243 -389840
833308 798762
-180300 -576484
604690 -722429
-237076 -398530
495832 -111149
-673367 -294302
-245308 -494445
671544 583393
24664 171784
-427591 -771876
-23061 -712944
-894501 -367803
19017 -173645
906131 259064
652357 590109
536230 148808
470064 -133585
-525482 -712803
824595 -285673
106909 -623729
95004 -942235
87165 968681
346989 661791
-210751 -329990
694389 -395597
-600137 -806319
100363 -447493
-293608 -549790
724196 -73468
-49995 571868
-541551 127337
642587 -669907
495373 374520
-161555 166616
-554636 -710233
603558 384121
508733 -965640
-901281 -143203
590477 585785
-959427 516124
751625 680957
242601 295509
-324071 -579604
-602939 -19445
-132996 634738
-432373 -572141
518500 14460
630881 654602
-330868 676353
-192986 333329
-137921 -659582
-874804 -47506
233058 519948
-742499 30279
31287 125297
-635001 282140
417358 361234
-310597 886015
651838 404005
-713387 -830094
211219 -782092
189145 -773550
-311863 539031
396084 -167453
-370778 193027
975243 639435
-564380 -397769
-456255 -700876
-244224 -323134
-117345 39525
551716 -597247
-472299 775698
-138794 282295
-701511 406902
-704441 -247106
817317 -667288
-700762 172375
739901 362487
-330208 -466401
-953382 -689365
-670445 -370870
475113 -832256
801842 -44615
-554478 -59953
582176 702145
539033 335986
831396 -648648
382108 -498969
-713206 592791
-21504 315528
-535402 923830
-618927 642431
267384 858323
-670345 -920302
246218 -894005
523297 -80889
555573 -609026
-871470 -939085
787992 897190
799384 447436
-9838 -318819
475156 630001
-222396 -943335
-545219 -161758
-998809 -445722
681527 -332699
639799 -502206
789005 772668
598119 980074
391886 910641
-378719 -67846
-630857 349938
284208 991177
-301808 192066
-186868 -291074
412669 906475
16948 -530278
571487 784255
846573 -519248
-837573 -645290
-895090 990299
204176 294067
532671 -608947
-533217 98194
890200 -649320
781709 518922
-978638 68620
-328524 132572
-477055 -333119
-385222 364113
-792125 -97283
-879622 -350142
907440 164932
-768885 89963
63690 -298911
-27306 -669282
182216 -456207
-316882 -547311
989336 918268
350594 998900
854604 75644
851508 -903156
-846680 626520
358492 -492088
-443633 244221
-171529 823239
-828563 -172378
-386274 -435429
-729372 413731
304400 -531780
38808 -875803
403731 948959
-43973 -945173
-11822 176032
923499 669326
-842605 701744
461224 -969737
194775 493931
-575797 -97179
293521 -642731
-277269 64129
-653749 -57690
-921525 -209875
-197237 730307
-23565 -958071
-405082 552629
-625769 15593
-560000 945605
559292 248645
-296987 -609728
-39204 537813
-825798 -391809
-422193 639492
650950 -4100
-584153 -204703
-389256 -440514
-797306 946419
40435 218324
303978 87108
902700 636081
88386 -407050
-667673 -938222
-423454 958897
-732536 143898
-929853 -307515
-110709 -977596
-440467 215777
553767 -441266
-299754 47025
-43469 953948
780625 152390
372255 356836
-11026 -454081
-451833 -465542
-467145 -998300
-165521 -400382
-553188 -440220
-929697 57257
-312199 559138
-870377 219015
-658270 -879241
-18258 -629097
721169 -356268
-547267 -54375
-674344 -754456
343687 -802621
995863 -578781
120568 -866206
522018 305017
-735279 970761
290952 325264
-448708 593293
624648 826593
-397574 -790233
-270418 -182996
170334 -15296
-378388 -7872
187633 -668741
310570 185259
-972242 -801415
-314027 -581684
-180810 -360119
-573293 -189734
-544823 -72180
-177222 -790651
208427 -23821
708887 640148
-560899 660678
866512 473302
331610 -834629
-339189 -910305
694054 -677924
191062 -978809
548934 269013
727366 -602307
230498 -215479
-80730 846021
948109 -272652
225194 612742
138412 462319
-758374 -296880
-645731 -728992
-967280 -236600
446602 678169
-668122 331134
-780132 -651710
583625 411002
633246 826005
97279 836568
15764 -108993
610611 782477
-920551 -799666
982913 369516
-233531 894102
402030 -229943
-269181 417825
-625597 -730709
-404347 992537
-264160 -443371
137524 50833
-737360 886772
-449270 -503445
-788635 706197
-884010 853800
-445502 359552
-772871 301252
325714 155585
305022 -860279
-87008 -146954
-109772 -317742
-437364 -762363
-923764 -188354
-929949 -40241
-584359 647974
532452 15639
-322870 57639
17985 139381
-604259 -835502
-989174 -374668
-628703 -509600
288947 171504
827272 -171069
452822 -548862
-56381 -565656
254914 -814547
-837932 -62424
-954824 -510973
218326 -179085
-226506 47121
840224 616467
-672522 -636832
103813 586768
304153 820460
-412027 249015
262055 948626
682074 -487048
228720 -334728
-404235 -205677
-453758 -983276
-635746 -622788
-130863 143790
-948359 -900626
440110 -208915
-831376 497910
932169 664320
-716307 589722
148156 808951
-109903 319425
419727 -198777
-642614 206583
-84313 -140911
-225735 209321
-252763 -512556
-913866 -737103
-735663 -319170
373398 37838
-373797 -484135
-164628 719233
-867960 -899568
-617835 -672195
750681 -357122
491084 -316255
783556 -917057
488449 -838458
333248 42376
711248 359794
6165 -796185
-619062 -492373
998405 -180052
-768721 566561
504473 666466
-673421 -335857
283595 -443874
-137977 -694135
-535709 623836
-747157 -663404
135016 -991661
748686 -85417
328156 535868
982499 642013
-276634 352585
902887 210544
-450248 -283518
-772076 520
-986826 540999
-410855 893868
-782977 -190928
-60739 526035
-968973 -591009
328241 -612104
-430498 743752
578548 -544614
671340 -230848
602133 301667
62361 -568331
-290178 -266219
-466769 -493905
-392990 432983
984460 306732
778823 464124
464347 -15190
-465874 241343
497967 813298
-780506 865913
120014 155340
-127525 488094
-939427 -328734
645400 4698
87600 -662170
580691 -194239
658415 -921836
-440518 10099
297684 -811661
424390 232448
624319 363977
-29136 803853
-632985 -816989
-640789 961306
-310852 755382
29725 -867962
-672188 942133
993352 -505047
209335 -520604
829356 -906767
35806 435673
-130621 -255386
965891 371941
-86199 -515104
559887 402930
820816 -13079
-471589 -45289
24616 780491
-949003 -341265
956640 396131
-96393 96052
626066 50486
-11786 -709009
-210624 -155041
928672 585210
-972468 311077
483503 654225
55124 -279698
997862 347172
-834530 414012
963762 426564
544779 -336202
946487 -233702
-174408 216739
-987126 760677
-534377 -438365
-971434 -303972
-338125 -609643
676983 639618
583926 -27533
-690493 -431366
717596 -508439
-28992 476214
-94043 -401084
907348 157472
91229 -24316
-11873 -514508
305234 -269584
489407 324270
-567972 -400434
143161 525563
-132675 -669740
-131529 -680546
987168 552725
934913 38691
405958 -382116
-548973 -369372
-217335 706345
-246622 952768
-790191 -642779
-938584 262079
-710526 -174108
647810 123125
327382 -951337
127518 324639
629981 -875091
-619786 208308
-701083 -970567
969400 -239765
-617811 34976
-977934 -897915
-778054 727001
323052 307883
724320 -15509
61668 721370
368325 106907
-673122 -763235
-972601 -693862
-973351 73775
-313199 129420
740295 624723
-566483 16313
281228 -636811
-694144 433838
385702 -610089
724188 880450
969788 -872365
463716 325797
-385027 44127
-762006 -871342
-746843 572345
788338 -915139
-425756 -61953
-84342 -782887
-393232 434037
441026 -523213
-230680 -803324
-939381 665871
-460031 -447390
-194534 -912024
-20964 233761
833257 573780
-663703 918185
-203025 427450
-658607 798862
381576 333640
-314447 249584
559613 165527
360141 -301836
-59402 -742260
-232992 185626
975423 87080
767587 679895
336204 -587783
486658 -69142
-858138 -288753
350139 803202
-175625 12635
503423 498466
94386 305035
-313488 -508770
-807344 -452641
-81107 79332
119537 -489121
889419 -777131
-657901 -993368
-839712 -413792
-485467 -190165
248863 -903257
-19571 -66738
-18422 -897339
157634 705082
-856493 177588
-566279 -344300
551233 -157324
698101 -987480
140002 694679
875155 -350616
-680304 -475343
-392701 -357250
140639 -418772
-284905 -372544
-730954 464312
-478522 284917
673234 -941637
-948541 156128
-687894 26731
52977 699549
-191690 492016
-469658 7843
-388456 606392
-240247 -805885
-96291 443071
-638874 548096
-210732 915191
746001 79712
-248433 -903807
-684112 -799204
312763 -791418
44951 517935
-761437 -945453
-231009 227189
152347 -164874
-162135 494123
-299155 -509481
758837 -997223
-172170 364495
-984867 -177002
660844 676786
839043 359958
-319615 486314
434232 568595
457096 -877335
-572826 -213330
714197 -489880
-34511 -503556
419489 -196561
764179 -607955
-159242 866210
650241 -674799
-40570 -773451
560323 -985021
-748340 706983
-835107 -816738
788321 -734461
231480 11529
146833 -208908
846356 336838
9036 203630
-668143 -941411
-346367 824551
455343 -903399
-447228 -866686
577678 -698105
888880 311686
998893 297819
304555 -617930
342005 -865785
695116 -411257
-251089 -705083
816211 -974384
-156975 -408033
935856 -754163
612183 368370
918703 -868752
232813 -844414
-922441 458812
-174623 801927
-706891 989247
-308599 -169447
851392 485741
76171 530986
-188532 388680
-394541 948198
863600 -137560
411544 -822058
-655086 542209
798265 -71149
-421956 -89849
72960 -673178
-294663 572223
207613 585533
916420 -727904
-39639 768742
991979 -383241
-471387 881742
-957187 703405
757684 317202
465633 132272
823480 521101
920194 -749002
-696885 -816359
-778201 269670
140100 -840576
-3336 627202
-659945 -384054
320143 -160874
910930 772679
796602 695167
240348 -454406
946198 210551
-359783 -784186
747422 -431829
655557 -896902
-540133 -128687
-932024 -334591
681706 867206
268028 339255
874365 -638027
-734844 -460158
-234697 -883221
-382515 851588
805728 184096
-648656 171234
441915 127321
-452206 14723
-637308 -780923
-159972 336050
699324 593616
753298 870549
786811 812356
947275 531528
-673748 -841082
-368 -107235
-678596 -110413
827693 -204033
-348312 -568617
-918214 725065
817 -285123
854948 -547392
-409451 688454
326563 -474205
681864 -828413
482346 -147153
-743196 842094
-24906 120273
-622674 -968256
489010 396846
-588048 92882
11946 -757187
-222598 120514
998706 455776
948486 795339
848770 -37182
-723479 465851
-456608 197290
-299335 -420175
262255 -807446
-818678 -268764
-631414 484029
672044 910041
-555960 -114069
340638 -421199
-473023 -960939
-588492 -253998
-291465 -226333
-410696 517531
-624124 295571
333969 -323380
-750621 -416060
-151350 743085
-749010 -299922
-627530 152757
-140495 118565
432244 -785616
-616370 849714
492317 -211455
-604505 -676949
146221 -86055
-568752 -517716
-346697 -254772
-400584 -938139
389061 -589692
592393 958433
-831819 -537180
-818276 332488
339386 -812554
541836 380992
917493 -318509
-166160 223110
-32620 955046
712685 781121
710963 313817
457976 -918095
-977847 -997456
619633 -902558
-286505 684088
-467714 63942
454192 -637757
-826755 692762
-792667 -584333
-890610 32002
910386 261740
-908639 -615636
-191963 573481
-880087 -440154
564012 -841061
460971 -419598
469339 415990
363295 496976
321700 252561
-769481 598015
93210 450775
-813723 996451
-248530 118231
699240 201752
750261 -204179
733486 -111185
641894 -693656
347883 773924
905603 577300
-318590 550485
871505 -360376
707747 -222736
122992 -737576
290721 -490298
623554 -535198
737243 -976560
-591096 -706669
408955 -720826
676946 -869249
-560848 329295
-835299 435627
781730 231438
25853 -596753
-562332 484065
-443852 -488198
759890 408620
-311064 765454
613800 885715
301292 492513
57587 -605826
215767 788245
-910949 504214
-28252 456412
-210969 -806984
378631 -962600
146902 -701903
-100139 -816567
937198 318227
-399467 -478289
783141 -676394
-415354 644846
-713633 -845379
594388 -817901
535832 -991145
230807 780922
191753 63824
835917 229267
749685 92641
23726 -84685
-466207 -12955
681302 -383621
-459241 -932923
869484 -396205
-729241 -897138
422473 758414
459012 602364
645316 221364
-960257 -320421
40178 545778
593764 464221
829743 809273
-168431 56559
669083 -669991
-93483 531756
64374 229572
262224 718677
-926707 133483
918500 -540237
851976 750198
-270110 74000
879290 -121193
696458 -851882
-836165 577969
-555714 480139
719227 508302
-384559 -184251
-556832 -186958
-550145 298083
-777488 90969
-256719 457337
237486 -937889
119626 -909649
139862 174861
-25383 -960615
599166 -320605
692844 -557303
-456849 531618
-269882 -414777
904496 343343
247127 -380430
552239 -845594
-776050 -213066
-450772 -936640
326677 545635
-112525 -357589
-126947 661344
-837648 -111031
-487030 719355
-667464 821626
365783 412125
244397 -357241
371111 -532779
464930 -305087
-154911 -890376
609462 370688
101053 -764470
787226 865881
904313 -867938
-162155 155382
-779070 249379
199333 387747
63867 -392332
-352844 999941
-989573 402374
-999170 -607046
135856 244101
552384 385199
-814447 -303142
633149 -265329
-903673 118690
-697852 225026
403143 -218902
332314 923946
152525 131490
-965206 -571301
-530986 -875401
729438 -932756
209263 -645263
-137091 979261
527230 862689
-48157 650187
-275295 81943
-549027 -506609
987152 217647
397284 -356348
804251 353110
985242 314266
-349056 -975709
-537427 -694127
-242695 -44825
978517 682094
-827173 877488
544633 -168278
-237685 -329298
-604295 312886
48427 -689803
-506705 -5946
-354132 653959
658413 134530
-948182 583378
523387 605279
-889991 -660699
750344 -364844
491410 37756
419234 607476
-473283 -484787
-544022 -507093
-414522 532416
178338 164291
-361074 -396331
-673922 914829
-245157 755086
-827277 706549
825630 -850278
676099 -335060
-831603 -440794
-498654 -414553
144681 -257349
935209 -9937
-233012 285473
-450795 -934782
489396 936373
326572 -590603
522661 970918
115094 226146
978575 -627137
634209 457953
309879 60855
169705 425043
841148 310771
-15565 821090
845445 -783647
883748 330013
-321895 -432868
-682993 -753314
385978 -160784
371904 804497
763343 -176012
193762 235621
9668 -8903
707202 52696
277021 -352686
411191 -304036
819659 -17942
426467 -216745
-232097 327108
12077 -936633
744456 20144
-882278 536627
775097 -922070
792465 -848479
724962 34534
-443376 27507
160671 -280013
-646023 341687
-807751 -994002
303765 -725682
72198 -798213
865088 -742775
98618 596538
-912665 -197669
-727244 -318939
-561779 -558382
-586517 379319
50177 -155417
959027 918168
-961776 -783953
-154934 -102253
87389 -538116
-564259 885316
-534521 817806
806185 96404
-211183 -187542
-305246 -188554
294351 369598
779464 -919013
277408 711291
514185 208478
-625945 -909797
-543470 -590087
-600868 -353571
465190 158179
-530468 889115
-331636 243032
594571 405717
193904 -152609
459625 798968
-926221 -473578
56035 91938
894809 -974525
770879 93427
-97070 -631898
690381 339893
-130061 -7222
-721648 -935700
-927696 337317
393439 204972
-164944 -376997
705731 -326477
-927208 -964542
703747 627270
232049 -301851
-251823 -645598
-702825 747484
-838568 89621
-111709 -168221
676337 592717
961071 231362
-116264 -688155
-644029 -403175
-641915 143173
460968 -576092
-451409 576374
-256893 628473
-591648 94227
729573 318472
243003 832989
-848795 963735
225726 -52289
47915 -891228
-885055 942185
193001 -342090
167026 -582394
214219 161251
920738 -325839
-90179 -402066
376879 303898
411794 686397
-926678 -131942
-641493 -736553
-10693 -92707
383247 -646614
860464 82936
843692 442635
-384955 -752750
802748 233160
989329 72754
51724 -983598
-462494 157257
657429 916166
-82103 -934224
268623 44387
689714 461698
-390948 -920308
783827 -662044
710049 639848
-146148 -955260
-529111 43586
217623 198376
-606381 491027
203952 247274
-727843 112214
583683 840432
-982886 -466832
-566829 556301
164495 -771087
20584 -220431
-909234 208755
208086 206781
-436262 341124
-68536 -726988
-929296 427647
-698943 -12264
488971 -303085
971001 359718
-7490 -493632
-139702 -447340
-316985 17516
107982 523610
-536734 -385426
-664179 899620
-925629 -621492
46229 -658598
918656 -29359
134649 423857
3491 -497567
-436778 932248
37730 230747
-513852 -649986
563508 553053
-932191 -679033
594361 532905
948582 498044
936316 282387
-370130 -633532
199064 -425269
-556378 670943
-581922 244425
-45296 794901
-69353 885474
-847260 -922731
705960 -849033
-556685 760806
-108755 -625955
-120498 865942
-280194 -647335
-850669 658869
169483 -101269
-557578 993299
-299635 -907375
-582858 -48585
-756217 -576832
-795351 543229
-113580 -576129
641617 469489
828406 204976
-697528 12161
586309 -140297
-603207 206271
692556 -881591
637348 -989210
327848 -528169
-844234 -533627
309372 563042
990758 5674
362330 426580
-458571 255164
90767 -965520
942818 -793343
190710 940890
247510 -790849
92183 893129
2329 47876
-140699 361042
-67382 28558
608235 -912918
-212364 -386423
256551 -62026
473996 -20394
-336574 745534
-101888 -189862
-349751 3127
-311473 -436833
-580442 138414
95928 -309397
398919 -219813
669491 -915981
-55725 573265
-450695 162815
-843272 -235241
495035 -847563
404952 30613
-290952 -594392
506610 108641
-662598 81081
-300268 348656
-227132 -806288
-939707 648540
569031 -176151
495533 -843537
-356452 -335562
746134 529507
-819665 822484
56638 347566
-811865 -413221
884851 -130673
-746362 -710921
577856 528807
-301387 971619
-584001 -731786
282995 489897
174538 -477193
445318 -592360
912055 -160191
704333 -480577
473842 -300281
-750812 -260956
248849 803157
241143 -933583
447541 250923
-630232 -181056
306129 -808130
491788 766879
-157364 57393
-558753 -610102
609199 -69335
23853 443502
-502307 -533049
-448691 629604
-921771 -958553
523154 -784500
-814549 296660
382508 -629099
-308769 -682718
845720 826840
46094 -485298
-949925 71176
263972 -856061
-640725 -728243
118631 -203863
186501 18587
-244896 -318306
968789 413376
-685528 847980
405340 -82915
-34190 130403
313814 -913998
-933327 -407264
878882 132538
-751555 510441
483658 -917056
530735 505144
225370 264210
379957 -657236
376100 482948
-547400 -100
-848558 -553475
-299309 -203488
938144 -568550
-147573 -365150
-353499 -384250
553423 852911
-12201 392391
-493133 -309643
287373 161838
-575743 -23063
-346735 -652340
802248 745182
935289 442346
67510 -368222
-443159 423634
420364 -363676
722655 191735
923245 -311053
-458597 591841
-127226 484596
438462 -36969
722332 -251877
-795968 616093
-280256 -850505
460499 -528821
483781 -80337
-71712 -565390
-324551 -76963
586480 -786009
382002 861125
295469 227691
324081 707988
103627 861572
340406 833611
6722 -7987
398379 74492
-571767 127647
313150 -696021
-737558 -670691
-254229 704950
-261977 -384707
789836 715381
884480 -367900
-9008 799233
-364768 435035
29811 -408344
-603545 -975376
-283164 -664117
821472 -696439
26384 574013
806869 -42584
771948 962356
-165389 37012
662176 -846064
-243891 -306527
670942 353824
754234 -486754
-1063 356373
-726846 52785
448627 383664
29613 693905
-168311 612546
-161097 941320
582667 391672
782455 -641923
899357 -820958
668954 682359
497945 -693283
-572704 -648893
-841123 -382775
-290633 810038
-900205 -770166
-892117 -868079
937525 -339466
-314901 510548
-281520 851122
-22781 448285
377443 147753
557306 585688
-270882 -62915
970638 -404518
-509512 89239
-922416 932843
984563 242790
-964568 742816
29131 -209863
-486227 541579
406036 -722604
-308842 -607191
447203 -18665
-420021 -809172
726075 -291595
74814 -743932
-288322 127727
-506000 651659
-955337 -624430
665070 781373
-445386 643660
141962 -957820
-487421 -832849
238649 -745048
-561446 -604908
-969768 15731
-100309 124416
-704101 -562993
-310752 259406
48417 517440
484772 551462
-596058 -436694
195763 796030
53575 330644
784968 593183
39816 388579
-194162 35774
-847877 -238618
-259678 785446
111226 339414
335359 327787
853109 -932598
-904115 -325753
-875318 -531654
474101 288662
379245 -808195
668988 -570461
395222 352164
723408 -726711
959744 222283
792435 206661
657372 -133373
-310571 -355723
-409745 -52883
390791 -565473
-857369 318458
-473760 -910036
538398 235890
340409 -1082
724894 158596
76706 161761
-715759 327725
-720418 -727289
-715856 570911
736227 955865
350416 -532609
-153424 -34683
578456 -53890
-445811 -360128
348790 719773
-357313 23160
-631102 -666855
-773485 -810296
243549 394234
-319675 -210175
-130078 -89220
-280483 632369
108338 -79517
892098 -762559
-267786 442315
515101 -647951
-299671 863725
194865 -155750
546550 471050
-212676 114875
-316071 526312
687516 906624
481367 -368129
831868 -265845
-514025 287148
-744176 -957251
-217132 -252823
-54050 -834460
14564 -37852
677958 831542
718470 -749061
662349 -305904
-369966 -173972
-683456 149561
-740696 427759
511197 -87208
-39342 -836349
266971 783444
279207 -770380
-216593 756876
-190883 -543044
108043 128177
-55912 825167
468478 775571
-743154 253859
911403 -899180
-461275 924366
924965 -735445
-58468 493975
736624 110176
-50088 939139
103401 -755965
415722 588388
326165 -674994
15308 274607
343234 71358
-418187 187803
-804794 -429698
-957412 89395
-94386 494058
71308 302339
233135 507400
88742 -580383
175719 -732962
-92786 -47303
-313880 789631
-853086 -649092
-750574 -883896
122494 -198814
-892170 -271246
980171 -183022
-497508 -107676
335245 -157222
-649913 34378
990094 -838922
528797 28520
623688 500800
712330 339737
333362 743393
188091 -960766
-462289 830012
580653 414973
127005 -464021
-669777 13403
-50001 752140
-227215 915197
-512694 256697
-119108 -631766
-735222 76482
32433 -759610
700877 -255297
445780 343494
560038 -143066
-964911 -739271
880230 -486881
-320971 745303
-460117 795620
168527 954993
-401529 695104
402823 -626911
-245927 876013
-486707 -117746
673405 -611276
962044 889722
-885028 -92047
410216 1386
701198 656592
-781883 -248487
-567609 -484585
-690093 35439
981786 -655105
86950 997789
147617 -892755
169688 130450
480569 -116921
801159 -997997
-649033 609673
418309 -590626
-8638 293011
-416734 534220
586985 -35245
-337615 776282
-897248 -313612
238725 290982
-304196 969493
214324 93403
-95786 -819797
-61344 -471813
-67522 -477382
232578 -314552
163422 505642
706470 -988695
-40192 191289
-263356 750783
535580 -35385
565085 15411
340423 99903
-992694 -80883
899512 -870541
-964301 468625
245291 -873872
-145582 583779
518986 -969267
-939770 506607
571178 569167
-581213 -907551
-913133 -297816
-654407 543493
26059 767752
-853443 -36259
-196330 768998
27418 -598415
-456406 256479
126725 -183502
-953626 537757
-758570 -427813
-80767 -471526
408967 694008
-646924 585054
402071 542573
-636722 778589
670894 -47979
393777 788127
-79623 541698
886378 754170
-626550 881793
771600 833942
995555 -542501
733262 943257
22389 -335616
-359871 826463
417440 316825
-329857 71703
315175 -748253
908649 550061
-488182 884824
-139167 -146342
174581 -233775
164785 -12312
426873 771022
888553 518493
-867854 -513455
-395165 -358545
-865523 252457
-529437 -822095
363391 -350292
76885 897308
180493 -555146
-95740 462266
-179329 -122579
924156 -337158
764819 632591
-957588 -585523
912085 816166
741942 158194
498016 -890957
953035 131864
881910 375475
369166 90528
67034 506992
676967 679638
943525 -389157
-6962 -873563
748677 94362
-42932 405940
-401127 339124
-952293 545814
787370 578945
-863106 168394
896287 747583
361462 -918187
-109747 -729241
-924298 -122330
-758835 256158
-101815 -721154
863598 259177
760737 -181847
548633 383233
279565 966754
-213600 -797928
201566 641195
-810420 -843998
-322537 -130305
401968 243939
780789 237419
-691262 891569
-712871 -599322
300379 -799487
745599 -397180
-952546 489551
599204 -278888
-232404 -974552
267973 297666
538910 -361019
-472350 490755
316253 923607
-343250 -175610
-220122 981439
278621 -479324
984520 -256960
-69605 365695
-230664 658848
243881 359274
502771 453619
-22834 -709431
-52575 -35469
157882 347582
460984 2797
494959 -576996
-613846 637304
-655490 -494917
522043 -576720
-293918 767080
412372 -473435
-7923 -72467
247374 -153591
-367438 -944151
-724716 667148
-244255 -888121
-910890 -255260
503207 108075
685878 -116169
716443 570852
747394 -353568
-833306 758835
-562487 -731990
176141 196745
397016 824118
-88399 -902186
648837 -628329
-205542 -334078
147479 799900
588151 345425
660420 -525698
-883031 -281966
816834 -745276
708612 211735
-107101 300053
-694918 551524
-492348 386818
949585 -6092
-233452 906003
848834 -56628
283150 -725862
-486306 413856
872457 -459736
-224586 -121205
529526 464932
-544141 172218
378459 277245
165893 377692
508303 477183
-166696 -427135
294833 -387717
125743 241225
-730515 -603258
511831 147376
675587 -970775
-5134 -215823
662300 585121
157571 -670484
-482825 -410620
-357478 875045
24324 -980370
787457 661991
-412879 508679
778726 790820
874398 -478417
296697 -622855
-466835 452131
753131 72365
444443 192458
346960 -658820
690216 835583
-16831 -418332
870705 -873519
987004 403769
187947 171258
-154429 -282773
-879318 -488479
-532697 909038
694840 164103
103201 -244564
722882 595525
-229822 252883
884164 -955901
423647 -102939
-503077 -190729
-520913 -193773
44577 -640609
938893 -130231
-941723 -178975
-545210 410549
-365945 101083
709190 -739604
766837 -717583
953166 533402
349122 296921
223552 37501
510710 897724
10391 -703887
-731238 769336
-49215 -634633
-288015 758635
105157 -84708
-37644 771468
80226 -111037
-994470 719285
709617 482182
-700988 562560
590268 860488
251173 560509
-78661 925249
636491 626755
923306 -961126
-828126 714181
96029 -499416
-411020 -921978
745713 -355666
300434 582523
241899 -84206
59228 -707619
-527495 817093
342301 -53409
294112 -699195
-440329 -825555
-749430 566745
221435 -622113
-693619 325136
-56331 -294531
-589834 766969
-911560 -514141
-988710 719613
824445 779414
865687 346086
-216623 332603
741704 -328570
341916 654247
-34313 421155
-590504 -813928
-396275 146517
585053 579538
546316 332687
-614113 351408
-218250 -364246
241447 718961
-227860 -951619
-384624 -667872
-249717 -35180
-254321 51237
-545805 863909
369310 998643
292394 -844860
713316 -119168
-764536 870334
805436 89150
683287 -278831
-885986 389422
432949 687411
-179528 911923
577750 -54169
207909 -958156
225905 -81731
-883946 -81088
-917025 -360353
252966 90585
-397673 -766292
-455685 -614288
463766 -914905
-545058 -658416
-269169 -81082
67530 400096
-449953 -57801
-482310 901865
-938488 829276
-172195 -816067
-208609 791871
-943804 703753
-233620 -171702
177240 582020
891924 -972107
168482 -129053
-20456 142006
-992435 187955
801772 302489
-629848 -430725
-621891 -122586
-765623 12758
-175345 -444395
-446896 -613534
-804948 -154856
-182437 58717
250956 432555
-847500 -533605
136895 -903846
-131560 -85840
72938 -400793
440710 -145331
-723400 -142828
-46787 -333607
927710 -458674
638310 216367
794253 -92308
384941 844046
-132719 -535635
-385565 -972045
-548079 -162777
-178327 -953626
67461 -327643
-204392 513464
-497817 -173681
-849746 443816
880323 -95579
842933 -137479
368275 -312519
243559 -6081
-921796 680603
609226 -382049
-124227 -309700
-533956 800024
389797 -670290
-132901 385960
-33010 -869389
499215 -481159
137067 -789616
-497492 142586
-744583 -23978
-483761 -438385
-740827 -556491
50343 -573450
125124 673875
-797993 -733897
569794 -730460
642459 -631445
-501038 -606883
-656604 620619
-825609 -530962
-386032 -766026
-341567 -41753
-166382 736748
825140 494971
379972 -649062
334697 991492
-249113 86921
-969997 983188
552778 307257
-470262 -536000
-248237 81445
978294 -785533
-685949 -35995
-734792 624281
375038 -595976
545116 -34161
-209751 733762
123054 -666433
117399 -334988
-74747 -344829
-563992 273133
81390 700581
-844533 168737
-239581 1829
-731262 -263459
-965403 -182707
380497 -452155
-452288 -335665
312920 850323
-825725 386877
48923 -285759
-359625 161857
-918104 222446
-860935 995074
-38952 -251612
164643 -530566
952969 686267
590043 -749742
154864 599129
102850 -309409
339823 -220528
23719 -697202
217786 105113
-556299 -246888
552647 789356
377817 738280
-770254 281810
283963 -885618
314053 -662815
-852090 487981
-639005 -481873
-811104 -835463
-341297 -770918
996592 129095
-46599 -527919
-77192 266603
659289 762344
-152461 80564
-474437 64039
-253545 179640
-543123 -939777
-677103 259754
20159 -877764
960633 612869
598399 475008
737569 -203108
563513 373215
454940 807882
628846 -228877
-404670 693853
747639 -851430
328748 -59708
339149 959943
953921 -616404
-947499 -365696
-24241 -355942
-822660 -184489
614407 508299
629471 286416
-422298 925215
-401370 -565144
260793 -116925
218946 -858341
914434 -249249
849483 -686624
606113 -707187
512010 737688
816436 683254
111520 -105032
871540 -524156
8850 571927
-322823 987747
-227225 367935
-44288 -864736
-234323 638369
-600991 96097
328081 461927
550426 930444
-207115 -361564
723311 537536
8776 -824271
-574426 134668
352460 143762
50076 649433
-84370 402426
167734 737817
-724301 -289497
-522269 532606
92294 818601
150469 716495
263437 -82621
-564933 -791358
-22794 501492
519950 -135914
-772759 529612
22548 -154334
586101 -48244
401502 -430367
559874 -57676
823843 -913912
364599 900070
-916982 -258396
79054 563255
68548 568624
756537 -872201
-393864 400192
-275764 -778917
498040 972495
727146 512775
567197 821786
509644 -556561
-772507 603322
-638221 -220671
-51604 323385
860705 -144488
726601 -957271
-473418 -833919
984637 512508
-837241 -912634
-101186 653463
-3121 302740
-491879 -651258
703022 -253647
-245107 -356242
674417 998754
376047 -550057
788276 147172
-788650 693398
743730 -545076
635125 -145710
-142634 456786
-405362 -408731
-989356 149148
-894323 182538
495554 753846
-99126 13550
-409289 -769569
-618202 -576969
-552134 40957
279390 178781
73027 271783
208850 690573
855901 -454031
-106719 -586026
-903337 -794813
-187899 -983197
-919768 -410012
-971909 853051
266391 156343
-511849 862593
300710 -56114
106906 760711
-319361 154680
139814 -586004
-566888 135465
672315 280703
-188908 577760
-994751 318020
788452 579284
5188 -139800
154196 189791
-619411 594481
-5428 -301795
-648987 -945109
486822 507406
501787 -875910
524666 782565
-464895 691376
-666650 419792
-976463 613524
-373704 -283664
-541753 -749424
-438057 -334624
-416780 -423670
71802 957938
575470 299296
561588 -754270
164615 721922
69635 632686
-920684 233989
8647 -996359
628371 -368429
143288 720593
-220890 -900907
-666965 -265824
845327 -155944
369690 -272188
-817724 -290879
-122696 -973581
-874124 -521848
-915375 587372
-727142 -585376
339569 824374
721058 791688
954586 274172
556502 38927
75828 -338492
-392227 288127
-749496 132409
-937652 -140561
-443501 -86450
128164 761285
595011 -301316
-577226 -554445
921850 796358
-356306 -69335
749179 -290516
18808 179618
960559 -646993
-781817 317335
-314801 661891
935740 518701
638753 -566041
20471 -24980
-845016 -726129
850986 -246621
157512 426665
68527 -955309
-320548 -771237
-323533 172645
473911 -546195
35928 -598781
428911 -162894
997934 -745557
365181 -56930
-100041 -841293
-253468 873593
-672567 -719365
-755216 -790087
316486 -487047
592732 462022
-404538 632650
-238504 -661975
-974533 -815347
-445594 -500633
488113 167035
312666 11438
23678 -733717
-667319 -868701
-879394 -315001
-953972 -975660
-167283 -461719
470304 403996
-100768 -561727
-662923 523235
-989043 743347
942305 35805
716081 49448
-626735 955536
862792 687247
20604 -673318
-186776 -197729
-669834 -418204
393053 226370
-164835 113670
-826560 -902904
-219917 374039
577252 429794
826831 439163
597360 -859249
630604 -833711
-402631 -52528
-167973 -179707
563767 -318256
144100 567106
75516 -523892
970683 -701121
627738 327893
933191 912346
-279379 -291414
745260 897709
-584185 -764839
976581 95044
816998 115062
466531 -527479
41695 -814832
735326 -237826
-566277 862512
-981116 279076
834534 -838777
566860 -831774
94878 -83787
-72024 398555
938880 343370
-459811 -159465
-227294 -983040
166469 106789
-54190 116843
475153 158776
1657 262380
-987092 253010
581757 -999784
-417119 -399619
70947 717199
-572324 83049
-910546 -331339
-125720 647712
237002 -964668
180601 -810635
-706022 -237297
23072 19666
-381844 -541843
-591053 955095
-767743 -603756
97409 -849656
730760 -64148
-415653 529681
-548815 297679
357257 -520604
90488 -384880
930216 367446
-250229 297636
-296064 -313383
-854601 614943
475730 -118158
-341388 633096
-277029 176737
-84729 -762588
-338856 -366680
-706264 -957062
-532082 713068
712239 177495
186516 907920
957835 570766
-16455 106468
-218631 263057
774924 345132
-74513 678707
881365 726675
400949 -119458
771851 -12783
-759215 431555
303001 281102
-86598 808240
847678 -489018
-86506 -319904
79706 724414
-105720 89017
446004 -618707
-763820 -225945
674955 -721336
74877 702777
-397002 -699371
801011 760361
967832 604738
304397 558769
-109986 -88724
762603 -253037
-978276 -701708
-429314 29036
863637 25562
601540 455035
-258205 491397
158772 153519
190840 326698
588394 758207
728482 934334
577044 -119768
671413 342068
-422925 -159967
-814015 122628
-474682 827909
815401 309815
-680184 820874
-779500 327122
-292506 217806
-700775 -850830
363093 -901321
-528979 537488
-420003 -385359
-312469 -326198
-117406 -657080
-252118 -347569
786610 641674
845915 -896995
-357898 -69451
-417053 781917
708474 676399
374947 -599105
-740763 -859082
735273 437234
660829 -448673
928398 -869321
546772 -927432
244330 -94484
-111797 68644
837908 -302600
-183838 988026
32194 338128
293686 -674028
-523188 656196
-785821 232602
280908 -554964
48523 -204157
470949 908677
773487 2847
-318867 140641
-789573 -697169
-976759 905154
857554 335023
236961 -306745
-225592 982019
942547 121736
29316 750118
977480 853624
-71817 -766916
105102 956353
185311 -725111
339311 -439389
964770 39992
-555716 865020
803977 -639960
588333 -664878
946985 -264053
-509386 981575
18731 -294421
675946 -176746
112913 -811333
193910 631772
763629 -355253
530306 801867
-645077 -663846
127437 306479
-646725 737228
-80974 999554
396694 -579832
497970 261966
420500 184346
266256 -828753
-278332 -595962
-630588 -610065
542006 19188
896527 -742112
59668 575284
134853 -51833
798099 -195428
-558468 172940
693404 798025
-858269 -162948
769002 -586202
666724 -991110
768719 831834
-965745 -914630
-201580 139205
648275 -220518
-479925 -956856
241528 453819
-846021 213965
442150 -378023
745816 226117
731920 914429
-333804 67293
900267 -775934
-272057 -271423
124594 -568025
65343 683076
-230215 462113
125898 681687
347645 -979875
-631648 564965
-48039 -702811
-623970 165742
179151 234343
479542 -194591
775176 -408655
917343 -861294
429463 509117
881177 -808101
722891 -715940
-738112 581266
984723 26090
-251734 -859834
78970 654772
-188146 -502942
990427 -986557
27437 686148
-954010 36339
977972 -516376
-525022 -976959
245093 606961
961266 -230227
114500 -798809
-6216 228390
290225 -628097
-884609 -927736
-766692 -483912
499636 -150648
438184 456777
-299188 -374629
389036 -524118
639262 -674681
736317 -825011
-288473 724431
-59550 -394783
346167 -779004
967881 -755696
-992584 413862
906513 288925
742499 770270
538824 979318
-982885 -525738
281157 763562
-562758 -781466
549841 -832256
-947194 -143464
-118411 -507736
182369 300955
-835377 685968
169482 -373524
80130 -915988
864156 -112096
509087 974054
-128693 548595
-733345 -388881
-62625 -881107
-34239 940027
-780201 -419952
-734244 360373
-428420 415754
800252 933873
998978 140234
-40619 -233099
748795 -806956
-107858 845850
-21179 685007
-151185 311900
534676 -510887
860788 102291
146859 524159
163858 805718
645386 -831948
218347 373197
48883 257731
269191 807011
511354 -430858
-611356 -830859
-225512 -959337
211823 -133216
-162982 -331026
670270 405177
-329079 -608763
534785 715484
135451 -192374
743543 704106
334841 -753812
-978679 148869
-420801 763556
66437 -117618
-892714 -230497
610149 -332221
572884 572046
843385 9822
-715211 -448631
827963 412346
831348 316658
-594681 -356229
598065 582124
724690 -209149
